555
547
340
570
210
353
526
34
695
82
521
289
313
122
203
106
219
472
599
312
460
91
456
184
531
113
319
35
285
277
182
587
114
137
63
294
440
610
696
373
482
664
3
320
651
196
225
477
387
633
39
496
13
250
683
160
247
144
334
478
368
596
357
556
5
110
109
237
682
601
201
686
44
428
648
706
226
350
637
390
486
169
466
189
527
723
166
264
11
245
537
188
565
148
96
627
267
207
265
374
32
635
511
262
181
49
517
323
413
215
435
251
321
97
107
25
9
480
529
701
76
455
197
491
260
672
592
377
282
654
133
708
454
588
279
150
468
602
266
563
56
487
571
613
703
408
475
69
580
434
345
716
668
222
568
154
543
146
469
163
713
376
692
93
256
162
391
20
639
493
308
715
87
111
590
705
432
389
119
298
598
183
206
694
309
471
485
540
216
343
502
141
614
85
410
550
513
520
677
129
392
417
104
399
577
259
351
506
300
332
10
498
293
45
367
108
120
611
303
415
236
644
53
515
500
581
661
200
549
576
393
117
143
79
458
231
691
593
274
369
600
161
403
674
138
173
23
213
145
204
218
198
241
667
626
352
186
74
564
156
52
15
152
690
83
90
424
276
687
51
388
681
284
21
335
27
165
131
42
30
538
202
223
40
452
426
419
507
121
583
409
123
19
62
7
465
431
235
446
310
386
634
238
240
217
641
525
290
655
71
675
685
539
585
168
176
263
50
287
0
339
232
136
481
422
554
31
535
649
643
360
405
524
157
94
61
700
253
447
366
307
449
101
659
205
569
632
149
561
401
67
328
488
375
325
404
359
105
721
638
54
707
597
509
180
720
666
80
2
396
286
679
719
338
636
663
514
484
457
60
582
546
329
29
342
317
542
724
28
58
41
88
712
495
670
155
676
261
642
523
228
362
620
36
704
212
476
657
604
519
125
380
195
420
135
55
553
151
246
628
572
38
281
187
244
671
606
516
164
268
84
383
171
544
304
233
305
365
318
330
234
291
57
115
433
355
296
344
270
341
130
33
630
623
248
337
699
412
348
1
489
358
297
394
175
612
678
140
459
518
273
59
249
559
271
402
142
423
278
361
474
384
315
470
450
669
295
322
174
479
463
385
567
662
605
124
134
242
127
227
718
22
494
566
112
652
126
631
336
47
609
444
684
43
717
406
603
75
578
501
179
128
640
560
81
8
438
503
534
562
499
255
229
584
711
191
12
616
209
331
688
414
132
153
714
617
461
16
301
430
4
437
619
100
372
239
508
398
333
170
185
441
451
492
579
70
528
257
252
243
618
280
18
99
653
193
98
327
497
6
448
646
702
621
442
190
177
159
586
314
541
650
421
673
689
505
490
416
647
14
429
658
378
608
118
167
418
147
624
65
443
558
73
158
77
324
594
453
299
26
473
72
575
660
89
364
92
436
530
510
346
622
532
48
400
86
697
629
370
95
254
522
24
680
288
693
292
302
557
722
258
445
192
139
230
504
178
545
439
326
462
199
381
272
464
37
194
397
536
645
269
172
483
354
551
363
116
411
208
68
574
573
283
552
382
467
625
548
407
220
595
311
306
615
356
512
656
710
211
17
698
709
665
379
103
347
78
214
46
316
425
589
102
427
64
533
224
371
591
395
221
66
607
275
349
