5452
814
1758
6763
1434
4151
7439
3141
7221
6186
4005
6930
49
4970
1122
3379
5555
4384
6025
1060
5510
406
1482
1296
5910
3541
7645
2463
6596
3964
5604
2183
2440
1784
41
3502
6703
6719
4174
2003
7216
5384
7335
2356
4966
1304
3868
3093
5431
4557
2192
1418
7529
6157
4522
4123
5929
2703
1885
7464
1237
2850
3016
5058
4774
478
5589
5302
6138
5563
606
6618
4854
2250
5948
5380
4476
5949
1854
6875
1950
4666
1240
4772
1586
4741
6509
5765
3805
3684
2487
966
5002
891
1720
5841
6302
4007
6956
6689
243
6104
2254
4399
2070
900
3146
7247
1594
265
4462
5432
5791
5269
6840
6781
3696
7180
1540
1815
2244
4219
485
553
1665
3189
2883
1972
5319
3361
225
7099
3974
5655
543
6845
3411
4189
7029
5787
7626
2712
7506
3792
1479
2789
7410
2243
722
4448
4468
3278
6232
2291
147
1818
3517
674
5426
7063
4816
650
3931
7164
3372
5345
1500
1180
702
5620
2805
3150
1729
2869
6155
3176
310
5326
5902
180
1627
4770
5909
4325
1287
3587
5155
1522
2774
1466
5057
1435
4588
2029
6721
5191
1546
768
3578
6907
7114
1212
1862
2904
2446
2052
6786
752
3942
1957
3689
7621
6092
3000
6901
6255
5659
335
5725
283
2380
5562
6906
7104
7153
3139
4674
1108
5282
5514
3572
4268
367
4982
6593
2239
6498
4379
2157
4679
639
6976
6211
4707
5070
3045
1328
2716
2492
4464
1981
7167
2889
2537
1765
1150
3463
1861
7658
6043
5248
146
6824
4867
3309
4434
3178
1524
764
1971
4828
1803
3979
4453
7389
3765
7686
1464
6095
6234
5368
4008
3513
247
6658
1797
4335
6873
1776
7171
3284
1253
5827
1935
7521
5792
4075
4662
1865
2065
5766
7690
1520
2370
5945
7048
3038
4474
4088
3366
576
236
47
3488
2221
6071
3870
2863
5993
6239
7249
2545
6048
4771
2488
3469
2112
6674
1371
3207
4096
4078
5220
1294
6331
1124
2705
5717
4884
4355
4794
1152
6011
3955
7191
2841
2223
5876
7569
6226
4702
7635
373
5097
4762
3103
7483
5059
6667
1694
2276
2498
3349
4183
1298
7475
4393
6531
2302
419
252
1901
1652
4141
1119
6594
3852
778
5543
673
7262
824
5038
6272
3125
654
2799
3932
5535
5899
7157
6431
2312
524
93
6455
5213
4890
2304
5400
6320
5573
4065
1015
173
4517
6037
2258
2191
597
4244
7072
2784
3224
2253
2530
2665
7452
5252
6141
994
6691
3943
3787
3220
181
5196
1889
3476
6680
7349
4116
3584
2913
4031
7625
378
4956
1384
2770
5162
907
2319
7298
3849
61
2164
7196
6848
2916
7331
2609
3401
3887
6342
5473
3272
5986
7347
5292
1667
4067
1255
671
6262
5760
5783
4967
1739
2524
5096
5614
7276
3819
4148
662
4106
1994
2376
703
786
5461
915
3081
6146
1003
3456
7426
1096
5550
1044
1670
4231
2956
1825
1179
649
5674
7484
6224
6384
7304
7181
450
4531
3900
4180
7373
2460
4990
1796
4955
4665
1566
6799
5645
4297
6904
4241
5154
7215
6172
5775
3875
1982
1894
7544
2133
1070
4605
4953
7025
7116
5763
2028
4551
195
6730
1314
7126
3471
6223
4691
74
7269
1787
3034
6230
2627
7023
3933
2346
2582
766
4592
4886
6184
4659
2013
4781
3342
3691
1673
1235
2886
470
6908
7283
1245
1607
4202
2383
3136
461
6058
6026
5216
6334
6761
5997
168
269
4620
6120
7667
4279
1260
3772
2849
5054
5232
2855
1458
6540
1697
5463
4288
2624
7656
751
6330
6828
7326
6859
467
7478
6260
1663
1772
4411
308
1192
149
6418
7209
2566
850
6830
3006
2922
64
6086
2813
5094
4779
3617
3786
4617
4156
4466
4272
2056
5093
1121
7417
3521
389
620
6886
6327
4729
179
6611
4300
951
3184
3380
2245
4616
554
5640
7228
5090
506
111
6610
2311
1455
4357
7382
6921
6716
442
2167
4823
5
6708
1664
7492
4951
5833
3183
4383
6749
5467
2797
7233
495
727
1735
5634
4843
1552
5812
4501
4077
1136
5247
6545
3439
6387
2699
4092
2450
6599
66
3699
876
2106
1103
4248
4159
3719
2801
3594
2662
4006
7275
2308
4791
575
5169
4001
6235
1716
4177
3287
4284
7657
3604
1635
6648
3791
5166
7646
6438
829
4035
7271
2427
2401
6700
1968
5132
2009
5691
1444
1761
2522
4283
1888
4470
5305
5979
1904
5672
6720
2423
4649
4046
4455
7190
4876
3620
680
6031
4657
3549
848
2178
781
97
5731
3494
7432
6252
1141
4313
5151
1575
1688
5817
4405
3466
3477
2417
2004
990
6074
5732
3157
1175
4806
3145
617
610
4273
3177
171
161
5160
338
4132
292
1429
6817
6061
657
2474
885
2718
5622
435
5290
6408
2229
5726
2698
3373
6355
5092
7678
6290
3051
6533
500
5181
1827
2139
7284
2130
1488
3544
2575
5200
3240
2779
7587
4690
2940
4278
6549
7405
6974
7095
3017
3367
2550
5932
1874
5971
3210
7189
1678
3904
3998
4941
5243
1633
5381
280
1100
77
3467
228
2144
672
2961
3776
4905
5532
1477
5401
5577
941
2734
1657
953
5512
2190
2107
3746
6185
4451
6746
7111
5568
1606
5603
2219
3234
6629
423
1340
6222
3822
331
4611
2198
5257
6354
7229
223
2950
4218
2661
5985
2608
1197
5138
3834
7636
2168
1461
3866
1713
6569
2693
4935
2812
5698
3376
7110
7037
76
4193
1610
6510
3250
5436
546
7273
7344
1416
2820
5826
5706
5522
6872
5215
3065
568
5313
6972
6091
7683
4103
383
7655
4911
2578
2968
6173
5231
5365
4858
1159
3132
6503
4514
2431
5457
2695
6737
663
585
7383
3649
2690
3762
5104
849
318
7186
1775
7638
5245
353
6998
3768
3217
2532
6508
6102
4538
5170
551
1356
4979
7080
489
5207
6707
7022
5965
5239
6601
6940
3352
7008
2933
4874
6229
5411
1005
2326
7035
309
7605
1156
3773
643
632
2888
2972
7495
5449
5825
3273
7162
1710
401
1928
4391
2878
1838
1188
1246
3179
6295
5846
6876
3923
1293
3753
1541
4381
2354
1868
6664
1550
3032
397
3749
749
5559
7409
6771
3623
5226
6499
4984
5150
3739
3501
4722
4026
6739
295
4863
1882
2140
6365
3794
947
1367
830
3181
4687
5284
6178
740
4805
251
4298
5944
357
7500
3485
559
4871
899
2848
6714
5668
3571
3302
6013
2349
1086
7070
1605
3701
1738
1696
6126
6534
2551
2
3916
3615
2145
6216
2667
661
5801
345
7226
1440
492
5018
412
414
5337
3667
600
5747
4914
4786
7537
5147
3371
1643
2870
7040
2384
4552
5079
2735
2581
3906
6266
6344
4490
4983
3736
4086
5633
2035
1276
5903
677
2673
2220
3071
2546
4881
997
5192
279
188
3946
4285
999
832
3976
550
7699
4085
2633
7090
4885
6829
7122
3565
361
7509
6879
3035
4162
4128
4169
5222
6154
4586
3343
5578
5046
2284
3654
6067
5829
4012
1676
4993
6464
6228
7522
4276
1930
2754
2210
3293
5318
3014
3212
1029
2103
4683
3166
3262
6311
2455
2231
5996
2915
3740
3452
1291
7497
2207
1756
359
3084
5883
138
2344
5931
2637
1081
5303
2398
426
7462
1369
5687
4396
858
7384
2320
5225
6176
6271
3525
7218
376
3415
1579
2279
3363
3886
7595
2643
7351
711
1806
5714
7539
5723
244
6525
1387
6695
4849
4525
840
779
5526
2092
7701
6701
3648
2306
3531
5963
5849
1800
1841
2723
3588
2032
2394
5352
7618
6382
7042
7688
4211
6346
3247
619
6789
4447
6109
1099
6450
2404
4864
5872
381
799
2632
2613
204
2526
2988
7109
4686
6550
3859
6268
6752
2914
1214
5087
776
589
3777
2860
7105
6241
1551
5758
1536
4441
7245
1158
1690
603
2082
7606
3908
7675
4972
5654
3238
2051
363
5838
6632
7612
1919
3921
2891
7661
7443
1480
4353
11
6341
83
2338
7100
6118
1974
7692
7250
7120
3186
7311
1401
4948
466
1740
1961
3883
7053
1370
5407
5628
4846
6429
888
3133
7362
4032
2343
1620
5310
6536
3742
665
1539
1958
2598
1782
25
4392
7457
970
659
857
7654
6884
7238
1067
3579
5581
1112
983
4986
4963
5115
7015
79
574
2295
5630
4533
526
115
5832
4003
5125
794
5519
2294
2684
3695
2959
1450
698
1744
7398
6065
4562
4394
5969
4002
2420
5772
2989
2873
4107
3704
4330
2415
7197
3641
254
4094
5141
5475
3656
2555
2118
396
471
7163
2189
4639
3214
6516
4459
3830
4703
6057
5417
271
1242
5331
6236
340
6961
939
1353
5588
1089
5800
3173
5682
1349
4593
1683
5917
402
1377
2602
6098
7282
2382
6759
1264
2472
6075
5847
2679
6101
2979
7170
1762
7168
3277
1495
151
5533
7056
3869
1748
938
7559
4814
7346
6740
1258
1583
1842
948
1639
5856
5329
5309
3545
4372
1394
135
29
4584
4221
2787
4127
5425
5874
1208
7297
7555
3080
1421
6348
7061
5579
3430
7563
5941
7600
5710
2516
3082
7381
630
3857
1355
577
3337
4034
6133
1939
6436
1459
4475
847
7149
2694
6821
139
5068
921
4536
2214
6837
4827
1964
88
5193
1013
4105
54
2517
5770
4365
2651
6257
6414
2153
5597
4807
6634
555
2507
4621
261
1263
2023
6285
4583
2642
3767
4354
113
1375
6489
2329
451
351
4633
3894
912
7590
5704
6854
7433
837
1521
896
3264
4339
6863
2833
1053
3312
5599
561
4308
1111
6556
6103
4450
4610
5047
7571
4820
4571
3458
4343
1996
6094
3535
3582
3161
5844
1810
846
2911
145
1821
1109
5205
3679
7041
3554
5435
2935
1182
6053
5102
2831
5172
4423
1636
641
7004
3341
625
106
4257
1559
5388
63
5444
2822
871
5273
4965
213
5121
707
1326
2127
6287
1934
1071
4645
1213
4710
2599
616
7179
89
621
3180
6466
3860
4550
3552
1493
3398
7333
4878
5954
3823
5149
2749
2960
6939
2363
7691
7138
5831
3621
4385
1312
4112
3041
6806
1066
5798
2912
3559
1233
341
2580
4758
22
7115
3191
103
5437
2479
4458
304
706
5393
6702
5194
3386
2800
3382
2791
5952
2328
6733
3547
1172
6778
5074
2832
7150
6555
6600
5804
427
1649
6649
6770
1268
5460
3612
3409
4227
737
1154
6069
3131
6696
3954
853
6279
2731
16
1127
1689
3893
1702
6627
1126
114
845
715
6209
5109
2301
1231
5159
7340
4338
5873
792
4444
315
6841
6363
3718
2573
5081
3261
4232
1647
1828
2154
1728
5346
1327
1659
4495
6782
7083
3246
3499
2946
3930
1925
7414
1147
1271
4115
7124
2839
6046
1080
525
2353
1075
2138
2804
5311
5263
488
3322
1531
3187
6655
644
6064
4079
2777
5490
2949
2892
1777
3592
3590
7244
6183
468
1998
656
6238
3804
493
1893
4235
2736
836
7169
6504
2683
4408
174
5924
5914
7158
2942
2635
420
5627
3665
6442
5091
1922
2539
4509
5361
5878
2483
2717
2357
4804
469
4022
557
2864
1628
5972
2993
6468
1613
2875
648
4530
3306
3392
7038
5003
1767
3514
6494
5177
2022
198
1558
6314
6481
2347
5297
3128
4130
7353
3119
3909
7589
3204
2114
6878
5117
2341
2986
1940
7444
6501
512
3530
5106
6433
7632
6034
5680
2256
4149
5339
1102
6323
3305
796
2342
2388
4624
7685
6477
4766
2408
1811
1503
6179
3231
4723
7052
5794
3666
7203
7379
2249
4376
1484
5583
2257
866
460
7266
6905
4922
4446
1259
1449
4631
7087
385
4258
7223
210
1534
6528
3406
4996
2887
969
1134
7370
1239
4019
5558
3873
3314
3347
6434
4598
4715
1763
4936
483
4795
4976
1622
2548
4345
2936
5539
1000
4488
7427
897
479
5870
1714
6129
5976
6993
2152
5456
7263
710
6518
6769
2097
5123
6351
4484
2955
4250
2505
2012
6483
3527
7195
756
532
2576
5336
3750
826
1834
2197
7532
6124
1104
3329
3672
704
6435
1650
1021
2321
2041
491
5373
1131
272
3126
2350
3895
2976
4513
4457
5234
4618
2020
5868
7336
3350
5146
2451
2604
6838
7615
6785
3318
3254
7556
6068
6306
2186
65
6686
4995
3631
902
1445
2175
5982
7611
2821
5773
46
2055
4606
5110
4836
3884
6197
1056
7214
2494
712
290
531
4314
5022
1168
5560
1023
4291
3474
484
1742
4962
1190
4815
7408
7279
5028
7388
7406
2871
100
1512
3766
1063
2213
1453
4047
2100
6965
1114
3543
2270
1886
2730
6832
4255
7013
4855
2560
533
5201
6637
4883
4367
5958
6539
6870
5164
4626
3711
6200
3223
143
580
6808
6367
5476
6631
2802
5506
4220
7493
5394
3939
6221
3358
1038
3988
564
2101
1881
1311
6753
973
1976
5428
6463
2409
7069
1948
2123
6471
91
59
2819
5293
3497
7310
3817
1130
3856
3725
2570
21
320
6925
2209
6003
4526
1969
1374
1887
3843
3697
3692
7253
5001
1634
1510
5811
5433
6024
7057
5214
6997
5032
2248
350
4738
6190
6397
5549
259
7054
5728
298
7328
4630
2365
474
1872
3443
5364
274
7613
4904
3346
3385
5418
5584
4413
1
51
6087
3917
7198
4643
2978
372
120
7112
124
6029
842
6112
3075
4793
3447
5037
6077
3727
3260
6159
4302
1617
4493
294
4266
4170
700
3744
1318
5561
7288
3435
4483
3809
3232
7177
7566
7421
2261
4906
1247
5227
2664
1795
5440
5851
5669
4663
2310
6687
2630
3639
4727
1703
544
3403
3945
741
4198
4043
4833
1587
5692
2237
1386
1820
4045
127
5060
6385
4838
1745
3257
3106
2045
7700
44
2105
5299
3678
5877
4642
586
788
2897
7695
4119
6308
4656
3828
7005
6457
1018
3989
5145
1243
5034
3353
1515
6237
3182
3846
3511
7222
6447
6571
126
4789
7681
5548
7637
4197
4711
4404
4923
2583
5298
1644
4435
5607
5596
7272
5736
184
3500
3600
3155
2085
1381
5591
5108
4419
1437
4504
5450
5268
6505
4428
5274
1301
441
4877
6259
5753
1618
4615
6948
5069
7024
2057
5950
5504
3562
6278
463
3971
4950
2584
5495
738
5415
2847
4558
1985
1953
2845
3241
5176
908
828
2711
653
2466
3963
6985
1641
3556
2836
4734
3611
1571
4753
1425
1611
3326
3520
6766
2265
4471
6182
2069
1621
5665
1608
7248
262
4559
5486
4847
1568
6522
1532
2264
2806
6916
7301
2616
4083
6758
753
4225
4181
2615
2544
6926
2893
5920
2113
6502
6198
1057
6992
6020
1944
1814
6008
1604
2645
5960
3676
7536
5896
2044
4058
4708
1092
817
5663
6987
2482
2269
7524
3614
4412
263
2203
5845
2628
1295
718
1624
7564
7082
428
2061
5718
2296
6167
4981
1336
3839
5333
4800
5861
6892
5434
3644
2432
4929
1322
5657
1843
6357
3481
4410
2947
440
2721
6602
7440
6401
3980
5866
6301
5157
422
3782
7575
3397
3610
6142
2559
3233
7425
3454
810
7320
1216
3
5382
2453
1582
2706
5953
6220
1439
2053
2666
1332
3330
3690
3581
5223
3163
1372
785
3446
4909
886
5786
3779
683
1442
3820
4896
3907
6050
6210
1076
3601
7487
4229
6467
6645
7043
5752
1157
3024
3108
4131
6305
2116
3056
6675
977
395
1778
2120
5083
2362
7001
3459
2682
5724
4417
2477
4188
3040
6063
7327
5035
717
3400
7178
6119
7133
366
2595
6989
3732
6480
3431
7664
4818
1660
4415
3888
7395
812
5061
987
121
1528
7513
4104
4348
6441
5088
7060
7293
5788
629
1446
1433
7514
4311
6944
4747
5987
5254
3048
1019
5713
6883
3357
2206
1855
2307
3102
5362
7562
1050
1224
6862
3874
4511
329
6424
3255
3057
7573
5235
3011
322
982
4264
1329
6105
590
6213
6882
6996
1008
5662
7160
3044
6595
7242
6684
6030
3340
6616
70
808
1504
2752
3659
1043
3778
5242
301
7316
4373
1457
7356
3664
1234
4275
1280
7103
7682
3279
5080
7146
3036
998
6988
4344
2491
5409
4655
771
5781
4320
5256
7305
5918
7107
5423
5067
1052
7659
4205
7011
4661
3387
541
125
3052
5907
4013
6683
7413
2984
6964
4752
4000
362
4233
2076
379
1732
964
1123
7338
5491
4406
4887
3319
3396
2520
4326
2741
7644
3643
7285
1747
4777
2744
6589
4908
6867
5062
7422
4516
3436
636
343
2332
1661
7332
5693
6663
7147
1880
6517
7000
4290
7393
3910
6614
7071
7583
4452
3158
1404
1016
2895
413
6353
4175
2242
7294
6963
4160
1204
821
5445
7687
708
4395
2512
6269
5815
4632
116
895
5188
5807
2099
2290
6018
3586
2377
7579
5502
3360
7075
1382
3211
5521
245
6170
3441
2447
2121
7586
4113
3292
1323
7172
6078
1362
3844
6328
6635
7541
3399
3033
6765
2725
5472
4510
3213
3567
1286
3437
7527
2709
6475
7193
6304
2785
4560
4014
5513
2647
1656
5153
7704
4670
3007
7471
4321
2999
2351
3951
6895
5915
417
134
2179
3090
1598
6902
7390
4660
3634
3440
5338
2966
4152
19
7494
3509
164
5076
6779
2459
2226
7585
5427
5386
3344
1977
4224
5764
2374
3815
4469
7289
2110
3760
370
4500
5186
2373
7012
4664
53
7652
3796
2448
3577
6413
7474
6006
7702
436
6082
85
3300
5255
5356
4985
3404
5810
1529
6917
1139
1508
3468
5098
4184
5834
2108
1090
32
1010
7498
35
496
7602
5210
5006
2166
5406
5378
2425
7219
5262
3226
5211
1083
5009
2597
4010
7553
6199
5523
3339
2872
5358
4689
2234
6002
1177
940
5140
6622
5515
7577
4841
5696
2713
7136
4910
2361
7542
5004
2867
695
3920
7217
6111
2606
2093
5471
3838
3548
2750
1600
5959
5320
36
2808
1723
5921
154
2426
358
3193
1959
6801
4797
4675
5796
4401
2902
861
4056
5879
4546
3010
5703
3013
3707
6016
2525
841
2316
4252
319
6486
6040
1393
3878
4143
593
7202
160
71
2019
1543
6738
501
1845
4991
4784
3276
5089
2149
3144
2729
270
7185
2098
323
7696
5695
311
1249
833
1509
3669
1200
3847
5142
3364
5447
4532
3020
5171
1726
2636
7315
5734
4144
98
2866
4114
4336
5664
980
1991
6532
1727
4502
7617
2493
1983
4071
4282
646
2298
6399
6445
3147
1225
628
1138
839
2330
2590
2015
1999
443
1202
1046
1178
2610
6496
3626
86
3990
3638
4992
7176
3266
3606
4783
1378
1506
6717
721
1068
2352
4748
3042
565
226
1392
1297
4719
2465
5120
1135
6033
2078
7455
6123
3077
1337
3332
4958
2646
6640
4745
6430
5334
2857
6581
3005
2355
6952
1256
4066
5981
6757
928
4613
5353
3759
4957
2917
7033
7091
2439
5465
6885
7491
2656
1379
2043
4737
2018
1967
4037
1980
2309
5237
1602
974
2337
3863
6849
6685
3120
1196
1403
5673
2281
2368
6151
6827
2165
1415
3083
3607
1211
6603
2571
1645
2807
3230
6193
7360
3004
4572
7161
399
2392
2944
7364
682
2992
3504
4137
4942
2143
1519
2775
432
6410
1812
1065
7045
2533
4837
4853
264
2224
5442
831
2920
6575
856
178
2925
3253
1823
6166
3244
6093
5898
2364
5955
1625
2205
5813
6959
4927
1137
5480
579
6444
2541
6096
2486
1473
3751
6792
1194
5412
6403
681
507
3825
1405
2700
3134
4356
1325
7030
1037
5283
6294
1603
6313
2862
5777
1061
3351
913
3724
936
3652
3092
7446
6458
6322
7028
1039
7156
804
2927
1292
3681
6568
2720
5133
5103
3310
4430
2046
4443
4556
5785
2386
4765
4243
7454
1262
3109
1282
1002
7128
2810
5014
3708
8
43
2509
3159
3533
522
1347
1891
2572
5451
6776
3913
3703
4869
2499
4625
5647
1289
4799
4780
882
5613
5496
4518
3031
2691
6736
3259
6565
6004
1012
6319
5937
1101
2977
4809
15
1749
6406
514
3151
946
3311
5623
3503
4110
2588
1125
5487
5574
4578
2908
4305
2054
4695
2611
2434
6623
4172
6654
6194
7207
911
6258
3831
7260
230
1687
4539
5925
7225
4576
1221
4763
6443
5745
2903
4895
4390
7031
2900
3892
2535
3986
7194
2027
5335
7633
1148
6894
645
2823
4333
855
6538
3937
578
6519
4654
6978
7641
6970
6578
7300
5195
2340
3095
1802
5071
6428
3899
5730
473
7461
6834
4767
4696
1368
6373
4166
3323
7473
3190
4445
868
1721
1176
1364
6573
5848
3573
1490
4544
6949
5438
369
521
96
2303
7386
3702
1051
5863
3378
2199
5882
7078
3534
3280
5403
1284
6558
1048
6352
4512
5267
933
206
1929
7689
5681
7341
3741
4946
4124
2150
4943
1436
7614
2540
5218
3538
6497
6045
7706
6337
4574
4238
7058
6459
2419
4418
5540
6979
4802
5007
5024
780
4969
1712
3560
1741
3324
7649
1174
1771
4599
4636
3426
4796
5553
5650
4378
6774
3546
333
3854
3484
4331
1402
3294
7416
6607
6704
3927
4120
4629
5163
94
2038
5021
3308
2277
3568
3935
5390
638
221
1414
3473
314
5906
5039
5508
4934
2002
2159
6650
5264
6977
7592
1987
6317
6524
1321
2137
667
725
5199
676
4775
6954
5700
2429
1988
6606
4212
3880
3558
3143
5011
965
7137
6604
5198
3022
6267
2523
655
207
2182
6693
205
6389
7459
5344
155
7594
5557
1612
5806
890
110
2964
852
7046
6734
7251
2381
6705
6856
1324
6405
5483
3079
6380
2397
5582
2995
4542
5289
4788
1734
2215
7517
2387
5152
1898
2037
131
2252
4407
5759
6299
4920
4386
2469
6168
5871
4587
4360
1035
2985
4570
1572
5609
5642
6147
3059
1699
2358
4845
2593
2411
7540
1878
4731
5667
6780
5468
6617
7064
4725
2315
388
6381
750
153
4442
4242
452
3940
5935
1569
4769
2064
4179
4292
6070
1648
2402
2433
1597
5643
3700
6788
296
7451
5429
6694
238
1343
6726
4099
6338
5923
5884
6880
735
5253
2059
5637
6857
1115
6023
6130
1947
774
3903
5422
7039
4111
956
7086
4859
2607
2235
2954
2001
1460
6922
5167
2485
2095
5956
6912
875
3798
4050
6432
5602
6706
5943
4730
713
5994
4579
3714
6332
3391
6582
4714
1965
4555
5905
3384
7051
69
583
6160
2971
7677
4133
5174
1036
3394
2626
732
3905
2247
349
1232
6148
5328
5342
1165
3407
2702
4004
4234
1629
7192
1489
6409
4492
6214
1769
7205
1017
5128
4648
5396
5085
3738
3591
7402
7237
4706
3304
691
822
1191
6117
6990
4652
2333
6479
3228
7183
1892
4925
2670
3563
3168
827
949
5424
3203
6898
2430
7407
7321
6909
6636
1203
2556
1946
2931
4757
407
5679
759
1498
3712
4553
4894
5534
277
613
2187
7676
4040
898
3236
7330
6825
3299
622
5769
989
2443
2385
3555
3470
4222
3961
4548
253
5410
1966
6329
3412
605
6233
3731
4879
5300
2558
4
7352
2640
1181
7324
4134
3130
7369
1223
6612
5272
2126
1205
240
4118
6670
26
4029
5498
4545
6280
5767
4831
5621
1755
1033
2481
5546
1027
316
2508
2177
5830
3114
4834
527
2171
761
6790
3267
482
6361
3321
5066
4223
5688
7212
6980
3757
3526
6843
1285
6910
7173
3747
3249
3395
476
3227
2924
6349
592
6171
4857
2769
4486
6451
2957
7680
6936
5860
4100
2843
4634
1832
4346
7643
1646
3709
170
3713
4684
2828
2441
4374
5500
2854
1753
4317
1883
5137
246
7460
260
1034
5340
3355
3418
1526
2283
3877
4042
3156
7401
7357
5236
229
30
3295
7208
293
2334
2405
6775
4561
2788
4888
4009
5651
4201
7044
4899
3069
2939
4644
3752
3771
917
4380
7666
3737
5694
5606
1095
448
3829
935
3491
2672
4803
5008
558
807
854
5567
4527
6286
7445
5217
7224
2884
3283
7376
4352
233
4821
2688
3553
692
6583
1024
2983
1565
762
7593
7014
2185
6461
5287
6145
3646
6919
5977
6546
4601
5822
2369
4400
3745
7634
4109
5919
5864
2826
2765
805
5840
6482
5842
742
6347
4382
971
870
6802
5537
1187
189
6672
2909
991
1412
3049
6804
5538
529
4182
2506
7204
1867
5853
7469
1501
4856
5778
7518
6163
1487
789
3925
3726
6678
1430
4154
3984
5479
6047
7139
3784
6292
10
615
6416
3388
1331
4668
4801
5026
431
995
709
4746
3288
992
944
3076
4084
6415
6814
5082
4388
3496
68
3434
7604
634
3763
1533
1774
3416
5805
4262
2147
3602
5509
78
4607
519
7348
7032
2901
3965
4426
6671
7547
3755
904
1799
6750
4756
4903
1760
4901
2102
7597
1128
3094
5885
566
7601
4924
2745
905
6552
2781
5797
1619
2817
2542
5178
3693
3991
517
1305
6360
5819
4581
5527
6826
3205
3949
903
6673
156
1781
2852
3876
4409
5156
3668
6718
3864
4402
6860
6131
2047
6933
2990
1485
4677
2620
1549
2024
4898
4808
2882
5733
666
1400
6688
1978
2136
3286
477
7371
342
867
6017
3335
6630
6164
3983
6204
7598
5033
3444
344
2068
80
3761
2952
5593
7580
3252
6986
2926
4362
4068
4987
7502
4713
20
4960
1426
380
5135
6747
1555
5464
3171
438
5999
961
4811
6484
2764
2096
3408
3911
5587
1201
6125
791
1315
1220
2969
7355
1527
1145
6273
2825
883
5843
2987
6660
6227
4167
2763
5946
679
1454
1107
7588
2478
6136
5408
4918
7698
7481
1931
305
2393
7430
3122
5881
4101
3717
2228
242
6668
2742
6343
1875
4431
5541
3978
734
1254
7526
7129
6158
7199
2115
860
1476
2794
3153
6108
4216
3486
950
4701
5238
5124
3037
3962
6951
5332
7076
1142
3882
7647
4322
1193
1945
4087
694
1472
5554
7671
1859
5595
678
4389
6345
4964
2991
3885
7118
6027
2527
608
6326
1399
1564
6576
6725
3208
6195
364
7281
4575
872
2762
963
2830
5670
5136
4293
3845
1680
1746
5992
3383
1826
326
6247
2437
2495
425
1786
6773
6887
4994
6032
7624
4209
219
3104
5989
6751
7291
6140
2169
3274
1470
6652
5626
6366
1517
1589
5304
6590
5771
6620
5259
4420
2129
3169
945
3073
3523
4157
5565
2274
1962
2008
3867
2538
2569
6521
1161
1310
5893
5127
5722
4350
7591
567
3775
795
2452
3896
1570
3110
6265
918
4682
1359
6169
3196
3235
2475
2049
518
7372
1300
2644
4829
2618
4824
3242
6935
4852
6386
934
5671
2962
291
5230
2011
7003
3478
3070
4187
72
6116
972
6425
560
3269
2737
2490
2780
5306
5837
7009
5389
5697
5161
196
1544
5854
2890
176
844
4176
4568
4494
6478
2623
1791
1269
6597
916
3417
4472
4947
6364
3064
7420
3117
3729
2348
5715
6945
2067
1538
3680
887
6174
1339
2501
6791
4761
7343
4563
7154
618
4773
465
6049
6090
4720
3303
4519
5279
3029
5341
3645
2748
2089
6340
7665
3842
4975
5182
7363
3291
5744
5184
104
599
6134
1626
595
2260
1561
2899
815
371
2564
7325
258
2497
536
7117
4480
107
45
2094
2462
6083
4328
4868
2396
7465
6621
2655
7508
1752
1785
6760
4945
1722
894
2457
1986
3243
2934
2211
3810
6422
3528
2378
7240
2577
6811
497
1171
4692
354
2552
2040
2225
2158
607
6162
6205
5570
6823
5441
6245
2585
1417
6281
4315
6180
556
2148
5179
1385
5684
4627
5852
976
6713
3929
2238
3060
1077
6918
6218
6289
3569
6793
5904
1396
2241
5748
4070
6476
201
6036
3673
2468
7059
929
1844
6303
6923
2086
2360
5900
5020
2345
3898
6642
3482
1432
2596
962
3425
2300
1943
5964
3487
6803
5266
1960
2842
3970
6975
1897
287
2280
2063
60
368
6850
2829
2681
2421
5685
3067
1169
5652
4027
5618
5105
152
5148
7096
4640
818
1908
7572
5605
3336
5399
6839
4153
1317
1380
4204
6877
6473
539
1226
3698
185
6911
5571
2906
7287
642
5228
6638
7077
1499
6022
7002
3209
4059
2111
1022
1431
3121
4206
6417
5499
520
1708
1848
3055
4891
6462
1907
6557
2755
1309
2953
4289
2422
3622
6807
5053
6676
1313
2994
3199
2278
108
7610
148
3393
7365
724
6398
6899
7307
6727
5025
6915
1970
1853
7458
5144
1535
4650
5301
1653
6690
220
4319
3424
7184
5484
4566
1788
4716
1952
3455
7436
3023
3853
3968
5459
437
975
1876
2456
4245
688
6562
4024
5608
3465
355
6009
7303
6950
3160
3948
409
3628
6420
1989
117
3599
1281
239
3657
744
5916
5492
449
1837
4614
3118
1576
7234
4732
4866
6566
7148
2195
2464
4139
2771
1601
2876
1835
2861
7101
38
4742
569
1910
5529
1856
1011
7155
4506
6577
770
4822
487
6359
2489
4210
4726
3710
530
7574
4529
4573
6698
3816
2117
5383
7140
1308
1858
5629
3154
5865
6356
6511
6192
1299
4959
1032
2511
3457
2996
6370
5330
1267
5737
2072
6626
3148
2194
5488
809
2859
1927
4467
2021
3175
5719
3780
7607
4678
4790
105
6052
6563
1869
5699
693
6358
513
7337
2336
5528
5639
4200
4136
7385
6256
1334
3972
1049
6865
4129
6465
4671
337
5936
4718
5281
7106
1899
773
2898
6619
6041
7131
684
3043
4628
5585
7697
880
6742
2554
1819
1731
4203
2297
7102
2184
348
4347
1244
1937
2981
3085
2880
5892
705
5850
1679
2881
421
571
177
2591
2275
2719
7515
7525
1717
5221
3438
2929
347
5261
6942
1718
1719
6900
5276
2589
6994
6653
7259
7252
2173
6368
6263
5973
843
4023
2400
2844
217
2565
4861
5957
1700
2151
7538
7466
720
1847
1849
2391
6264
3540
6014
190
2753
7504
6991
1711
1547
6584
6362
7512
7067
1817
7450
3879
4865
7546
2135
6579
447
1599
3841
2176
3658
1990
5511
4646
2948
4460
7021
6072
3728
4249
5677
4028
2084
6149
7399
4361
4270
1757
2155
7236
1993
5371
5721
454
3219
2390
6815
5895
6277
2601
6982
3748
2701
1658
937
1640
2034
2563
7391
2963
2202
2282
5928
2782
4213
1505
5569
6316
3522
7489
2547
2928
2181
7309
5286
6244
3688
5295
7570
3642
5010
5355
6402
2119
3800
3637
360
6487
324
5307
2614
2163
1391
3781
2005
5875
4247
6966
5129
1463
6969
4366
2980
4020
39
3981
5055
4256
5967
6543
7679
4724
4697
2436
3790
6542
1170
4481
3735
690
1920
1979
7232
1839
6643
112
312
3919
3912
4658
7560
1513
2958
3026
4052
84
5820
4974
3414
2727
924
4608
2790
4215
893
6535
5808
1026
4323
3185
5503
1730
5369
790
5632
1895
2292
1691
3105
187
3427
7557
1829
214
1936
28
2424
1685
2715
5974
2217
596
4271
7201
3201
1879
6388
2359
3389
3629
787
2081
4432
5705
2714
1545
2885
5376
6291
1427
3116
6816
212
906
978
1106
6493
7268
3215
2973
2837
82
1345
6805
3593
7
5044
1330
2146
6088
62
1389
7074
5890
4776
5189
6962
6421
6699
4461
6598
6941
2676
4416
6651
5586
6440
445
4594
2510
7623
6934
3837
6999
2263
2366
1054
4933
4048
2557
2930
6156
2317
2654
5489
3640
3720
1363
3195
6021
3928
3918
5043
3532
2033
3812
1290
7375
6059
2141
1360
1813
3813
747
6984
4537
2461
6282
6114
3450
2407
6947
3164
7415
6310
745
1793
1542
6527
4503
3338
3872
5913
4260
1492
5375
5962
5453
18
2932
2323
194
1706
394
775
5212
4870
4541
1358
6097
1274
1373
797
3021
2659
5036
3464
232
1733
1591
4358
102
2389
1595
5327
6544
2216
968
3570
4274
7165
6106
7705
685
1411
6913
7453
6491
141
2982
7143
2180
3197
5029
2811
1481
5395
158
4482
7581
5455
542
2686
224
6089
7396
211
5175
1448
5158
687
3722
7554
4949
6396
5397
4600
4371
5814
6659
257
157
4913
2048
1097
5666
2658
1560
3111
3135
1909
3663
7258
7085
405
7485
1783
3683
3313
75
967
6005
4902
1807
5202
1926
1497
3237
6298
6847
3890
4893
3947
5615
862
4810
5063
1163
504
3685
3475
197
2907
5625
6296
2314
2428
481
300
2083
2251
48
2918
1900
3670
2406
7243
1794
1160
1808
299
3245
4591
7166
2016
889
2174
3861
3333
5575
3811
1801
6051
4310
27
273
1272
216
952
2287
562
3992
4140
7684
7119
6810
5348
6836
5107
6376
3012
3096
5858
256
5291
4251
6312
926
3078
7374
510
835
3027
3564
2793
4565
5947
7130
1609
7472
1709
5321
7419
5886
4424
5497
23
6567
5204
6553
5742
5795
6960
2919
591
3142
2470
4721
3675
7354
1465
4680
5757
1195
923
1923
1091
3229
5970
1548
7608
1307
2567
1779
5366
1422
480
3674
6744
5377
1863
4497
1850
1556
5824
3730
869
1592
4226
5023
5101
7377
142
7620
1809
3515
511
6728
3066
4150
1055
6866
7568
3001
6127
6196
5325
6732
3616
7543
5048
6853
3662
4253
3140
5711
5350
5224
2549
7084
1419
5045
33
5592
2128
4520
4733
5404
3566
3575
6187
6407
5000
3050
5751
7503
3239
2641
1383
4478
289
4433
1468
3423
3715
2496
2454
6275
3315
6512
825
5190
6967
4604
297
3058
346
3613
4142
5823
7456
7062
2945
7531
2561
3113
1270
4937
2689
4018
1975
3275
5516
2324
128
5653
5934
6851
4011
2773
4694
4813
6107
4944
2776
6219
7270
3493
1494
7239
4309
769
5660
4892
4597
7125
4926
4842
733
3451
3124
5363
2262
3115
6412
2066
979
1082
4165
1020
7488
1941
37
1257
2612
4440
1530
2835
5897
3827
3938
7206
914
3290
2814
7231
1261
3996
4207
6893
4217
5750
6315
3510
5126
3557
215
6054
1954
4736
3461
4980
4340
1896
3368
6881
7274
4025
5012
7066
834
1085
996
6085
3490
4507
7313
1031
3462
12
4673
1580
3561
3068
2680
1516
2071
851
4327
3973
1357
2325
4798
6392
5052
716
2162
1120
5580
4543
4280
3687
6724
6745
5485
4041
4785
5857
7093
7674
1079
2467
5099
13
7501
464
7308
5661
5636
1408
2798
697
3018
1105
3595
1905
3086
3088
6958
3518
3982
4277
5803
922
1207
1851
7640
6015
5095
4930
4168
1902
3806
3799
2997
1471
4498
7230
5443
1973
7334
5505
802
3225
746
386
4873
548
4240
4228
6019
728
3099
1277
3331
4051
1942
6666
2792
5229
6530
3107
6010
5285
4230
7565
4755
2809
3889
2042
4521
6937
1441
2865
6297
6813
3271
552
2652
4080
7098
2073
5392
1873
7423
3529
4125
3200
1333
7545
3677
4778
1410
5690
5027
6254
5494
7476
4422
6625
6378
4057
4178
3268
7265
7368
884
6038
5518
2188
505
1186
5421
7141
5689
5458
3950
6485
1770
2293
4073
1183
5867
7490
1219
3833
90
6995
4236
2445
6591
7017
2827
6426
7650
3074
1028
3480
4685
4508
2868
3682
7668
99
793
1525
136
6537
6300
418
1792
3536
3317
3826
4880
7286
5727
5064
81
2232
7213
5019
5598
6574
6206
4850
6822
6060
5908
4699
2746
3671
1846
1395
7121
7277
2233
2259
3999
2587
2471
7267
6175
7567
4117
5887
5040
783
772
6764
1798
4534
3660
3743
1354
7094
5065
7693
2030
6177
5477
988
4195
1695
1467
4044
4524
4369
3934
3985
1164
2000
5113
5649
5308
765
4438
1229
6973
3788
3433
415
925
3019
2648
4324
5600
2331
7187
3413
6682
336
2438
5075
3263
317
7366
7703
2767
3901
4931
2708
1252
4602
2974
6191
5716
2142
6500
1302
302
3420
34
50
192
95
7549
163
7151
1584
4237
4844
2080
6507
9
429
2605
1078
877
2371
3957
5802
123
1288
3138
7505
5983
1637
4263
3282
1590
3596
4479
122
7694
6212
4825
5249
2965
5372
7292
2838
56
3369
7609
2531
6844
5180
6153
6128
3030
4875
3512
7622
6293
6605
6812
234
5552
3850
7477
3495
6144
2697
1217
4163
1857
2513
6115
668
6309
1072
7486
5370
3091
1773
3046
2696
3062
4830
5250
4429
1129
3334
631
4398
6665
4063
6889
1672
609
6007
1250
4915
387
798
2090
2104
5880
6731
1638
7261
3248
3381
1088
2739
910
1822
7036
2502
6181
6488
2534
3758
5351
6201
4185
6697
670
6203
7092
5754
1348
3025
5233
3977
5611
2622
6099
1283
1518
6
57
7339
4812
5260
6243
6249
3585
3472
453
7296
627
2941
4882
3270
3432
7467
393
129
1577
7127
7175
1390
782
6968
1674
4122
1452
7380
6231
4916
7246
811
7174
4060
6890
3994
42
1915
2639
6374
816
3840
7378
6283
6523
2621
2937
4698
6646
5768
3574
4688
7496
3498
2442
7424
5323
2271
7188
2156
743
162
5469
266
1824
3356
1486
6514
5793
540
5206
6307
6551
268
3966
5130
5244
4595
6495
6423
686
5116
332
985
5005
2757
7511
5683
6139
1693
5675
2313
5316
6783
7210
459
5542
2410
800
1651
3952
5576
7428
2087
2536
5940
2998
1462
5111
5525
3630
6971
5050
3390
1365
689
6395
4436
2772
1014
878
7255
6394
1306
6957
6383
6427
1420
3256
5566
7673
1705
2724
7548
4932
4564
55
1366
2629
7434
2050
6983
6490
4186
6570
4064
3651
4049
5042
2650
3987
4912
5419
4978
2134
4038
200
612
3098
472
1701
3129
6165
3539
4269
2132
5077
101
4334
1924
1692
2818
1581
1553
611
6709
1361
5122
199
2778
1241
4306
1642
6474
1189
7182
306
1438
1140
3686
278
5975
6217
1997
2685
2160
5968
2519
1113
3618
5746
392
1184
1069
3449
3123
2796
5839
3653
5114
5809
4259
434
2272
5912
6938
6520
356
2514
3508
166
1984
3519
1949
5030
3818
6079
6161
2975
3258
1251
2824
5185
6820
1042
1681
6662
4754
1557
7516
5998
3705
1275
7528
1682
1955
2733
6035
1236
7520
4076
1666
3188
285
1388
754
4296
1424
1397
6526
6080
3597
7482
7227
6110
5933
7576
5859
5517
1266
545
758
5712
4743
5439
4921
275
1913
5922
5729
1074
528
6248
3002
623
6657
444
2795
7510
2014
4609
3289
5100
1491
6818
3785
5782
4751
5720
2631
5658
1906
5894
2515
1149
5835
6861
4862
3162
2305
3650
3047
3483
7306
6253
6743
1852
4554
3609
6369
494
1918
7264
2663
3635
5139
5740
433
3202
5314
2816
5930
6722
3298
2413
2017
1840
1406
6692
7065
6559
2853
2201
755
411
1025
6787
132
2236
5173
6113
2877
1338
284
5385
327
2444
863
3428
7411
3915
7322
3152
1350
5466
6448
377
2208
2170
5524
5869
4705
7068
6735
3924
6492
1041
5112
819
424
3605
538
1398
5405
4246
5219
3576
1698
5208
2677
5324
4612
7418
4977
6564
7550
4363
6372
6446
3285
1507
6729
7256
6288
4740
5520
5531
2299
932
3054
6932
3603
3348
5183
4191
475
6073
7447
4316
183
4158
2879
3960
4567
6669
92
6400
7280
5118
191
1912
1376
2379
6868
1423
3492
7584
5270
3192
3015
2543
6554
4138
4341
3953
2416
5544
4709
1409
6404
7551
6250
3460
365
5612
4351
1567
5462
1654
4569
5056
3222
4540
165
175
2751
408
3429
5927
5641
3374
3172
7397
927
3993
4744
5551
2707
5836
282
1173
4081
731
4146
1496
838
587
7630
140
1668
981
1209
218
7027
5755
4491
4295
7319
1047
2091
4016
2010
2967
2743
7534
2327
588
6929
4164
1563
2268
1707
6864
6711
4496
3721
5391
456
4907
3956
4489
4961
5784
4454
4304
563
4173
404
5735
3505
2372
3345
6215
3167
458
3858
4787
6339
2458
1866
4261
5209
5187
5168
499
582
1804
73
7479
2122
1110
4900
5619
1574
5084
763
2786
6858
5656
1118
1860
6587
5280
7144
2758
7006
6470
2079
3039
1475
651
1428
2339
5617
4523
5828
6767
2039
1743
4735
2874
4638
14
222
675
5980
24
6768
919
6928
6628
3881
2077
570
209
6028
2161
5790
6121
3862
4414
2367
1073
3216
1206
2418
6454
5073
6225
130
726
4267
7578
2760
4072
7278
6624
3733
4860
4589
4098
3969
3619
6324
3137
7049
7442
7660
6920
3789
4303
6208
4667
2222
7642
6325
3832
6001
2124
6647
5536
2058
4505
6242
7113
1342
1830
4485
6240
7132
6715
4135
1093
4848
6188
6375
7073
4427
3194
4580
4377
267
5646
5271
3836
7079
3170
723
1228
2403
6132
2768
7019
624
1870
3608
3316
508
7317
7441
4681
3327
5739
502
6580
7404
2783
3754
2761
1478
1585
5119
87
3914
457
3008
5701
288
1248
5988
3723
4145
281
6712
5601
6946
2285
1588
3445
3769
403
6062
325
784
4596
6931
2669
6723
3421
5756
1754
4582
523
5430
7448
2503
6100
3803
614
3422
6561
1675
1443
486
6772
1279
7312
4397
6472
7295
255
5741
4054
1062
6924
6456
4021
1836
2518
5776
3089
5780
6609
6835
7257
4017
1669
5779
7648
4265
3365
6150
3774
714
658
5638
4301
3661
1210
7438
4603
5197
5530
6710
4499
584
503
2075
2923
2617
5315
5939
4577
2970
2740
4281
4940
3807
4307
3793
2395
4749
4254
6888
5387
5017
4286
7050
4750
4669
2671
6869
942
31
2756
1341
5416
498
2240
4126
303
1877
2172
4585
5648
581
3995
4989
954
960
515
4093
2435
6377
5016
6797
1040
4997
1562
4349
7254
3307
7299
7345
1199
2007
6615
6207
547
1474
2710
757
2322
7145
2480
7429
729
3453
2726
3902
3706
4456
4199
5995
1593
2449
3851
1006
7135
4954
5631
5821
4161
2840
4439
1963
1447
1671
5357
4329
3297
1704
5816
5761
3694
4739
959
3218
133
701
5624
892
1751
2529
5818
7026
5743
137
5961
6137
6852
6261
7480
5258
3325
1684
4089
2060
2834
7020
237
352
7507
248
6076
1914
5246
5855
748
4473
439
7142
3370
1630
1346
4425
3897
3265
5470
3633
2846
1045
7707
5678
5277
1933
1059
6056
4039
4097
6393
5354
5165
1766
6777
6336
2528
6953
4342
859
5749
3944
640
4764
993
4053
4839
5343
633
5312
7629
1413
4647
2196
5072
4090
6000
5317
3801
6274
150
6756
1116
4676
4759
4792
3770
7596
5240
865
5616
5888
6641
4897
2592
2678
446
3359
5676
7152
5891
2131
4364
6762
6379
6276
4840
1058
5379
4171
1833
6608
4973
1921
3251
3328
5374
6943
2938
4651
6055
4728
3814
3516
6794
1007
4061
4102
1537
7392
7318
5360
1780
6515
6390
2668
2738
660
17
2856
2943
7358
3589
6897
5572
604
2414
3941
6891
3855
3891
801
7627
7663
1166
6842
4939
4332
5322
6547
307
2722
736
3627
5707
4196
5862
3296
2266
984
6453
4672
7463
1319
7123
3647
3127
739
334
6012
4637
3542
7359
410
5086
2335
1084
7412
208
182
193
806
909
3524
7468
1911
1087
4194
6529
1750
144
3053
6784
3967
3835
6755
1215
2375
535
7470
4988
4463
1715
5926
602
1554
2193
7016
2568
7631
6335
7361
4449
6639
3734
172
2732
1871
1009
549
6411
5564
7302
4294
4208
4590
339
3009
7619
3410
3479
231
169
4055
4030
4121
3405
6449
1230
1502
931
2704
2288
5545
4437
3865
7211
374
6748
2088
5265
52
5420
6644
1573
6741
1273
537
572
286
3198
1736
3165
534
1320
5143
4239
3442
1133
7651
5708
3377
5454
6981
7329
1407
664
1578
5078
7010
760
2634
1725
6439
1218
1064
5367
7670
5296
6677
5251
5901
328
4477
2905
2894
6042
3174
3997
1456
4717
5594
699
5359
901
2603
2289
7561
7367
3871
1523
2594
986
3419
2318
1790
1616
5482
5702
2031
4938
2025
58
3375
3598
2006
5015
7007
6541
4928
6270
2638
1469
5402
5481
6633
1151
4998
1094
3632
5938
3100
1155
202
637
5474
2212
7616
4999
2910
1198
241
2921
2766
2204
1153
3537
874
1596
4826
2473
390
5349
3756
920
4712
2803
5041
6419
1316
391
7437
2951
3301
6874
7097
2579
4387
6460
1514
6371
3149
4155
7449
7653
2074
5013
1903
5991
7290
6613
6548
6588
6452
6819
1185
3320
6202
119
1004
594
3624
7558
7018
6796
3101
1890
5294
455
6809
203
1222
4074
7535
2246
7552
4287
5347
4872
1662
3922
6592
250
3636
490
5911
958
730
167
7089
416
7200
3028
2692
3580
4528
4082
3716
6469
5644
5686
930
5635
7662
6560
1451
777
400
4091
4312
2625
6084
601
719
5131
4069
5789
3802
3448
1483
2273
6656
6681
3795
7323
881
1916
1265
5478
5547
4768
3764
6246
7220
6284
7081
2747
1030
7669
669
820
2412
5203
1227
4368
2026
1724
823
5590
955
4318
40
2062
1162
7628
5799
2399
5990
1631
652
1238
6513
2484
2896
1759
4693
2657
509
2858
1789
5398
1351
4622
5278
4421
159
276
5942
2286
6391
7088
321
2230
3072
4515
4015
3958
2619
2851
4036
7314
5493
4653
7047
5984
186
7400
4919
1805
873
864
5951
7350
7582
6039
6800
7159
1884
6955
7241
1686
5241
1144
3063
5049
6661
398
1995
235
6333
767
573
6871
647
7394
3362
5774
1932
957
2036
4619
4147
2759
1511
4062
5446
2562
3489
118
330
813
3583
3003
1143
3848
6350
6798
4760
4835
3507
2109
2674
7603
3936
943
3221
4190
3655
4549
1278
3783
4535
6318
4547
7533
4403
2521
7499
5889
4851
3824
6927
1677
2500
7599
7387
4817
6135
4635
4033
6679
1831
3797
803
6152
6831
4819
1768
4359
3281
2218
2728
5709
4782
4623
6143
5288
7403
4095
4108
6437
249
2267
2504
4375
6903
2553
6855
4487
7519
5501
1864
1335
462
1344
2227
3959
7435
2255
375
3097
598
5556
2200
67
635
7639
1938
7431
6251
1816
5134
3206
430
4832
4370
1132
6833
227
3087
6795
6572
4704
4889
4952
5762
4971
2600
3061
1167
6914
7523
6044
1303
7235
5738
2586
1614
7055
3402
2660
2675
1615
6586
2653
5507
6066
1956
696
7530
2125
6081
626
7342
4641
1992
109
1623
3926
2687
3112
5448
4337
1764
7134
5413
3506
5275
5966
1352
6189
7034
384
7108
3821
1001
1655
3354
5610
3808
4700
2574
6896
4214
382
1632
5051
2476
5414
1917
4917
879
1737
3625
1146
6506
7672
4968
6122
3551
6846
4465
516
2815
4192
0
313
1117
5031
1951
5978
1098
6321
4299
3550
3975
6754
6585
2649
