8969
9920
9926
2035
6727
4468
1165
4463
3908
3437
1682
2975
3253
9510
817
8342
5374
7279
1876
1159
2023
5504
6479
3625
814
1420
207
1342
10302
654
1844
5894
9695
1066
3499
3584
4659
1036
7603
472
9686
2292
436
8386
2913
351
3819
6961
7409
102
9622
5683
3090
9171
3099
4406
6404
6503
7944
6317
8775
3079
6971
956
3568
2199
4645
3131
7422
8106
6925
8184
1536
2175
9311
9286
5205
10021
3046
7453
4850
9565
10099
8539
8977
9945
2469
4439
9113
4909
6273
356
8419
6271
3798
8916
9005
2714
2061
3445
2715
647
123
8927
8751
2721
7085
4856
2514
6420
8185
1644
2999
9895
3725
5082
4532
10182
3966
4641
5900
9640
7263
2278
1781
8975
10367
8308
996
4292
2992
8247
6379
3637
5317
6175
5889
898
5561
1376
7497
6917
6997
6274
4000
2637
6019
6761
488
1687
2570
9274
5241
1085
7362
3284
9197
5355
9809
4835
6800
5172
6722
2807
3244
3506
4518
2379
3182
6861
9907
7893
10188
10281
2117
5574
7193
7331
8464
5972
9369
8784
5295
3685
1136
1142
4252
4585
4890
111
2750
2814
5141
760
3686
9922
7002
2171
4432
5131
2873
2011
1748
4457
5321
9251
3514
3025
9590
4612
8874
1489
3448
1567
10330
3715
934
10387
4385
340
2037
1216
2980
8373
6483
7051
7304
686
2232
7606
4621
693
5534
7157
4729
3583
1256
8848
3083
6687
6444
4898
3826
5617
6416
1179
4132
476
2287
5794
10220
8047
7228
2681
918
3723
8288
5915
1487
2057
7918
5806
685
7509
66
7542
4825
7494
9998
5363
2990
3744
1937
6625
5671
383
4931
4162
10438
1914
262
9354
6745
9511
7768
3965
2584
9105
8936
4861
8914
8773
3941
10368
5206
5644
6821
115
9654
6283
845
6247
1806
10322
5742
4217
1187
3488
4077
6610
1595
6336
748
6026
7350
792
4033
2621
1252
4107
10445
8518
2024
4028
2340
3006
8427
4386
4535
1346
2203
738
5997
970
5637
9414
6145
5598
10178
4189
3311
3121
8134
9855
8110
7771
7052
4915
3477
4102
8637
9435
6649
7201
7631
8428
450
7213
7148
4930
1157
7555
8760
9318
8867
9145
2470
4575
5840
4327
6811
7933
5624
5156
667
5730
8462
9084
9422
9537
26
943
8001
9124
691
8264
1596
3052
6580
4125
8011
7176
6884
2694
3282
775
4834
1909
8029
1793
5569
7257
7663
2460
5693
2710
10353
2528
769
107
10185
8277
968
10307
1130
6443
5422
6913
8330
2558
4668
10020
7685
6393
422
3526
874
97
8918
9051
2146
7477
7149
8381
3606
850
5681
565
36
1993
2556
1912
699
1874
8665
6845
3439
3836
5616
3410
9459
6181
6590
8815
2017
7935
5731
7141
6182
2625
8036
3154
8051
6552
767
6508
1999
388
8940
5130
8102
7039
7017
6149
3346
1244
8829
1428
549
6242
6871
4
1741
2835
8287
6628
382
6578
1929
2377
7632
178
10389
2677
9344
10311
4944
4320
7056
8770
8421
9726
6515
526
7516
1810
6498
8020
6470
3085
9040
9699
499
1455
1796
932
6310
6679
9981
4993
2572
6435
5789
8706
736
9054
7374
670
8104
1289
6228
9452
9275
8862
1224
7117
2905
5032
5572
9757
7866
9092
9698
5866
2337
4876
2610
10202
7041
5327
8592
3422
8090
2098
6705
8739
6313
4750
9073
3973
7066
3062
2293
5545
99
2769
798
5907
3345
3064
2651
8461
3427
5557
5827
7099
6719
9097
5017
2040
9951
10168
5833
2255
986
7292
9424
7269
10179
1470
2473
6226
9056
3891
884
131
2052
4674
9385
224
6174
3440
9557
7207
5505
5995
6631
170
4903
6425
9528
1491
2533
6024
6399
319
5443
7403
3783
2693
7525
5022
2652
1495
10063
9304
6730
3078
8438
7598
8623
1651
7782
43
6001
9525
9957
8339
6253
7686
2268
2143
7889
3124
7405
9535
6269
8081
6624
1115
113
10276
8821
1837
9856
3940
933
6528
10326
9943
4321
844
3132
870
1747
8279
3672
8639
9625
9106
4030
3831
5850
1623
7234
2729
4801
1500
279
4586
9716
374
1721
3985
2186
8402
4724
6829
9987
9954
5780
5923
1942
6075
9091
322
10246
9657
3392
7969
6739
9643
6426
134
7358
6366
8310
2408
4119
2368
9312
2991
4269
1201
4928
4567
1899
532
5877
5224
1636
3818
4529
373
3851
2457
7089
6356
6288
10314
3899
9158
1761
2560
2400
9924
8337
7803
8519
6818
8546
6553
9285
9733
3179
485
5002
4308
326
6316
2849
5576
6774
5446
4299
5952
7326
4498
2109
10115
9292
3668
3708
6779
8681
4558
2238
5926
10350
6051
6451
1939
2917
4673
9277
8109
5216
5585
3752
7206
9268
5089
3134
4974
2733
5083
8554
6442
9302
5084
93
1537
6208
8644
5255
3111
991
8903
2782
6686
7938
6663
6071
7371
6716
5885
6700
2544
1143
8530
4547
9489
1996
746
3036
6154
546
10093
10056
5841
88
4146
8030
1294
4401
9250
8726
3298
6985
9014
10071
4667
9055
9783
1421
3140
9874
2666
824
9010
1546
5444
5117
7684
2702
8305
7372
8607
1526
3933
7582
4288
7185
2480
5110
2295
939
4363
9039
9444
3924
7592
7781
5476
3604
7251
2550
6893
6372
2739
3861
1759
1683
6423
3259
3976
2517
4988
3193
9827
4318
8077
4846
295
3786
2038
6819
4794
6458
441
10282
5803
3827
8128
4492
6844
2112
1829
8816
9034
5679
479
1686
2045
10112
8746
269
5054
7640
213
8141
3224
8363
2494
79
9802
2465
7694
5300
8112
2679
10046
5520
10003
8851
1170
2650
567
3969
5718
6028
9893
10017
3170
10018
8593
10155
4619
7630
358
10439
5344
1049
6374
4855
9057
3833
5184
8865
3417
8824
9708
9866
4831
5212
5783
9996
3300
243
1321
791
121
4681
7361
6225
8781
2555
7469
4284
2521
4287
2333
1434
8489
3277
7895
5599
3100
9766
165
10351
6401
4227
7368
8730
8973
10217
9575
4852
6718
9956
5909
8379
9253
3860
563
8416
5134
9429
1831
1774
4748
5225
8061
7500
10102
7921
9468
4485
8630
4147
9093
8970
2030
7344
4276
6315
7885
6430
2878
5151
4600
8827
3053
8822
6560
10402
3012
3325
1698
6021
4260
8922
7339
2853
9629
947
9487
994
6525
3010
3803
10143
10410
3176
6797
7333
511
1532
6869
1578
6355
4319
2943
2305
2774
7121
3882
5665
3920
7191
7309
4981
2150
2059
7857
7461
1076
917
4233
4026
6044
7923
5740
4130
3918
8662
3854
7106
4003
7677
3398
9259
7391
10375
2116
8707
3446
1560
2053
7323
9139
5310
510
6571
5650
2173
8024
1471
9616
4695
3893
1300
3806
4824
759
9512
9403
9041
4108
5122
9923
1822
2885
7986
8348
4731
5026
600
9030
1839
3347
624
855
2140
3092
1670
7759
840
23
3383
7488
1251
7084
1520
9481
1349
6689
5050
1864
6380
10039
9282
2339
6303
2850
6955
7715
8884
4337
6830
8540
6268
1124
9650
4177
3221
5024
1348
6265
8836
4832
3799
1072
5565
7949
10347
8347
4819
4145
8534
7765
3082
7840
4994
10050
2820
7204
8476
1886
8349
6364
8632
4064
3276
1517
9117
418
3185
9401
920
1638
264
7716
9519
1960
5682
6135
9806
9305
5680
10042
8031
656
1680
287
742
2870
9100
3234
5902
2790
5146
10062
1976
7867
4305
9175
6260
4694
9078
2505
4818
5161
7522
8720
4675
2346
368
4797
9492
4593
1435
7834
241
2142
1016
1147
3287
3855
4149
1878
9095
1054
4316
4273
3681
4906
1659
6757
10456
2557
7913
3267
5480
4998
2526
6683
9577
6582
162
6919
645
2419
2385
4024
2864
5452
2443
8107
6524
5720
7586
7532
47
10052
9086
2910
1932
6030
9228
7919
1258
9938
8304
1797
10125
9231
6531
4950
3254
1443
8692
4713
4739
4860
687
4392
8657
5535
650
2847
8951
7635
5336
4654
3952
3571
6769
9731
8640
6594
7319
6087
7325
8498
9349
8748
1103
976
2882
8683
9719
7032
7952
8311
1060
4163
5738
7155
2726
3059
513
1405
7015
9388
1308
2041
7624
1801
1195
8314
8626
9257
6523
3026
1628
7247
6029
1665
8493
6659
8758
4238
4717
2951
5968
7584
6983
2843
303
7067
8201
2633
3014
4597
6120
7290
2509
1699
9402
5619
6565
556
10360
1661
7340
2564
6806
2392
8912
462
3135
3946
8722
7040
4218
7979
3421
6600
8857
6388
4640
7980
2874
5631
9795
2937
3580
4872
4183
9378
9443
5103
4341
9179
7278
3123
3032
3359
680
8953
8565
9397
2008
6005
3729
1571
6744
4404
577
882
4847
9482
4557
545
8698
10388
675
9883
9483
6743
8651
3649
1208
2239
6684
1385
3939
135
861
7719
5822
3618
2728
4366
10450
2058
9280
7796
10013
454
491
2535
1531
3320
4188
4296
8652
3429
8931
4134
7769
7462
9741
1879
2624
9352
8772
1218
780
3770
8080
8338
1582
4153
8475
8356
1158
1014
5798
1977
1809
3480
2436
2275
1484
6117
2930
5846
2770
2761
2582
2603
5832
7010
317
7028
4978
5051
7512
3354
1478
9327
7865
5259
8086
5207
6072
3921
6069
8365
4525
3597
9992
6529
2399
7189
9129
6886
2208
7757
6456
8
1573
6918
9387
9384
1779
1314
3766
9705
8858
7081
7897
9082
4274
5044
1888
4480
6974
725
2886
7401
8982
3005
9350
389
5810
7167
4807
55
7003
2450
560
2328
10240
6909
1935
5728
3578
236
5771
4047
10114
3871
9288
112
9523
8976
6585
9025
10324
5053
2318
9696
3781
8449
244
10300
5189
9787
4632
8359
10442
3136
8654
1790
7097
7926
4917
5869
7301
2071
7697
1892
1601
8813
871
1729
3299
1084
8728
2338
8648
4899
1868
8447
8245
9550
2394
3970
10237
6187
306
7379
987
6217
795
534
7552
6074
3789
1554
1950
9215
2580
2056
1004
673
6530
3344
7203
2367
4830
2032
3027
652
2571
7809
7030
9756
10166
2976
8517
7310
6266
2945
2462
3937
6675
202
9712
1211
1026
5991
1816
3862
6041
6465
9271
9187
953
3949
9604
3780
4192
2297
6923
6639
3139
6011
7875
5077
8714
5440
5485
9540
5929
345
360
859
7957
4555
938
6967
2468
10454
3503
8754
5741
1907
9770
3987
973
1945
1080
2187
2629
1160
9211
5175
7616
3545
3856
5521
4637
4412
618
1740
6556
4766
10317
7044
10437
744
8309
2736
5614
1070
3338
3603
6825
10038
2696
3229
3055
1460
9919
6410
914
1086
9789
10066
2031
2919
4324
632
4286
2654
5429
8243
1259
3460
7478
8957
4966
2358
10385
5199
724
4967
1762
1151
2439
1109
2746
7217
10405
1782
7112
4926
10427
872
1468
5314
8532
8513
4452
8993
1292
9538
1501
633
10289
9493
8820
6234
2299
4891
9772
8659
10037
8963
10159
1463
8181
8796
5138
8355
6667
6794
6286
2809
8596
3832
7001
9442
9559
4167
1635
7026
9204
8062
9299
8253
925
8179
7670
4009
2605
8702
1908
9219
6509
7602
10014
1714
5973
2989
1848
7846
7788
1510
3375
52
2412
1739
3801
9829
3227
2126
1930
2380
3903
639
2376
3574
3814
10236
3290
7133
3203
9346
7110
6484
6644
3484
3764
6747
5853
4530
4553
909
3385
8483
7104
7805
2777
3795
10083
5448
9564
139
9081
8995
8334
10327
5729
3413
1411
3204
8904
7636
1943
2737
9581
2982
2592
3106
7856
10373
1363
2536
8620
9294
89
5401
1866
10372
7159
3716
4213
8624
1473
5824
9494
1152
7284
5864
1675
6682
3305
6367
1191
7472
6815
5242
2251
1092
5123
3821
1577
10251
579
173
4346
261
2902
9199
4845
3433
3631
2226
7482
1357
635
3771
5790
10446
1994
9843
8361
3274
8958
9125
10043
1057
6164
1588
1219
6826
17
1032
8300
4778
3642
1347
3519
6133
7772
3312
4478
4755
9566
9516
9952
2423
455
4011
8289
1666
3089
3711
9614
9808
6670
8406
3467
797
4087
5167
1164
3153
6499
393
496
6665
6914
3653
6086
2162
8881
8693
3162
9160
773
5749
5386
12
6778
2020
4722
9672
8178
5542
4240
8267
5395
3676
8430
2151
7475
3955
4975
4679
8455
6460
2792
5876
1883
56
7599
7465
1522
4715
8231
7544
2230
622
8793
10036
8611
8643
3351
4055
1288
9208
10303
3118
5548
878
3183
3802
2105
1091
4041
9408
8358
3386
1890
1453
4196
4225
5039
8614
5352
4738
7687
8218
5856
2667
9549
3740
852
7070
7299
614
9111
2004
1393
7348
1507
8018
9747
5735
8156
2960
2424
9542
1403
9971
166
442
1634
916
7675
8891
6742
8159
1987
1184
4263
8835
2325
7951
557
2656
1275
7547
7242
357
8943
6385
892
6601
10005
8744
1603
7750
7436
7218
5099
10201
2028
8293
5993
1097
4416
1281
4084
6052
298
6477
6153
7468
3551
1773
8981
2821
7037
6850
5404
277
2129
10309
1566
2459
10258
5529
5710
2747
7669
7302
8474
2698
711
8412
7798
9038
6362
5707
3896
1572
5431
7435
4458
6319
74
6205
4577
6307
512
7504
2145
7286
5425
5816
10278
7709
1340
8757
1885
257
4533
10135
8790
394
7324
9539
3840
5165
8162
3691
9833
809
6959
3077
3263
6141
2001
1612
3589
3237
2653
9509
6186
4911
2534
3050
10352
8628
7794
9667
6284
4608
7161
990
9790
1854
3169
2269
2003
720
10221
7968
9796
7298
8893
9610
2898
5014
6128
1552
8727
3953
6760
8578
3420
5160
7347
8147
10164
6403
4048
6889
3693
346
1423
2731
3511
4519
6643
3950
6192
9109
9656
9202
2410
7490
9527
2984
8153
5252
9048
2538
3030
6246
2834
5538
3828
9174
1911
177
1319
803
3897
7108
1345
2880
2671
9196
5643
903
6383
9290
4591
4592
1898
7004
6630
9328
100
2500
2200
7998
168
3160
152
4206
10094
885
9198
3996
5544
9209
9743
7342
8108
969
2026
5387
8398
3538
4985
9283
3129
9689
9140
328
4065
10356
4016
6277
1260
4516
5756
158
6081
6406
8849
6080
4843
8488
5947
1198
8962
10341
761
6827
5055
5442
2717
10006
10379
5495
5285
1658
7983
7018
8732
1401
8150
314
2378
5163
3469
7198
1915
83
4255
6616
1203
1539
7328
10061
3474
3368
9781
6711
10214
1569
4472
8372
3411
10142
5913
2492
5623
2264
10119
4428
4775
6014
4962
5320
643
8752
9644
2356
2523
3529
1884
159
3361
2062
9325
1975
1253
5215
9496
3352
9448
4772
2464
10116
3456
6982
7996
1959
2416
8911
10287
2090
4271
8009
9543
3567
3171
1047
7655
8042
6771
5658
3757
8272
10044
8812
8590
4907
8965
8404
7737
752
4191
3212
9993
7637
7042
8341
2627
9460
1148
222
6506
5487
3424
10239
3732
1295
8697
6079
10363
4005
9936
8570
5279
728
5289
2968
8242
6599
8353
5179
2713
4756
3684
10366
3112
10323
8597
2927
10298
273
4760
9767
8261
8555
8469
5462
1558
959
7261
8839
3091
8595
4074
2720
2607
6802
5166
1017
7062
387
9763
1416
6056
7774
1986
608
7086
8609
6191
7327
4106
5339
5878
8842
359
4634
9693
4182
7430
3692
7914
4126
3303
133
2705
5464
4808
1921
3915
4150
1893
2781
2156
3066
10007
7646
4723
2430
7267
9904
500
5221
2547
8073
5664
1052
4508
8494
3482
4236
2765
7306
1557
8704
8524
3126
7681
4888
1353
8318
4560
660
5873
2891
228
7739
7733
7382
2839
3905
6331
9804
2791
153
6113
9319
3927
2800
7264
438
1064
8718
1968
4918
9389
439
8497
2529
5528
1689
1338
2279
7501
5198
5800
5139
3177
4635
7351
2180
5661
9338
529
2926
10232
3130
354
3540
856
2959
2614
2686
6299
8635
1564
8326
5999
186
5313
45
2332
5858
7069
8192
7118
3432
2598
2787
8063
1050
3173
3096
6493
7229
5059
8641
7287
679
6613
9366
1925
5636
3635
8664
9123
979
9704
6199
4649
101
8070
2879
10380
9241
7916
5168
2563
3029
8044
6788
416
7404
883
2484
9360
1312
2799
4309
3337
6916
5695
10272
9678
2903
3150
399
3031
4040
7806
9411
5371
434
4202
7723
8690
4311
5403
3704
9060
2190
3441
9585
3310
10337
2204
1763
9377
4013
7049
3473
7824
1903
2417
7791
3151
2165
4894
5543
1692
8542
235
8583
2566
7523
6697
301
3495
7712
7891
9730
1176
5276
6636
1105
9620
3762
8466
3256
1786
4512
5309
4399
3289
4895
2638
3334
3698
8873
7845
3308
7985
3292
3964
6434
1117
1927
10074
6172
6558
4854
5246
2231
3823
2006
4587
963
61
6507
1630
9561
4335
1154
7802
9515
5774
296
29
7390
1002
8750
2986
2802
8661
405
2872
4620
651
8763
1528
6370
4214
9297
316
8173
7804
1377
9723
7426
4388
8656
6579
9183
8209
6104
2974
2479
3592
8721
1383
7294
10230
6860
7481
5398
5358
7971
8170
6360
5260
4396
839
8250
6490
6096
175
2449
5537
615
8734
9031
4205
750
6828
3018
6009
3076
1610
5453
2075
8478
6433
1951
7239
8158
10259
6787
4482
10296
9059
5229
6446
1116
4020
2042
337
5701
9715
5475
3225
8471
7989
1280
9727
9372
122
5354
7783
4786
10022
6381
2331
5799
843
2100
7000
5959
5266
4536
1414
1882
1995
103
9046
6753
5283
3667
9547
3395
8755
4550
4936
1373
7820
4444
281
7231
7281
3738
8424
5908
6979
6764
8328
7567
1128
9797
7540
6344
1922
4347
5247
5065
1441
9405
3641
3892
10189
1642
7073
8736
5714
5549
644
1783
1145
9812
5412
3652
8533
361
2565
3666
3761
6653
6203
9982
8529
3598
9861
3907
5925
7016
2125
9345
9066
8527
8241
3323
5143
5368
3512
6478
10133
3464
7443
6856
8481
9423
1646
8553
342
657
9067
2604
3531
9248
7848
598
9396
2981
3875
6027
6882
2366
5829
10306
4095
5751
2727
6642
5346
9104
299
8579
1979
8949
1547
961
6311
8887
5037
6995
5258
5496
3559
1784
5000
2177
5791
9744
2498
9965
8833
1371
7964
9759
2158
10249
4710
8313
4078
3687
4004
4155
10382
2964
1287
7970
2574
335
9456
1290
8232
3147
1662
2659
2828
10081
2453
5417
4561
3008
1118
3579
3797
6664
1870
8979
6392
8049
4449
6338
4584
2336
4431
6475
2772
7096
10359
1245
2452
8071
6703
9353
1746
2660
4503
3880
8065
7450
676
9676
3916
8749
7905
9691
8116
8123
466
8535
3888
6568
7570
3098
1757
5445
848
4487
2411
2227
3768
1059
9044
8642
2811
3405
3636
4658
6230
1973
7812
611
259
5154
3364
7226
1776
4456
309
9603
1149
3419
7019
3932
641
8148
7116
3281
5600
8126
7199
665
9931
7800
7695
1873
3792
9094
6660
3620
7654
1389
9623
5006
6345
2283
4357
7079
4904
8274
8043
6876
9668
7978
9137
6258
4092
1671
784
2191
9688
6038
6709
5177
8847
3844
5516
7823
1734
4678
9653
2197
9062
7495
2240
5734
5847
4980
6965
6864
887
274
727
8319
6907
1916
7594
6459
2687
4093
8204
9933
1388
10082
6783
4411
9844
4138
4816
2074
2690
7766
8367
1509
8023
6949
3787
544
5409
7778
6262
5411
7580
9221
8268
475
8668
9887
457
4773
2418
9551
2675
6888
5994
6532
8064
10040
9755
5905
2202
4408
4247
484
10448
7623
3805
4689
5428
272
10140
813
9785
3045
4712
4924
8658
2860
5579
2631
10312
8228
1440
2413
5282
7955
1823
1153
5649
576
1228
10209
7202
1237
4184
7360
1818
625
4822
8617
3977
2664
5324
7338
9913
5514
6993
7770
6934
6504
8403
628
507
10151
6441
9714
9662
3922
10398
4333
8303
6173
4212
10378
5106
1847
9594
4568
1538
3453
7295
6216
575
3575
4992
3431
109
7789
7621
9455
8426
9639
176
6846
8631
5517
8552
185
216
4871
10089
10392
9873
10310
6057
1669
2161
7172
5195
10030
10002
9058
4053
6004
5345
4203
6973
9793
7197
1519
6712
9655
6053
4086
5828
6920
7585
7930
2618
9896
4538
7704
4997
4301
4178
4374
6874
4161
5615
141
1360
1704
10205
1872
10058
5663
593
9735
3001
3016
7171
9805
3815
4862
8278
7158
771
10294
4838
669
4289
7245
4939
10087
9256
68
3044
677
2044
4813
6566
835
3999
6527
5240
9872
6950
2703
9671
8551
9232
80
858
4226
2463
7466
9531
6212
5158
2060
10041
830
10333
5359
1707
2942
3536
9258
6896
2516
5097
9114
1045
403
2948
1431
3093
10386
5609
8919
1656
2355
7854
10408
7078
10228
1133
8321
6928
1594
4885
10315
7901
2796
4849
1
1082
2644
4973
8619
5030
5461
8856
4515
8133
3103
1015
6781
7311
8701
1825
6915
8937
10120
4737
3746
3889
1592
1267
4496
6138
3490
5677
3326
7706
4510
6678
3858
7335
8383
4023
5072
10051
6513
3260
8899
2073
1456
7906
2753
5379
6970
5293
3619
1946
2359
6945
3689
789
5304
270
2373
5378
4355
704
975
2330
894
6339
6534
9178
3388
9003
9670
4833
37
9064
3572
4165
2054
8801
4817
8440
9436
7941
5962
2969
6715
9331
1220
7493
4806
132
10339
154
4085
2963
6206
447
540
7618
1663
5860
7939
2243
4056
8625
2735
8782
4610
2360
519
2965
8830
3532
1527
8433
5974
5473
10207
7169
7691
8826
423
4783
2262
8841
7767
3796
5182
1205
2617
2961
9562
5676
1542
5826
9717
3590
4556
289
7718
6988
70
5306
10383
7006
857
707
58
1600
1071
941
8828
10152
7258
1135
8118
10212
10231
5667
227
10340
548
8413
9446
1477
5326
7074
7557
6615
7950
5604
8708
919
9008
5823
9043
8033
1672
8682
2525
3000
6943
3155
4283
10134
2932
440
6604
8176
5145
1301
3894
1655
1755
10064
6201
589
3216
6127
8525
10136
4425
8157
4008
5577
9027
1155
7879
4839
2097
6239
9102
4948
627
1550
10092
3909
8675
8003
2163
5478
10199
6732
2084
7367
5479
8273
10107
3688
3967
8818
6431
1270
10416
9707
7008
10034
3159
7707
1239
6438
8955
1598
6397
4423
8930
2591
6853
3328
2033
5835
9885
1505
6589
5235
1978
1708
467
2483
7208
7268
3728
1073
6588
747
536
7445
3009
9545
5257
7214
3954
7884
6298
5173
3913
3376
5765
2370
1830
2442
1620
1969
7266
7510
4322
8612
6243
3651
7109
1609
5957
489
4270
10393
8391
2856
8066
2181
706
7009
8653
8840
3271
2258
6256
1120
9427
1439
8151
409
1591
7927
7658
5003
8384
978
7179
583
7513
6816
3690
2089
7013
8079
5874
2407
668
7156
3357
3874
3702
5127
893
2304
8237
10186
1390
3258
4663
6833
7256
3301
4746
6209
7318
1962
8877
6796
3533
10354
10384
6904
9461
5606
5758
1881
7784
1025
3457
8095
3336
4754
9595
3494
3465
312
8357
9839
5672
4222
5851
7987
1637
5570
7397
9842
928
5454
910
2273
5090
7394
2852
2022
3784
1754
6163
2072
1494
6422
4014
6748
9661
4282
5447
7143
1141
2454
294
1175
5140
5670
8161
8670
8324
5531
5797
646
5515
5119
7862
4317
4018
9216
3071
8964
2132
6190
684
4866
2922
5034
863
3978
2816
5770
1813
5391
6280
5935
8663
6836
8606
2540
9298
4940
5627
1344
4022
6598
3534
7463
3863
8768
2398
2228
5613
428
2743
9247
908
1199
9690
503
5038
9
7761
6720
3316
2065
7120
9201
5641
7507
10262
7366
7129
3191
2928
1905
10256
8370
7241
6583
9480
6023
5632
6656
2206
5849
8275
487
1826
9266
355
4942
2223
6162
1007
2212
6902
239
1326
4113
9017
7297
4922
8021
1727
8280
10204
2837
6077
7701
2420
4314
6546
2323
8576
8766
2749
1696
4938
5164
7498
5262
8996
833
5944
8647
3639
7377
3074
6785
5367
5733
5785
8711
525
3143
8446
2673
4344
10248
1690
3365
3850
2088
7751
1706
1356
9934
6554
793
9015
7428
4046
974
1021
9233
5322
7508
4306
9430
591
7826
7543
9569
1967
2123
7416
9486
9579
8099
10411
1871
4837
868
8599
9207
3318
8038
6938
5094
2426
106
4467
7841
3452
4424
8364
1877
734
7262
5238
3945
5898
6814
9814
5508
6597
5699
7025
550
648
6142
4072
10105
2300
4545
8183
460
9176
7942
3406
4990
5183
9420
9784
1410
8059
5712
8967
9788
10418
4714
6897
1737
7460
10268
6049
8012
8686
8163
2661
4790
465
2091
3172
1725
7341
2350
7152
649
2896
1139
636
5711
8740
4377
8405
7924
9680
7506
6932
7836
6694
9685
6485
7007
5469
8723
2890
2578
8374
1705
7060
5736
561
1429
2334
7215
967
790
4622
9016
895
7429
2569
997
8998
8935
9652
333
8053
7105
1035
3539
4736
1958
6229
6820
7253
2302
6289
3087
3400
1904
4626
6605
2107
7877
8885
2267
7502
5685
4653
7764
5948
5230
5066
4250
8846
6801
9533
4181
9869
6627
5269
1367
3317
2224
9568
3624
7
6116
6813
5303
7233
5924
6994
9028
1448
8866
1824
7880
6900
7659
8585
5149
2561
8296
6905
8409
2789
8366
4035
3304
5005
3331
2956
6063
3901
9877
432
3228
2102
8120
3257
1242
1933
4420
3339
2785
7671
4230
2303
3873
9771
5642
4120
522
2883
6171
2606
4481
8408
8458
9070
3774
6497
819
5892
1343
5746
1676
4735
2725
851
4671
7485
9572
1985
8971
5984
1622
6076
2751
6170
430
7641
15
7432
5389
10254
4234
8994
5191
5965
9728
4403
8385
1364
7444
2012
6539
9574
7353
1005
5684
786
3867
2682
5204
7638
9234
5940
10358
5256
6809
9746
4080
1778
10048
7954
3302
8616
7487
8236
4749
9618
8638
3936
4079
4559
161
7758
2384
8536
7634
5757
5308
6314
9556
4642
290
2877
5042
4157
1695
764
9149
9159
3646
1910
8559
911
2311
9608
2363
1422
10447
353
10070
9851
10345
5460
6167
6302
4117
6930
554
4705
9023
4571
8000
1140
2995
4897
8888
8248
1920
3923
6738
8515
7928
766
9301
10139
3329
7275
2892
913
1860
1041
6941
5656
7909
5383
7473
1327
4614
5390
2189
1493
194
1125
4099
904
1332
6612
4615
1482
9888
6099
3549
366
1508
3057
6202
8410
1081
4971
3699
3535
3659
787
6432
1285
6330
6651
2193
6838
6215
4154
4395
4799
682
2263
2669
5983
10068
315
1350
9439
4643
1156
4959
1812
8136
5060
5970
9072
1413
8992
816
1309
1780
3332
7050
5893
9355
4451
339
8622
9930
3608
313
4073
4295
3220
2437
10321
4071
3981
1427
4051
7822
8875
4991
2985
1412
9415
8055
7160
6103
3314
2776
9249
9273
6060
712
1481
1398
4551
5455
8920
7423
1673
6984
1988
9089
8774
8146
4923
3634
9711
6857
3205
3415
6464
806
7597
2110
4979
8645
10090
6177
1891
815
9740
6267
8344
935
4655
1944
5011
8422
8990
8878
497
9371
3830
741
1791
5767
1183
2218
9635
901
8685
3772
469
9850
4398
4789
4937
4953
9722
8395
5078
9647
10141
7427
3158
6492
3573
10293
7492
3115
9597
9834
7080
1467
10210
8048
715
1006
666
9090
9826
10336
9786
6731
1499
7896
7977
7676
5554
198
6137
5405
827
8225
4310
6293
7385
404
7628
6224
18
5491
9892
6606
5506
3834
4448
9607
2670
1647
927
7470
494
3283
2343
1654
3428
2818
6070
1551
4343
3
10301
6823
8997
7799
6
8482
6472
267
7610
8929
5265
9738
3677
4454
7587
6352
7139
1466
555
1820
4114
6708
8284
4275
508
2257
1241
3363
9407
2672
3554
10129
341
5762
6105
3463
2622
2448
8088
729
4502
8526
3011
8557
10431
10444
1616
3527
4043
16
6999
7317
9583
4840
1298
2966
4291
8496
9098
5001
7411
9985
2691
5434
4887
6812
10049
802
2518
4052
5612
5981
3472
621
8680
4075
1590
5251
5976
710
3962
8487
3358
1926
8206
3399
2632
9229
7753
5075
3402
2699
7763
9135
7220
9340
6394
2803
5996
2389
9186
5717
10203
1008
3033
8948
1248
6108
5582
3928
8174
2829
6249
5463
6647
3021
9794
3349
2709
2732
3496
9337
350
5196
9075
60
10047
5268
5887
5755
1230
3599
5248
3934
1625
5594
3483
130
1100
7871
9142
4159
8431
4497
90
188
5563
64
8397
8207
6450
9365
4896
5776
2067
4606
8152
4493
5630
9769
905
5430
530
9437
7381
4111
238
1266
4662
7178
906
9499
8573
6252
5159
2554
8265
5010
9560
7441
754
10255
8761
674
145
9666
10286
414
5540
4105
807
1744
9963
4873
7837
1381
9068
6791
8354
1604
4122
4029
3243
6476
7237
8429
6842
7103
1333
4044
30
3709
9155
7083
6648
9613
10245
2289
5921
6447
7832
2768
1264
6107
48
4820
9940
9244
8678
8028
8257
7838
1246
7289
214
7131
424
2988
4669
8270
539
1697
7211
6337
3475
182
3724
5264
10285
4823
5315
4461
390
7511
4129
446
755
5955
9116
4520
1457
5171
7747
10016
2422
4434
1597
6750
800
9022
3673
7313
8695
5842
8346
4370
1464
5137
4469
7063
8742
452
4875
4961
1702
5708
8789
7400
7860
2648
4583
4470
9122
2881
184
7649
5811
9828
751
7219
5795
6561
5666
6287
3997
7087
3643
2510
6657
7192
9080
10344
9681
6581
7922
21
3983
523
8843
3972
1310
3249
1998
5316
4725
6251
9946
2634
4605
1207
9911
8850
8263
10457
9107
8256
1511
2921
8797
6496
3178
9703
7665
2272
7611
7605
2548
4207
3442
4019
7196
9578
6481
7232
8603
1254
3995
2317
7780
5120
634
1395
2282
4060
3374
6348
6942
7692
7431
671
8271
6382
6132
8909
8735
6227
3371
2487
169
7572
9591
4955
2845
6411
3125
5064
2397
384
1970
3142
4505
9291
3080
3273
6391
6032
2824
5891
9503
1167
2562
1972
1407
1196
9497
5267
5801
10118
6292
3808
8808
1328
8724
3188
10076
1034
3174
8084
8375
9150
1104
7561
2211
7730
7059
7574
9224
1316
5754
6921
332
7359
331
6754
825
3555
3621
1297
3252
1512
2009
5408
3414
7349
5466
9518
2396
10086
2530
1716
1231
6901
10059
1000
6139
5162
5690
4589
9451
5745
7271
8591
5188
4751
1249
3163
9465
5979
9760
7031
8294
3853
4012
1444
1062
8689
2441
10183
5778
4573
5883
1172
3739
4104
8143
1688
9865
3700
5222
6548
2519
8211
3596
6396
8448
2888
6752
1858
3293
6841
461
3820
9582
922
5393
9637
988
7165
1276
2444
733
5361
6822
1168
768
4031
4954
4139
4342
1400
6547
3633
8806
6790
1255
2583
9891
7038
5337
7005
4381
5098
2118
3611
1177
6633
3869
6516
1719
1222
3612
5399
4224
8650
5601
7839
3196
1488
9132
7043
6723
8166
1895
4259
2447
4541
1743
7163
2241
8615
9505
2
10342
3872
7517
8452
3878
3877
9504
3231
3605
5450
1770
3674
7425
2147
2688
8703
1599
6276
9701
2446
7711
6322
9404
9238
4905
4987
3565
10191
7556
3207
6333
5882
2934
9019
3459
6421
4100
1792
4951
10160
3658
4407
2242
3219
118
4373
5302
6549
3942
4644
1565
4350
6168
7710
3255
8189
7142
9213
2979
5527
1265
1382
3199
6564
6540
7332
2754
9925
1649
10095
2114
4375
955
1767
8860
1938
126
5697
98
2996
10428
1657
9663
3397
7738
2383
6409
7581
7254
8082
1406
7107
3149
4798
4796
10436
8058
7370
2185
4682
320
6048
7380
5784
3119
1137
8175
9642
2973
7378
6334
1193
10374
5750
2862
3404
6618
5964
9573
1370
5435
8400
6740
6638
5768
4696
2504
7612
9336
480
7793
7433
9553
6776
9552
6197
7524
4879
7596
4776
5370
1919
6892
9313
6118
7810
5779
5074
5239
6039
705
9376
6762
6704
1504
2520
8500
5186
6868
5941
9961
6297
4050
7077
5155
3246
5410
8016
1861
5377
5007
8898
6803
4136
6351
2944
8137
8205
9899
9033
4745
3489
5532
2421
7664
4716
2635
9918
6160
6151
7225
8986
3508
838
1273
3454
3914
380
1209
1284
4920
8495
3600
9478
9375
7467
9475
8269
1269
1513
4140
7576
1952
3280
2613
5147
8360
2352
9858
5881
5871
2706
7748
4264
5275
6236
6587
640
6559
7075
4598
10215
6043
6654
7021
6677
3081
2194
3791
329
4379
4943
10412
3102
4249
2285
9664
5868
9862
4601
5603
4892
6951
5278
9426
7519
3971
581
4996
4685
7872
4811
10423
3492
573
7929
9878
2213
4546
4279
4781
9841
1828
533
2780
9990
2271
896
7064
10218
2655
2374
5085
559
311
7627
7439
8230
1392
4531
5725
6365
4853
1354
3040
4118
8959
7735
4565
1233
3859
9147
8872
75
7365
5457
9750
1019
9096
3524
10197
6140
630
8453
10401
7607
1127
3661
3632
4103
7779
9868
4932
148
400
73
9898
2347
3022
3250
2455
681
5919
3810
9777
8291
3167
6078
492
3128
528
8713
10103
7908
160
5998
504
5558
2250
4443
9570
1869
7020
2812
2897
6968
9606
1106
13
8582
6454
3268
1186
721
10024
8549
338
8010
5546
5086
5567
8094
1215
2403
1948
8331
1282
9440
541
7902
8807
4514
8229
6413
6609
8864
8177
6143
396
3466
10101
4999
5722
1217
8915
3736
3721
1485
2895
2730
1296
700
2546
9412
8917
8743
1924
7817
3870
2683
7249
596
4369
8004
4076
5498
6810
2007
1474
7091
10073
7961
4629
3822
9432
1771
2308
7656
5375
385
9119
2970
5056
3553
9126
3108
4639
3807
9950
4067
6033
6595
4427
2748
8451
7188
9864
5209
586
2783
3313
10269
8454
2904
4733
1194
7745
8780
448
7562
9418
10080
6457
6831
8946
4152
8472
6702
5977
2322
5019
9941
10227
8897
5519
9799
9006
9541
10394
2144
3505
690
6318
1042
888
96
2595
8138
10057
4474
6672
248
2649
2628
2277
4027
10332
2254
4272
8130
7859
5610
8098
278
189
2256
7356
9651
7369
5287
8456
8423
5100
6873
5061
4400
149
5747
9762
3166
723
1335
9136
4617
7825
3493
9182
6091
5990
6146
2486
6147
4613
6652
7393
7994
1856
3146
2658
4734
7438
6332
612
9356
1798
6328
8741
4479
9242
944
7991
4176
9479
411
483
4094
2601
4636
9237
5781
6817
2645
5927
5331
2826
3455
5700
7282
9884
7090
8989
3841
9860
3750
8238
9326
3461
6865
3671
551
3288
2861
9929
4303
4280
7283
2369
7560
7216
10371
5041
6511
2039
1827
5593
8219
464
5357
4506
1643
3518
4172
6327
9061
4882
9624
9612
7883
3520
8005
10131
6437
8085
3487
2597
5048
1765
9076
10194
6701
3785
1238
4730
5102
8621
9758
7250
566
3367
2094
1408
10396
347
4588
3696
4609
4484
4842
10338
10264
3322
1518
7904
1094
5012
3593
9265
6312
9773
1029
7396
6400
3382
7667
606
10299
6877
6169
9917
5932
7486
1851
9281
5775
7033
9801
7505
2497
2871
6946
1010
1379
8460
2489
4692
3038
5951
6278
363
151
804
805
10443
2260
972
2515
9849
6295
1185
9825
10122
8613
1726
6007
2778
4128
9374
3919
7642
2205
8169
1399
9309
7130
10156
6125
3217
5406
8600
1795
5250
6986
4488
4433
8442
5296
7682
3525
10250
2842
7936
2586
5418
5536
8809
962
2290
9382
3403
271
626
564
5986
7551
3881
1736
8172
1811
2931
6834
6440
5433
217
7827
6933
8863
4193
3215
2496
6300
6050
4758
9791
5719
402
3340
10421
8432
5328
6321
128
2184
695
1627
5732
3960
3719
5836
4995
1664
2080
6148
9453
2013
9845
3343
406
7967
5702
3348
9272
42
8725
6699
9498
6282
59
285
8771
5739
5081
678
6085
1200
3272
5080
10290
4851
5956
3622
5407
9151
10091
1247
1787
4964
3390
3731
7583
7205
2775
3117
3852
7650
1012
7720
2345
7529
5116
3425
9848
5069
5523
8352
3563
8298
6746
6962
8092
9063
28
1525
4701
7047
4628
2531
1051
1325
7329
5807
4124
6109
7352
71
3759
1361
156
8194
6259
4057
2786
288
2752
474
8234
8316
3957
2692
2642
1317
9020
8966
7907
7386
7442
5513
762
5686
4864
1192
10225
6000
8436
6415
4229
7071
3542
4603
8027
4976
9438
2915
1235
1397
4258
1902
2288
3285
4949
7273
7988
65
4504
6635
1602
7847
3478
6655
4809
231
3550
7151
10376
10334
891
171
5960
4495
749
828
7721
5233
8142
1095
1867
1852
5872
8901
10400
3307
9138
1498
1483
3547
2947
1667
4956
3837
7947
9449
4313
9819
5470
6662
1549
6304
697
8759
9284
1576
7821
10233
8340
1279
211
3476
3560
6042
7088
10004
5796
7345
7392
2668
2005
8890
4648
3202
9779
1126
4759
7683
2764
255
8301
5132
663
782
3980
4542
5954
2467
3912
1989
7136
6773
8117
964
10000
1497
425
5825
6576
7354
980
4121
10206
5342
8786
8032
7743
8407
6402
2491
2164
5668
1956
9807
8819
9903
164
2428
9823
5596
6489
9316
9009
9042
3543
10234
477
1402
10415
1768
4784
7595
4780
1056
9897
992
6640
6922
8859
8894
9517
3233
8924
5648
9306
2133
7843
10369
7588
1742
4464
1849
8814
1957
8855
5437
5855
9445
6690
1313
9900
53
2708
8563
6025
2321
7375
104
4623
5510
8837
10279
9854
5115
334
6939
1619
4302
1718
2406
3408
1496
5353
8879
4543
5654
108
431
2482
930
9544
7314
5687
8792
1841
9428
1631
2244
2440
2198
6714
453
7408
7186
1805
8388
5004
7899
7446
4791
8676
6680
2806
417
9886
5987
9739
5070
9684
2977
860
3588
10318
1445
9177
1020
10395
4690
8336
6854
1964
9631
8845
10171
2135
7868
8710
9417
44
6866
3544
3898
4537
8251
7573
3979
8490
7617
2019
3418
4362
10316
9484
6767
5263
5786
4947
2157
478
5920
4332
5588
8114
7801
10015
2351
10226
429
5073
5046
9513
5605
8389
558
8550
8581
3294
4625
4141
4422
7619
5628
305
9999
867
8794
7853
9103
8097
3175
10154
9906
1278
6676
7958
9315
7807
2427
4082
4098
9816
4054
2793
3811
5305
4151
8306
1446
1749
8444
8240
2209
2002
1541
6521
3655
5553
6261
5187
1286
3297
482
1555
4002
6150
4880
6223
9077
5384
9278
5424
5934
325
5380
2972
936
8687
33
5899
6022
6848
2594
2689
10208
3777
7418
9867
10158
8906
3904
7869
4703
726
1728
1674
5170
7154
1022
7410
5180
5356
8105
8045
1111
6357
5197
8198
7787
6537
7912
2188
6862
85
4180
9485
6106
92
3097
3034
3509
199
1587
8694
3951
9584
6765
5249
7870
1436
9953
2795
1624
7999
2434
6832
3394
1717
8479
1503
2568
2326
4158
2832
242
2773
696
6219
4186
9554
9669
2499
4384
6387
212
9776
6542
6661
8396
6867
4489
8217
7224
4941
2222
6285
4522
143
7168
6248
3948
2797
6956
10088
9605
5421
5753
785
4829
7732
433
6368
8925
3682
4262
9083
5049
6935
505
8636
8988
3152
653
7114
9454
6512
6617
4372
2136
9413
5980
2414
2808
6937
2099
470
2939
3793
4312
4771
3917
5218
8332
5821
7835
1760
812
1832
2068
7343
5575
6637
5176
9188
1257
2095
2798
8468
7046
1394
5021
8586
1065
2626
2152
3510
4059
7195
5597
9166
4686
1862
4185
265
2122
2512
3601
1451
22
6786
3754
1621
6165
2092
8486
3133
3148
9381
8227
5144
1417
7762
8292
4170
3086
869
1236
10031
7101
10270
2170
10001
3678
4718
4169
6188
4187
7577
2310
8871
1079
4596
2196
6926
6126
5859
10157
9792
9324
8100
8054
6384
1365
1701
2600
27
7076
426
7528
10193
9589
4499
4034
4244
1917
7881
105
10065
10432
9916
4137
7831
7674
2840
8531
9351
7243
1502
1150
7221
5705
1617
6808
1514
6713
2472
6272
10243
7937
854
5958
9322
9780
9882
8140
5018
2066
9343
8756
3737
2405
5867
1359
5551
9818
7645
743
1887
5291
949
2409
5530
9393
6668
2433
10406
2863
6855
6577
10198
10434
124
2476
8511
5533
3864
2830
195
5135
5104
7945
10104
10320
4744
1013
2124
543
6241
3707
2298
5126
7997
2474
6159
1075
10331
954
3095
9832
4198
10100
8601
5815
9463
1606
1613
3790
4821
2740
458
3423
6189
2759
1083
10265
1875
9994
2329
8673
9600
5009
7023
7965
5890
2771
2712
5402
10407
7972
349
5382
8197
9979
6545
203
5870
2707
5763
8952
4785
7990
8985
2619
2866
5016
4972
8633
5045
3485
5607
6518
8978
2401
7613
2314
7068
1949
3773
8260
9694
4210
4338
5027
5292
3582
2387
208
5284
8125
8213
10146
5290
8286
3109
2906
9921
6924
8832
392
8226
985
4989
5341
5228
5190
4421
2923
1524
9853
6017
1543
5662
1476
9764
4984
6620
8905
10053
5541
2822
4062
129
5914
8717
9718
8594
4160
6296
4810
3788
4211
6793
3369
9099
9434
6756
731
5052
4969
3291
6235
7915
7775
7648
5918
1923
1068
7590
5953
971
8799
9214
4315
1001
3680
192
4602
5129
10123
1274
7503
7364
4708
1173
3019
6320
4706
3906
709
9641
4742
8022
230
5451
757
2220
6390
3436
4490
2575
714
4630
5748
10361
6780
10084
8323
4858
779
4195
4684
3522
4465
8180
5067
3270
1492
7726
9471
3186
6480
3101
2415
2893
4902
8041
7564
822
7456
5675
336
732
1900
10027
82
1437
3444
4410
8954
10170
1840
8015
7545
10280
1639
157
10009
4870
7876
3558
2949
8221
3051
3726
219
763
31
527
2296
7125
5492
7946
7554
2587
8068
3998
9973
8900
5590
3627
5456
8787
6233
1529
8089
3275
282
4611
5526
5088
8445
4063
7316
4378
5338
324
4549
4761
7308
9555
1544
531
3943
4757
6115
7447
7754
6611
915
4115
5611
4365
8514
4199
6207
2869
9978
7034
8037
9433
7565
3426
4251
6978
6688
6898
3286
1788
2899
5721
6291
7288
2207
3198
6179
2192
8921
1772
5350
5852
2952
942
7911
3824
2081
1387
4647
10033
10144
4544
8418
889
201
3342
3324
6166
2245
1291
8627
1479
3043
8034
4402
8634
4208
2354
8762
7315
2259
1087
10109
983
2475
2235
9212
172
8649
1307
8907
9358
4281
8160
1589
3734
10173
3161
2953
4081
4368
8076
9713
7449
7499
9632
9534
8485
7722
2429
5261
3387
1262
3747
5092
810
6885
8587
5301
5669
9648
4462
1088
9226
7454
4883
820
4491
6768
5312
1028
9638
5286
4339
3443
6666
9968
2115
907
6859
6567
365
952
4986
2767
826
3701
1804
5830
9021
146
1096
4359
10124
10329
2246
9859
7412
5673
2640
9778
6541
4261
3239
6221
10187
10196
4952
9262
6136
6574
8560
4827
6770
8008
2801
76
4702
1031
5124
5128
1842
7888
7680
1530
1261
3556
7053
10257
5423
3992
7993
137
9002
8067
2810
3251
7100
6728
6626
4477
2055
3379
3938
9289
1232
2804
9491
1583
5169
7537
2201
8501
4844
4017
776
3247
2908
8933
8999
5125
5861
3753
9458
10060
7785
4957
3187
739
9580
5928
5079
9964
3842
10011
9391
6161
2016
8882
6244
4728
6772
127
2249
10429
4300
4215
9194
8473
1626
8745
1330
7440
2466
7727
6849
1112
7578
7705
8477
1575
753
6632
5716
2962
7563
9977
9660
6254
7614
7792
1099
4804
2700
4445
8390
1709
6906
6419
4886
2043
8233
7813
8788
9932
3742
2912
5481
6510
4752
6992
3315
9761
4393
4697
9975
3145
3683
2914
5271
7126
1533
2307
1450
7471
8991
275
2805
7693
5792
4698
3200
6061
9131
1750
8509
5564
9069
142
4304
3710
8259
4351
10113
9332
2589
3002
7417
379
3507
2940
2987
4726
4656
8577
10452
6710
5185
5886
7589
6220
4475
584
1425
2364
2134
3072
4285
3564
2217
4267
1605
3024
5559
6991
3931
9018
9127
397
9988
7981
7700
6389
2954
6376
5484
5507
4651
3675
2577
2894
2233
5096
8803
4691
1710
8281
9342
1980
1174
5943
7413
6301
7744
9876
2342
10404
8443
10343
6543
9333
7898
2955
10162
9724
1681
841
3393
1003
10422
10381
2662
32
8382
10335
9800
9677
8026
788
9939
24
4331
4627
524
5047
3438
8087
7305
7222
4526
3816
3650
562
6685
10117
9477
1366
4294
7480
5087
3900
2665
571
3695
8127
5031
900
6729
4762
3468
6948
9674
2139
5843
5427
1368
9928
8868
4042
1374
7976
7725
6031
6445
3378
1038
9774
5477
4727
6363
5467
708
196
3458
8503
2167
7858
8333
7259
2636
7029
3712
2998
3330
456
2312
7122
7608
2935
6412
2657
2119
7575
9128
3587
4112
4814
2159
7280
3054
3084
2502
498
2252
2141
2907
7389
1202
7622
4204
2386
594
4795
4201
9967
7296
5381
3760
7568
683
3616
6693
5817
5360
7742
4982
4447
5910
1438
1305
7402
6799
4859
8050
7072
5107
8543
2077
7476
91
6798
463
1110
8715
5937
588
2490
444
2168
8568
5626
1563
5761
6059
6878
8947
9032
2361
8507
9813
8411
2138
8913
4010
662
3847
9596
3679
5091
2395
2993
1966
6891
1009
10
9425
5101
9118
4268
7252
8928
10275
1433
5942
5818
7140
965
5975
2508
4116
6110
1243
5231
8222
2788
6912
9665
35
1556
2404
7027
6824
3497
1311
7346
1213
6766
5243
9852
8548
1138
8886
8588
2108
2477
3989
1352
1894
9630
821
3541
3165
4101
5400
9659
3576
9983
3094
5621
1212
10277
1548
6517
601
7276
1078
10235
9406
8202
9190
1480
4436
2048
7322
206
4836
5602
9824
3776
2456
4624
8777
7975
2524
5482
4237
7321
2485
3984
4534
2047
2924
1992
5121
10325
9121
3890
8186
569
5509
7173
1720
688
8124
8508
7248
57
2513
3902
10346
3846
3069
10195
6210
9910
167
1934
7514
960
6944
348
6306
847
5298
5581
1983
1206
9991
6062
6309
2936
7815
5181
5335
1077
9235
3839
6883
6758
1906
5502
7808
2918
1632
7713
7227
5562
5525
3769
7113
4442
6573
5862
881
1320
4680
6514
2684
1461
4927
1694
4277
6040
4358
10229
2076
2451
2216
4015
8465
542
10026
8187
580
9457
10181
2083
7024
7734
6156
1067
8139
3613
209
5550
8439
2827
658
9835
9619
6065
2978
6782
6641
5879
8575
8182
7698
8266
5068
6124
2261
1432
9133
6250
215
4110
4910
1221
10222
7550
7776
873
40
8566
3107
9822
4719
6990
6741
3645
5793
7752
9912
5459
8006
1415
147
9053
10441
8239
6097
572
8779
9469
9649
9303
7962
1362
7673
3528
2711
9521
8254
5465
1069
8674
2027
8368
5503
6751
1306
6960
1490
10440
1756
5220
1358
5608
3238
87
1660
9047
1838
2096
8719
9751
2357
9261
2755
3181
2248
2722
5863
6084
10417
9838
989
7144
6555
7146
6629
226
7334
5704
5214
8312
318
2210
7162
7483
4767
5193
5727
5178
9279
2758
5963
3779
865
9243
2049
6563
948
9144
7194
926
5362
3552
8387
1570
50
4792
886
4787
4572
9501
7819
2229
8767
8738
7932
3968
5703
7963
574
9592
6112
8696
3866
2643
3886
9997
5438
8320
616
7092
2435
5483
7546
9782
4582
8504
10409
10078
7170
2014
818
1277
8705
3396
7920
7679
200
9474
2867
4123
9500
9154
9875
2522
4232
2678
9586
672
4874
9295
1123
7384
2876
9889
408
6335
4135
6592
5348
6858
4554
2620
327
1486
6881
2685
3562
7312
1540
4127
6398
5916
8520
3758
8764
9628
5364
94
5439
8672
3194
4415
3138
899
9357
1850
8327
3114
7035
10297
4867
3947
8165
9173
8216
6101
4417
4175
4293
7533
4732
6505
1355
2716
10328
6646
2445
2846
5329
8167
362
7260
8434
1928
7740
8876
4720
3380
1668
7180
3602
7874
7270
8776
300
5297
5343
1171
5
2341
4934
8655
9026
4863
46
5432
5299
2266
9765
4340
2857
9254
2741
323
4061
6958
6634
9880
3373
2070
2971
3988
4453
1653
5254
10266
515
957
5831
5142
7814
8528
4446
260
9267
2901
7959
10096
2372
1372
6020
7291
8896
2957
9700
3214
1058
3749
7863
9152
2388
5777
5696
183
7615
3733
10163
223
9721
9902
1954
8196
9567
7855
6405
2950
4382
2155
8869
10390
5211
10284
5930
163
6326
9162
7484
5270
3974
10184
4709
5769
1608
880
7182
6908
9222
5988
1559
6408
1814
5351
4006
4174
6851
6418
1684
9820
5237
7736
7255
204
3015
7398
3925
369
8193
9368
1299
9036
9310
2608
998
2542
4960
3327
3629
4564
180
5392
6068
1982
4459
3048
4580
10175
381
1836
5706
2695
7135
5985
5966
6596
218
5655
3609
3370
9601
307
7014
5522
4197
502
9001
6037
7995
8164
9227
1465
3486
7244
7054
9546
6371
737
3004
5819
4219
6200
3013
982
5752
10370
10403
3122
3610
7538
4501
7424
8716
1568
6395
2680
4109
3240
8069
2431
5635
6073
8345
251
538
6003
10023
1322
6669
8854
9634
5884
6343
6695
5931
7829
7604
701
514
7600
7012
4901
5674
4517
3647
4021
4908
10121
9621
1182
9191
117
2865
4166
5560
4524
5414
9270
7536
10130
7861
8618
1458
7307
6463
8677
4983
3211
7811
8299
3530
6807
1516
6903
5625
7992
9120
3722
5136
2382
8035
2590
9901
7357
2148
9890
3462
6088
1865
413
4409
8290
8785
3665
4039
9217
3991
4913
5638
9421
81
5875
8923
2537
9156
8188
5782
8039
5586
2425
4069
1640
6305
8834
8425
6544
2046
6157
5713
4245
6551
6121
4914
2841
2559
3190
9942
10177
6981
10357
5512
3848
9203
7756
6927
2819
9831
493
3269
210
3028
9490
2887
8074
716
3763
823
866
4633
8564
5657
8810
9170
3756
4889
1324
119
10190
2309
8684
8506
138
7277
756
9276
6895
10413
1561
3007
1579
1819
1146
6308
5397
5441
8811
10137
7982
9380
6066
10261
9410
3501
4848
5788
1039
5416
1633
1901
9633
10433
3990
4429
3843
1941
8371
1018
5838
4604
9914
7660
8246
1984
8691
4148
7984
3741
1593
8950
501
367
7886
9840
689
10110
3377
10292
8932
5245
1043
4049
3075
286
1745
4770
8019
8060
6526
3735
10224
6736
3449
8598
4826
9431
6386
9246
4494
8199
2545
8145
6341
7127
5653
1048
7688
8249
1732
6875
343
5471
459
1853
10028
4683
2941
1227
2724
51
6911
421
5415
5652
5419
190
1166
7355
5820
875
4430
8753
2120
5904
6734
1523
2831
7138
6852
6129
7917
4579
1803
2183
1843
10364
9392
3435
3157
7786
9737
4336
8220
6089
220
4330
3195
6054
5723
6119
6570
5349
1351
7678
8377
3047
1271
1197
5223
1769
698
419
9296
10244
9035
7111
659
3278
1835
193
2760
5766
7230
3644
585
4348
3223
4805
799
3235
9321
2553
3516
7388
4788
995
9709
7651
5633
6353
794
6222
1375
5497
8798
3566
10097
9252
1722
10425
7406
1447
246
10274
7940
9602
10399
6016
2573
7174
8852
5323
7633
4740
6870
9532
3626
10172
3849
7844
10349
9347
3623
8056
1534
1652
7887
1304
1190
3515
6501
2745
4670
877
377
9007
7150
6975
4248
5013
6494
7303
5813
4631
3481
9536
5366
8420
7082
3116
5524
3042
1113
2646
7520
1090
8765
1953
5591
2611
10010
3201
613
5737
5912
10138
9239
8223
4413
10029
717
10362
7451
6008
642
378
3800
4243
4228
6586
9185
9720
781
3961
4278
10126
3829
5311
6359
9908
7011
5511
125
6735
6591
6090
2757
1752
6725
8983
7609
7728
2393
8838
9506
6784
6123
9995
1607
9074
8880
3127
5376
266
2253
2925
9441
9141
2344
620
7177
547
4869
7852
250
1506
8870
4246
4325
4088
7164
609
5651
240
10435
10108
5848
2362
276
568
3835
10008
6013
2854
3265
2734
4440
5933
9400
6018
6195
603
10288
4539
9225
2101
1990
2938
2104
4352
9395
1733
2025
3911
6899
10161
1855
8831
1981
9488
2481
9169
6184
6550
1114
2718
6795
2169
4699
7629
407
3794
6947
6488
8113
5472
10072
2909
7666
1449
4562
3546
291
4361
3065
9687
3156
5133
5219
8414
4540
4877
9260
39
8523
2596
10032
1132
9970
2438
770
6342
1011
6130
3705
4007
155
1134
6533
2543
740
10200
1679
3450
3335
3319
95
5539
495
3657
3479
4946
1204
6645
8195
587
5660
8078
2236
4566
6572
5210
9367
5759
796
8315
5645
232
7137
304
842
1800
8394
7966
1807
174
4574
9645
9398
1785
921
7816
19
1974
10213
605
7166
7690
2701
4367
9373
6500
8712
3656
9236
1766
5108
5618
3910
765
10111
4394
7661
8214
6067
1180
3068
7672
7714
5023
1323
2697
1093
3935
1889
4221
5232
3401
3577
1553
6837
1053
9803
321
1452
7653
9959
811
3113
692
2833
2082
4194
2549
8103
10077
4563
3353
5449
3895
8378
3662
344
2676
6520
4450
4500
570
9754
4812
412
3748
1336
5040
5839
702
5396
10147
4707
9962
9673
1162
2766
2106
2276
2929
3959
5333
2284
6010
5812
6593
7515
6717
2087
6737
9472
2103
10045
4068
6358
3648
7395
2225
3137
2172
4066
9071
4594
2875
5896
3381
9821
4328
9732
8401
8679
67
6536
8191
4235
7184
2018
8980
5347
8731
5764
1409
237
9206
2365
4578
5201
9972
7061
5595
9476
6102
10219
4173
2128
661
7272
931
8200
8853
114
3694
7300
256
398
9846
3088
10165
6910
9172
3775
2390
1859
8747
3720
2756
829
3628
9000
9153
5808
8580
1940
6890
1815
5272
7058
7210
9052
9341
6879
435
2391
846
1738
9361
2838
1585
7048
7773
1024
3569
8567
9383
8944
5744
10085
4070
9168
4672
6692
4476
8392
6214
6466
7448
6759
205
6658
7437
783
1615
5961
9317
7689
2639
3502
2704
6263
3105
912
7833
4676
4001
8608
637
7421
4397
4958
3164
1268
7094
9615
2153
10128
6111
9980
5208
8561
946
2274
2920
1341
1263
9947
7147
4968
4576
1691
9220
1214
1730
981
6427
4581
837
10267
4265
5062
8362
10149
2794
9609
4418
445
3168
352
6691
8393
3982
6354
7420
1108
6880
2889
8646
3809
8604
3585
9927
758
2593
9857
3778
5372
10145
10295
3372
8737
1122
4774
4290
3366
1386
9143
9520
9379
7265
6467
5911
7717
136
4661
10453
310
6673
5903
5888
4466
1061
9085
8302
3295
8013
8961
3350
5917
836
6569
6607
490
14
5772
5967
3885
3838
9167
9165
10449
9502
8096
1614
9218
4354
7274
8129
3180
10451
2738
8688
834
8537
9335
5194
3141
4058
7652
2579
4802
9192
8892
7223
8417
8470
4507
8941
6976
4552
4419
4426
5113
254
7383
2265
7419
3930
2630
8025
7293
376
993
8795
6373
8666
10167
5213
10271
10263
7387
7095
2306
9087
2495
1971
7749
8132
3523
1821
3035
6047
7045
4200
7187
4704
5318
6681
4329
297
258
3447
8450
5020
5578
4038
2036
2021
2176
3430
8804
1098
8729
5992
245
8224
2291
1334
5413
9571
78
6706
5029
5307
10241
8329
8499
5592
7818
3360
4803
7956
2916
2674
370
8091
4511
6176
7639
6361
10055
8119
10025
4569
2762
9966
9563
2815
4638
7474
1303
4527
958
7531
1293
5691
8629
2817
2371
2069
1462
8510
221
3887
7134
7620
7569
1618
6211
5025
10238
252
617
9815
2719
8571
3825
9909
9729
1339
5490
4570
10174
5556
4241
8671
945
9390
473
9905
5112
420
1918
5587
8669
8558
1808
6755
1991
3306
8154
6698
2458
5489
8939
3500
6323
3017
7731
1897
4239
2911
2823
6987
4721
4089
1700
1369
6082
293
8984
1947
1419
9419
8942
4793
6158
7579
2848
5698
2663
5493
9627
1089
5634
3669
8556
6650
4164
774
5488
7864
5118
6726
6839
6671
5153
5865
9522
3264
6495
7760
4473
3498
2154
371
3713
9986
1384
5076
8441
2851
4970
6674
2488
6804
1121
6231
8910
4945
2539
966
7434
1515
4257
7601
6375
5226
3248
4091
5743
3845
5715
449
8956
5804
3595
1775
2813
62
2511
3218
6602
3245
3537
77
2281
2994
1161
8072
1936
4220
9447
4391
38
607
6213
7626
0
5694
3063
3879
6134
9399
2836
4405
3717
5945
8007
364
7729
179
10148
9935
3003
9362
10035
5814
3660
1178
1955
3073
1404
6098
7132
2174
2585
6093
6238
4090
9364
1107
6152
9112
8538
7534
443
2315
4513
3812
984
4893
7330
8660
3058
7643
7974
1027
6378
9984
977
3994
940
578
8802
1210
1188
3209
6439
1641
4083
86
1234
3594
7022
391
6414
8467
5227
10075
2349
9466
9725
3517
1129
6622
9110
2461
3120
9210
7145
1250
8492
9881
3591
1430
9200
10054
6185
9960
2313
6100
5646
10308
395
5008
9409
719
3857
1391
2280
6777
6449
9587
5058
2647
2478
5369
4768
10153
6429
140
5277
4390
3208
4371
9163
832
5468
7123
7553
599
9240
7128
4782
3504
3434
4646
4144
5420
6350
9949
2946
9617
11
6468
9526
6377
5787
1650
10377
8605
6122
3067
7910
10019
3356
308
3279
2375
8285
5015
7190
3110
6733
4548
6114
5288
6349
537
8699
72
3615
10192
4666
535
2195
8093
4963
5274
1315
7755
6340
6455
283
8350
2532
4828
9817
8399
5033
6491
6929
8282
1751
4884
4345
9049
8572
4865
6424
7873
9706
280
3963
10098
2063
937
9507
7668
1677
7153
5589
6963
1545
4650
2113
8484
253
1063
1223
5950
2402
2552
849
2471
2237
6232
4881
2130
5854
7558
8908
7373
2286
3197
4753
7890
3407
8934
6325
3630
7593
1645
8101
2335
49
8252
9339
552
1226
929
3409
4326
876
7973
9416
8521
7181
8380
6015
6092
5949
5805
4438
521
595
1459
3868
1794
9462
2000
5809
9955
9088
6131
2763
1799
3755
3236
6469
3471
9558
1685
6264
8889
7285
6502
4096
9915
2353
3104
6255
6966
8968
4437
6575
1574
2381
5340
3049
3384
3561
8861
6180
10127
9308
144
5458
2166
6428
1318
6058
3389
6095
6980
9293
2078
3614
5573
4025
3070
3391
4800
4435
7566
4486
2137
4777
4254
3664
9798
4242
5547
3261
5319
6347
4618
9810
3813
897
1735
8351
831
808
1931
6998
6977
3262
8522
2270
1711
10283
3876
5095
4334
10012
703
8459
437
4441
2868
6012
4921
8255
8083
5678
8733
8208
6204
8131
7777
7246
9470
6763
864
9264
4231
10414
1102
4693
9245
4216
10253
10216
9944
5971
8480
5093
3586
6144
3865
372
10319
4156
1475
8972
1472
8902
6940
5688
4223
4483
2576
10305
9013
3242
2121
9974
5629
8778
5273
9646
5639
6623
8562
10273
8502
3654
1101
284
4900
4364
1703
778
6792
5200
3607
6045
2064
5518
4353
10132
6270
5043
6863
10313
1418
8415
8121
8115
745
5802
3617
7209
7708
5057
5244
9323
5486
7455
7458
6805
4665
9255
4455
3718
3956
2034
7535
9529
3548
3640
1030
7948
6245
2086
8040
187
234
6721
1857
5071
6006
10247
4389
4383
4743
1119
5580
3743
8505
2327
4595
5989
6847
2933
8155
2997
1037
2010
655
5436
602
7662
1863
2623
6237
553
2581
4599
7849
8111
4179
10419
9682
9742
9514
3213
9748
4037
3663
7489
5325
3470
5280
6619
4356
592
1442
3929
10365
2219
8212
6872
3804
3144
5939
3730
25
2779
3056
6178
5897
8709
468
8974
5906
1678
2160
8307
5845
9334
6696
9146
9467
5936
3226
1521
6279
8014
3362
9679
6775
9879
3230
6707
730
2182
1454
4741
5294
9734
7900
6996
3037
8844
2493
8283
3041
9548
8135
5566
9524
6724
7527
9161
225
330
4387
5148
902
6538
197
6535
8938
597
10169
9287
2641
8584
5844
6329
1023
5499
427
9386
6193
1380
4256
1331
7363
8297
9024
3321
6461
7903
8823
5568
7746
6474
8017
7526
3266
5236
9314
2015
9969
6257
2784
3993
7696
2214
2507
7741
375
8437
1712
7414
5494
9847
10079
4868
4190
3451
4380
1753
4677
6887
1896
4916
8545
3751
694
3944
9065
4307
1426
4032
4133
8769
516
9189
2079
1033
6482
9811
9702
2503
10355
9598
4769
8325
1611
3210
4209
9745
7212
9450
8435
7960
7851
6972
6294
853
2085
1997
8171
3570
6522
4471
6789
722
10252
509
713
1833
1764
9636
4528
6281
10176
69
3745
9348
8057
1131
2612
9363
8945
7124
7647
5388
9675
7098
4700
6218
4143
20
6290
7337
5901
2825
1965
2432
9037
9148
7657
3557
3412
481
10430
5234
4131
2602
6964
924
3638
9205
8322
2723
3023
5109
1163
1713
6035
54
4097
1693
1424
7238
6936
5773
638
2093
8463
2127
7036
9752
6346
1723
8700
7702
7571
6603
6194
7093
7797
6954
517
9736
4036
951
5111
7790
2319
5689
2348
6034
5281
4965
9768
8817
84
2844
249
9330
9599
10223
9230
7892
5938
4764
191
3986
1272
5500
4763
4857
4376
7931
3581
3232
6953
5895
2967
4142
2111
7491
4414
3926
10150
9181
1817
7452
4045
9495
8457
8210
8960
3491
4509
7934
9180
7407
1229
6407
5028
6487
5063
9045
5217
9837
5922
451
8149
8046
6002
6055
2501
801
9079
6094
7320
3521
3697
1963
268
8369
9320
5584
3222
4660
3206
5659
8883
3884
3817
9184
1715
7541
5555
8276
890
8516
8052
629
7115
8491
9658
9359
8610
2051
8002
7894
5571
4607
520
1777
3975
8343
2859
2588
7559
6843
5035
8168
3184
9870
1329
9115
5834
233
5474
5157
9530
8262
10426
9588
8589
777
7943
2858
4912
2616
3782
5105
5622
34
386
9989
5647
9749
4590
4878
1074
10242
879
7878
5583
2179
3670
5692
7496
8987
6369
6064
7065
8667
8335
4253
1731
6473
9464
9108
8541
10180
2615
7055
9029
5152
3958
4168
3061
63
4323
3714
4171
8574
5620
5203
3341
9593
410
9697
2884
2599
5373
8512
9692
7119
1834
5969
3241
619
6621
9473
9871
2215
6240
1240
4933
6486
506
4977
9894
4657
4779
1562
2900
1040
7828
6448
1055
5501
6462
41
6614
5724
7200
6275
110
7336
10397
4266
718
415
10260
2050
6453
2294
3706
4925
1846
7703
7539
2320
1584
6957
9958
3192
10211
8376
9164
7240
7102
10106
8203
2316
7518
6417
8295
5334
518
4460
8805
9263
1845
4298
6840
7842
1469
9300
3703
4929
7882
5978
4360
1724
7521
5946
5385
2567
4815
1378
1586
5982
7479
8317
590
4349
6083
7236
1758
5202
2527
4297
5036
2506
10391
3727
2029
1789
1535
4616
2247
9193
9626
4664
9937
3513
5837
401
10424
9134
5253
2609
2541
8895
7830
6196
471
9195
9012
2551
4687
4935
2983
6989
5709
229
610
923
1802
5330
2301
9050
7925
3333
486
9710
292
7724
8602
5174
150
6835
6452
7457
6608
1961
7795
263
10420
6436
9101
5394
6519
6471
8215
8235
8569
4688
8122
950
8825
2742
10291
5640
2958
7549
9011
664
1302
6046
5857
4711
4652
8258
2178
5192
7625
772
8926
6324
8244
5114
3296
9948
623
1225
9683
6894
7415
6155
9307
1337
7644
3416
1169
3039
1046
10455
2131
3189
1144
120
6749
604
2149
1648
9004
631
999
7399
6969
2324
3765
3020
9836
1580
8791
181
10348
2221
8544
9508
9223
5332
7953
5760
5426
7235
5880
4521
1396
1629
4747
116
9329
3060
8190
8800
5365
10069
7464
9370
6562
3355
9863
7591
9576
7175
8783
5552
7699
4523
1913
10304
302
9611
1181
9269
9775
1283
7548
9394
1581
8075
9830
6198
6036
4919
2744
10067
6557
5726
3309
862
2855
3767
7530
7850
2234
8144
6952
9157
9753
7057
6183
9130
735
5150
4841
9976
6584
1880
582
3883
7376
6931
8547
7459
4765
7183
1044
247
1189
