1408
711
1676
1953
1779
1950
686
1529
375
914
1362
2083
1630
1839
1167
708
1665
2262
2062
170
1022
1681
284
2118
693
1945
2389
574
659
677
1223
340
306
173
2108
344
182
647
1111
1136
2432
713
1043
2219
2440
1464
2403
1905
1053
2454
1062
2170
2416
10
1152
279
1666
1261
954
1042
2074
122
447
1146
1927
2244
1336
2052
1526
487
1479
1539
159
2423
28
1756
1767
2347
866
1932
461
2090
2181
1381
520
1770
1452
525
1563
1993
1567
1725
825
824
836
963
1798
1298
830
1320
107
1962
83
529
109
2398
2434
1988
1507
1012
2200
1248
929
1400
425
2131
2002
1029
232
1859
2366
1160
1344
2005
1612
1875
1493
961
2376
363
2116
1343
2433
1548
2292
786
1958
259
2092
1650
2263
1975
1643
21
373
1602
2459
160
829
738
247
251
1517
176
2139
2309
2010
1896
493
1044
2353
981
1329
2478
608
1268
1463
1716
1034
1080
2042
2361
200
1445
1108
1060
416
846
1347
1774
1747
66
2266
231
1946
1308
701
131
264
1117
99
2082
1898
1247
156
2471
1596
459
632
1914
1337
1998
244
2056
1067
1238
400
948
218
1530
2228
643
1893
2489
88
1033
671
1724
1353
1196
2472
1218
2255
44
2175
840
1139
1399
1715
1701
1281
2299
534
1168
726
555
1606
1700
1321
927
819
1031
618
1340
295
1368
874
1203
1198
2252
1451
2480
2001
1817
2248
1226
1514
2383
673
1375
1508
706
1537
191
1282
1275
381
180
1597
656
806
248
1305
642
2392
351
1629
1487
617
2417
1832
1541
1190
1963
2250
2185
1202
851
801
1569
1852
1165
1851
228
610
749
1538
1371
1585
1857
1830
2370
2253
795
3
2240
1762
1688
124
87
1734
460
14
1614
1466
1234
1326
143
2061
1887
1920
401
628
1032
633
810
1289
85
1098
1499
1151
1386
1707
768
1801
1458
530
2460
1876
2426
989
2315
2137
463
443
8
2371
22
338
1799
1804
809
1590
588
5
1634
2032
1130
1713
1978
1718
1682
2436
1869
2102
1800
1179
2120
2328
484
2205
1259
761
372
112
780
1007
1673
630
712
2458
113
653
782
1086
542
221
812
946
2354
1048
146
1704
316
1557
241
1618
767
1254
40
2230
585
2142
2438
739
1002
2193
1610
572
73
601
2334
1269
1475
2093
573
666
1636
55
2450
282
2000
296
1181
2479
1837
2456
1145
2335
1660
2270
61
1900
1489
1883
227
2145
1250
81
2364
641
1861
1871
342
2104
599
123
944
482
446
451
1059
310
519
1119
266
1406
6
1683
652
1999
2025
1841
1649
2485
1651
2182
891
670
25
507
1138
356
324
2295
1788
1243
250
1646
1010
2035
243
727
1637
1628
30
438
196
2101
1654
1511
2259
1540
1966
577
955
2363
1116
2121
1955
1735
328
332
462
43
1659
1553
175
1102
508
189
1121
1627
2391
136
465
2125
2475
900
1872
217
757
147
2051
1468
2162
1668
1225
405
300
598
205
2178
934
516
678
789
742
1211
1084
1162
96
1687
2393
1421
541
649
68
733
2229
77
547
1899
1607
224
1881
229
1001
277
730
1522
877
1433
1982
1981
2413
1586
1411
1442
833
412
863
794
2198
483
597
1103
2117
2313
2045
931
2243
2487
942
1740
1996
245
842
235
1155
1599
1521
2212
377
1631
960
1684
1574
524
1294
2223
2483
1622
164
474
91
502
1419
2195
751
1476
2037
775
505
1087
309
1772
478
1608
2344
1417
152
648
2304
606
2148
1120
1405
1447
756
1600
1187
481
1333
2085
378
485
355
1049
705
2484
323
919
1157
579
389
621
2493
1924
2348
1206
1219
2146
16
2490
4
1441
1821
1743
2236
1916
2294
1702
2488
1656
2269
995
695
619
1144
291
1621
1846
1912
1057
1938
315
1588
219
1880
201
2265
212
1
86
293
1244
1292
1096
2359
1730
1956
1323
36
1823
1491
674
593
1462
1264
9
286
357
503
1555
1848
1149
494
414
1952
27
1192
1365
53
2486
1185
1742
498
602
1842
1265
208
1124
1811
285
472
1641
1542
50
72
898
1285
1169
1820
2105
779
62
1547
1490
1822
1754
2388
430
239
486
2350
1503
858
718
1809
723
1761
1579
1357
959
1997
1471
1562
763
879
103
626
1472
663
1444
1825
1483
894
1278
475
1233
1717
370
2355
2406
797
1470
576
803
979
1699
885
1826
215
1974
766
2194
1632
957
2374
685
688
79
1140
1664
895
278
213
1184
2324
661
1884
1494
2153
2091
748
1849
433
110
268
1816
1609
476
1389
1004
2199
1829
1212
710
455
905
2395
1860
1745
2072
1760
1545
101
1906
1696
290
1021
2021
1635
427
868
2321
1560
2267
1795
1473
2300
359
845
1367
496
1221
1316
1691
2367
788
1854
1940
1862
2337
2013
2274
1625
325
675
2011
2491
614
1972
1677
1397
207
1806
1878
1780
1129
137
179
2368
132
634
346
265
758
97
528
988
1276
1153
1313
1302
591
754
1040
391
450
1833
98
1506
2254
1568
564
1785
75
799
211
1018
1456
1274
491
2140
1519
1277
1889
1014
611
67
260
2152
2012
2280
736
1150
2147
636
2379
287
1351
1330
1443
2405
916
393
1334
560
1132
1407
1824
600
2296
1414
1655
473
334
515
361
2256
304
1598
2249
1726
848
326
432
2298
2063
252
1815
1712
750
837
2133
917
1312
2064
1794
1201
2026
2215
839
2110
1917
1457
2122
65
1461
301
2430
850
1296
437
1711
1615
2103
2380
2134
1110
379
680
925
1633
2402
956
707
1171
890
415
1195
581
2362
859
787
2076
607
2247
1639
2073
2492
1648
526
453
1230
551
51
402
838
1575
395
998
274
322
367
2495
1279
1055
1005
1573
1877
1695
1065
1420
937
1566
852
1355
987
1941
947
822
1272
392
1430
2282
2271
724
92
1843
977
1985
1215
1069
935
910
1401
1438
793
1122
729
1128
2112
42
854
506
1749
1019
1220
869
354
1174
561
1488
1520
1349
1228
151
2233
2160
1512
1242
1071
262
500
664
429
1551
1581
2157
764
1094
1073
1101
335
1161
396
1515
2418
703
1398
1273
1675
770
813
1267
2288
78
2412
1113
1142
1968
269
722
469
1510
967
408
635
1736
2420
1092
740
1805
2173
876
1270
199
832
975
2079
1984
2020
949
2179
1339
1158
1359
343
589
1549
983
2448
1782
814
126
2024
1915
1241
2316
353
1593
2336
719
187
2225
1882
1369
140
362
2068
1409
158
644
1769
2084
141
964
258
1990
1764
1460
2339
532
1831
1439
880
281
1771
130
1531
1434
657
2390
1089
1394
827
2171
665
385
1286
2155
188
873
1856
480
2098
1744
1948
1291
864
1500
2136
435
566
1546
2033
2007
2071
2180
2115
454
1449
2111
821
1360
2089
620
2119
1118
1741
1335
1051
603
1534
1311
918
1387
1737
888
230
2053
2143
1505
1246
2202
1303
1063
1571
1714
1757
1217
1194
1836
2311
2055
1828
1271
1304
2381
1395
1728
449
972
1180
1897
2422
129
1027
2308
1205
1936
144
1413
23
1739
52
186
2166
1346
785
2066
1374
943
1954
1989
2227
2258
958
922
12
1778
514
1075
2410
115
667
970
2038
2453
1935
537
2128
261
883
2100
197
1297
100
1050
1037
2289
662
1350
1931
2442
2077
1418
802
2351
1803
1874
2054
499
2231
1163
568
60
558
1786
1239
687
2396
994
1338
2109
477
553
434
1967
1252
978
2060
1523
1388
1038
2184
892
1424
1372
1525
571
1867
1689
683
59
121
420
847
1173
1064
1855
1980
2141
1918
1170
2210
1008
2451
1188
2333
383
1670
2095
329
2467
800
2473
1758
206
940
1886
423
1789
421
1428
422
1262
1808
1765
138
1036
178
1959
1319
991
594
1440
512
843
1341
1318
1006
280
1903
1204
2161
307
1894
2047
646
1127
253
702
1589
2075
458
2049
2086
2326
2016
368
1891
945
965
2214
419
1227
246
56
1083
986
2213
968
924
952
69
1352
1864
2080
897
299
1847
184
2397
1435
2127
1750
684
0
1193
1783
1172
2465
831
1721
1583
1572
1907
592
835
1237
1647
1768
1378
1331
773
2317
1345
1970
2349
1564
1141
941
517
2469
308
2387
1964
1467
348
2375
399
2384
442
1524
2452
192
596
2191
222
1079
871
495
985
149
249
2235
2369
39
1097
622
1813
1309
105
2204
1708
1624
1558
2466
128
298
223
45
148
1091
270
2017
1617
445
1902
1283
116
1249
2187
2126
1678
198
709
388
161
660
2040
2048
1256
289
1412
552
1453
1901
582
46
1763
2222
1703
1383
1797
162
856
2496
1992
330
1965
2009
54
1686
1812
204
2305
242
805
2297
94
1819
1100
1587
899
387
984
595
1314
911
1731
1705
737
1114
2151
1300
409
1543
1556
139
2477
321
771
240
2455
853
1720
166
2067
1208
543
777
1766
2221
1904
920
1961
1474
194
2330
1873
798
1584
1746
2027
915
1332
2088
2044
417
171
651
1354
1620
510
2400
583
76
1827
1410
527
127
2019
428
1752
47
1671
1216
615
210
2407
1802
331
1640
1072
1976
57
1486
1663
2097
1200
2041
1015
807
2050
1209
2031
1484
1284
398
1054
226
108
980
2113
1106
982
776
1748
765
220
1260
932
2468
1536
930
48
468
1210
752
2437
1436
1039
2435
912
565
1669
694
725
1290
1023
1580
792
1685
337
973
860
1224
2107
692
155
2279
314
2174
2057
2257
1544
2287
1577
1186
823
1781
294
58
2164
2419
1066
1182
1495
193
365
1858
1076
236
1502
522
1197
762
2168
1191
734
569
629
271
267
2196
1910
676
163
849
909
586
2470
2006
2447
1045
1310
305
2329
1437
746
804
1370
1307
374
2203
2464
550
2428
411
358
1838
881
1552
2059
1638
578
95
2004
731
1559
1532
35
119
2211
536
1266
135
716
18
698
2217
2132
1550
1518
1104
808
33
681
1147
893
2008
818
875
150
1112
1485
288
2078
209
489
870
1477
133
1645
575
2408
781
1680
1469
609
153
921
1070
1969
2232
444
17
2167
118
2372
1844
225
424
697
878
2414
2306
2386
784
1528
234
2188
2023
2356
2439
1793
790
2345
1582
1288
1496
1773
2094
993
142
1501
302
531
145
623
319
106
1642
953
1753
2378
759
625
1939
1983
817
1865
545
744
303
1361
2114
926
1317
976
1603
1328
394
1429
313
1432
125
1183
1710
29
70
557
2373
2039
1807
479
1909
1175
951
1623
11
1991
1870
904
2445
1402
1231
2043
117
1176
1253
2018
34
1934
2220
654
2087
939
796
2209
1013
426
2331
2325
134
410
1943
1364
2099
2029
753
2394
1047
1017
728
2216
907
908
2150
169
1835
41
2301
2058
2224
1977
1662
1698
1459
2322
1595
2401
2030
631
2176
2343
497
714
1257
669
185
841
1199
1376
820
202
439
1058
896
2474
1213
386
492
339
2441
167
538
747
570
1481
1245
1081
431
237
347
2015
717
640
190
120
1363
1082
2421
471
1396
2246
540
1653
1732
2022
1594
2190
1455
1342
1895
2197
755
1492
352
2283
2360
1933
1384
2234
1382
1792
1109
1840
1392
2278
580
2028
1306
2158
559
345
1957
783
826
1845
2154
2382
699
1605
721
349
1613
872
2307
1888
1853
1214
104
172
1885
1431
1448
2186
82
1061
1722
1949
638
2291
1126
2218
456
913
1994
2081
2476
743
1404
2046
672
604
2497
24
341
2409
2123
2377
1222
90
650
1719
2285
1727
2411
2268
1777
327
312
1818
715
1834
1913
276
2482
2165
1131
366
407
336
111
862
969
2036
2323
2272
1416
13
690
1868
2462
2192
64
1379
1088
467
2276
1619
2443
448
1661
2340
1554
741
333
1024
114
1692
2385
317
1348
513
2286
397
2264
1513
1591
89
1775
1947
889
2014
1068
1497
1255
1850
1570
2183
679
1427
2169
1626
2425
2365
2251
2208
816
371
903
1422
865
1177
811
1482
1295
71
1733
2237
704
2338
936
962
867
1951
778
1533
923
1041
2358
549
418
1240
857
1251
320
1995
1923
1099
490
760
1879
627
466
2332
902
1480
2138
928
1393
20
255
1085
2261
1911
612
1095
257
1478
1611
1863
1987
154
275
504
887
1115
2498
1166
1403
2172
2273
1263
906
1679
1137
1154
2069
844
511
533
273
1135
689
1892
548
1107
2070
2177
2494
1937
521
590
501
256
1415
1423
1465
1986
974
2427
2106
616
1759
1299
380
567
2431
1390
382
2461
1450
668
1604
1377
2404
745
1052
1133
1380
1930
2399
2277
732
1535
369
1576
1561
700
436
1516
1078
2357
2124
1327
1425
1207
1504
938
584
1236
1178
1929
539
93
2149
19
2207
2352
645
2144
1105
2
272
1565
655
999
1093
1446
1143
2275
2239
509
2281
1391
1738
966
882
1729
38
735
1074
1657
1928
2481
1787
637
691
886
1601
1235
360
2290
1148
2206
1011
997
546
544
84
181
350
2129
2449
1814
1925
177
406
1003
774
7
1890
1325
2314
49
658
2034
562
828
2310
2463
2318
2065
523
1973
283
855
1090
1000
1156
1942
183
37
2003
624
1509
1385
263
216
364
311
535
1694
2320
441
554
1944
1030
1751
440
1229
15
1790
2245
1293
1373
1697
470
950
1755
1926
2457
2424
2260
2327
1280
2341
933
518
990
26
2444
1784
157
384
682
32
696
165
318
834
238
1922
992
1810
203
1971
2238
1258
1616
720
254
1672
63
815
2312
1301
1674
2342
1796
2319
452
1123
1979
1009
168
1035
1960
174
556
1077
884
1908
1667
2156
2303
587
2201
1921
403
1016
1125
769
1020
1356
1498
1658
2415
292
1164
2130
563
1690
2096
639
2284
2189
297
1028
2226
1592
1189
1866
31
861
102
1056
457
2159
1232
376
1315
195
1527
1287
996
390
1693
1025
2163
2429
613
605
2346
772
1776
1358
1706
214
2241
1644
1709
2242
1454
74
971
488
80
1791
901
1322
2135
1026
1324
1723
2293
1366
464
1134
1919
1159
1652
1578
2446
413
1046
791
2302
233
1426
404
