332
1337
1377
734
684
1330
726
1252
70
816
369
854
1397
418
749
1160
1125
1108
597
292
243
510
1287
1164
499
1131
1388
992
110
915
254
1276
1053
1272
259
186
21
73
222
1062
1230
306
972
822
902
9
802
276
927
599
1361
1367
1036
672
252
117
390
350
953
489
1088
1096
199
1165
1186
1247
1126
92
715
141
1375
609
728
717
539
665
462
392
360
951
244
202
416
737
1353
114
1072
654
581
221
601
97
377
218
914
193
1296
335
706
563
746
126
351
334
729
747
517
388
825
865
509
74
303
196
1030
119
143
773
847
66
302
483
1183
1285
722
983
1098
1334
644
65
250
912
1109
768
637
1349
344
721
40
1038
1094
1304
112
105
417
642
322
373
220
375
25
1238
347
653
59
558
957
813
118
1054
752
929
245
1322
203
1391
964
556
207
987
780
256
1100
236
200
327
629
756
1060
87
495
41
1206
34
967
553
1104
700
1134
1400
471
1181
772
505
399
1174
381
382
851
673
287
618
659
305
1208
1297
1362
869
461
1058
185
1039
1022
275
799
1255
1341
923
299
1325
113
1191
172
910
1069
954
1129
766
106
668
1000
122
503
504
408
619
830
454
1382
1085
908
490
365
943
411
1407
1179
1222
586
1403
585
571
406
1146
301
831
309
1402
874
501
261
346
340
526
809
1312
3
175
579
211
1180
50
1273
920
905
1357
251
1070
1242
718
946
1010
249
208
242
329
1256
482
1340
434
491
705
778
107
805
626
447
98
103
569
1144
1151
884
58
291
896
1355
1291
1189
324
1381
123
751
763
83
1074
198
453
981
401
168
795
663
1194
38
194
1266
1105
8
1359
535
677
1229
280
977
821
956
1385
1032
1216
136
984
1156
131
15
1226
263
1196
862
1342
184
725
161
753
536
1389
308
949
580
376
739
608
152
28
559
991
18
521
945
440
833
1035
843
814
790
19
183
638
698
761
1157
930
349
212
1351
1055
1358
1324
998
934
111
171
435
76
1271
1279
29
13
389
421
575
899
386
1300
397
1236
2
467
121
391
1084
442
1370
374
648
1323
907
448
666
458
75
658
776
173
500
995
11
77
1142
625
5
1211
493
1392
605
472
1185
1314
1320
1141
947
679
641
906
540
573
693
1124
1224
170
60
680
366
687
459
922
550
1031
497
543
1041
31
620
1176
371
1133
513
4
6
982
1076
527
279
958
266
288
253
1136
128
426
577
378
1192
234
209
449
1246
165
696
68
650
1387
282
562
1082
594
201
1135
835
124
283
395
826
296
736
633
1258
1163
400
1399
681
1405
808
548
1318
502
216
270
834
415
217
154
963
564
876
36
1153
1213
870
304
412
1284
713
1269
289
169
837
298
54
970
1044
88
355
1365
961
829
498
387
913
810
688
610
255
893
205
1047
551
880
873
699
996
787
820
204
853
928
948
1145
1020
190
343
711
1288
1346
61
588
917
554
310
1027
1006
877
246
804
319
144
938
630
422
745
1333
398
474
1103
7
592
1394
48
1227
911
931
1017
990
281
1004
1167
955
407
488
561
1240
1066
1193
1064
352
81
855
1212
177
1225
443
898
941
578
568
557
481
333
793
800
764
93
314
534
932
1178
1065
1265
405
341
881
1221
313
704
850
838
480
286
783
1071
460
933
79
27
839
595
248
273
1396
1161
10
1043
1231
1026
46
1116
465
1267
323
888
43
1345
1197
1329
1046
359
845
525
89
514
438
1248
1282
516
1002
886
1073
744
664
140
1257
176
1268
239
1128
132
49
80
524
1077
487
187
567
555
1380
623
788
430
99
297
1295
1205
1366
1379
1368
979
727
424
1127
694
348
104
794
785
153
102
968
817
57
1352
861
661
1202
1277
520
733
1
1259
445
1378
1190
1092
652
858
617
1319
139
806
1147
311
362
328
1087
1119
708
686
748
909
1298
33
223
294
1243
1307
78
224
413
274
272
560
1177
709
1249
1356
950
882
241
574
51
1235
846
1237
1173
457
156
197
1093
791
1308
716
1009
1327
35
109
1029
667
750
1154
973
885
1159
71
206
477
1078
545
380
1013
431
367
428
844
508
1024
1067
506
370
999
937
576
1245
385
616
875
852
16
1107
409
1101
836
1012
1123
492
1090
735
1198
1155
91
1014
1166
1148
157
1063
565
130
1275
712
189
797
811
635
26
336
1233
901
485
295
437
1095
72
192
1057
475
414
832
1219
531
591
277
512
316
321
463
1023
1080
268
879
368
818
801
878
1234
918
166
691
678
167
649
1228
622
944
383
1207
1239
841
30
1310
714
1025
1286
433
587
925
919
959
320
971
867
1011
1138
807
596
518
1209
532
85
1019
582
125
1218
293
1369
612
1110
782
732
84
1364
32
455
894
1274
754
1215
1052
624
603
95
771
1137
1171
1008
537
285
1313
1335
1220
1305
903
815
740
939
701
1051
90
240
134
101
1293
848
1383
895
1254
133
1384
479
1281
566
1280
1034
403
1056
45
44
129
269
1374
260
743
225
872
436
469
769
656
1097
1007
64
138
974
1332
859
1175
792
891
318
730
69
760
1018
486
1068
639
864
589
1343
863
1321
1253
432
611
235
765
96
468
1037
646
936
1140
357
519
1360
94
960
767
1338
149
1292
636
614
210
264
257
1348
342
1114
37
812
860
1102
1373
572
1317
779
757
849
423
1339
1015
1217
62
353
0
115
781
645
1302
227
364
1241
856
1001
784
228
420
897
214
631
997
1244
452
354
770
47
546
178
1089
1408
702
22
231
606
1172
1139
247
989
1262
731
1232
372
267
683
52
883
174
634
1143
338
655
942
1315
145
1079
147
842
162
1406
1250
1404
1168
1347
965
986
697
238
188
602
600
1390
142
1210
1204
533
1091
160
1201
900
593
868
935
42
651
570
1264
924
330
1188
775
1199
1158
528
396
427
219
916
707
1132
226
604
889
590
798
627
669
742
695
827
317
547
1363
544
1049
150
233
494
265
393
116
339
823
840
952
643
507
1200
1294
774
1061
980
20
632
284
1003
689
921
647
1187
819
1169
703
828
904
758
674
229
312
1117
724
692
720
1261
962
278
613
496
164
538
607
1278
363
151
14
1326
1021
441
478
1299
326
1115
866
466
719
1028
213
450
1113
741
1371
1033
522
1289
230
690
484
404
975
290
1395
796
63
1040
657
1150
1045
137
451
1386
146
1290
1048
67
685
1354
1005
940
271
379
1303
1393
1328
1042
258
1263
966
598
1162
446
1270
127
55
969
777
1344
1376
456
358
976
1086
82
179
215
24
640
1251
315
615
476
237
425
523
158
1309
1149
676
1130
985
1350
12
470
1122
541
402
621
670
1260
1118
1336
300
325
1223
1214
345
181
530
1372
135
23
394
1111
191
1398
1311
159
1182
552
803
789
762
1316
86
993
755
1331
331
738
439
120
337
988
1099
108
195
1112
100
871
511
384
549
1016
1120
887
786
1306
1106
473
464
660
410
978
262
1083
39
857
723
155
529
628
1301
824
1184
675
356
926
429
890
542
583
515
1401
1121
671
1081
710
1195
444
682
53
1170
759
1050
307
1283
232
163
892
419
148
584
17
182
1152
994
1059
180
662
1075
361
56
1203
