1306
2697
848
636
1638
1240
1628
1993
1560
1408
745
2594
762
1911
2248
2297
2027
1823
2720
1693
1636
2645
1036
2413
1495
1402
2187
2686
1756
2086
2507
1356
1018
1694
621
2694
145
2229
473
488
645
172
857
1554
1331
1265
2044
2306
1305
2381
129
2519
761
1600
1698
1821
668
1271
751
301
2610
1937
949
1847
231
1751
2585
965
977
1908
2566
423
2031
2457
1372
1295
2584
186
1031
2352
1839
1135
698
1483
52
2171
1991
667
320
691
1335
2528
501
2440
2212
1749
2402
1972
353
713
974
2736
1797
1312
474
2095
1444
20
2374
72
193
409
156
1433
1561
1572
2600
955
2348
2291
1526
2403
218
1913
1505
2637
883
2102
1234
1956
983
1696
1738
115
2224
910
1267
485
1953
2203
1469
1822
1932
2474
1195
440
484
703
894
2554
2006
1718
169
213
47
2318
2544
1016
1285
56
124
1264
2326
2265
2063
1161
904
2004
533
2489
2101
1757
1141
1686
1398
123
1394
943
496
893
91
505
1555
1885
2571
1409
1593
1420
347
1276
2336
1404
1164
1742
1144
2561
1592
2707
678
584
2700
541
2605
2160
2276
189
2280
1996
1184
2592
1506
869
771
1804
1774
2123
122
238
1062
177
1106
934
2624
2426
2292
2441
274
1608
1490
315
1582
150
1392
2443
1462
1827
693
2097
950
1108
2140
426
1266
735
266
134
500
2575
2717
1421
781
1629
1981
260
1360
139
534
1668
2040
719
851
2521
420
1457
1673
356
14
2105
1940
2614
2454
846
826
515
2579
2067
2549
448
1143
842
162
568
941
19
2588
1587
144
1711
535
8
2158
2043
2246
1837
1566
1704
1887
2275
2103
1575
639
1567
847
1073
221
2161
750
749
1678
2541
1088
1368
1345
245
380
2676
2665
2201
849
181
2692
1977
1454
2514
1679
635
1809
807
1383
2620
1413
318
1546
2077
2162
1969
1438
1516
2411
21
2543
1619
31
2089
2304
2737
2285
1096
137
1128
1873
783
205
1203
251
1785
2047
1250
2339
399
2307
2046
2188
1011
1533
1653
1270
2536
944
131
24
110
2312
785
2698
1904
1725
26
1357
2434
780
2534
2681
2223
2387
618
1246
2746
1424
2419
2685
1864
1647
1430
2702
2450
976
321
1613
109
1832
2715
1024
968
873
2278
2065
1695
1951
337
2682
362
1045
700
2199
1332
1342
2445
2343
1090
2091
241
2315
2124
79
1114
1740
1792
472
1729
2590
45
1840
1007
1901
471
656
2112
1880
2680
155
393
1126
524
2181
2166
1218
4
1376
227
810
51
2130
2056
2650
2078
2593
1137
1019
1400
1910
686
805
1063
962
198
900
2667
1875
945
946
1784
2
1000
1986
413
1967
249
5
1121
540
936
15
890
682
497
1471
22
64
2234
845
855
2271
522
1428
1499
1242
1056
884
815
995
285
793
1320
1366
558
1713
570
2388
147
2606
1440
741
1935
275
527
424
1451
2322
1890
98
1479
2721
278
219
889
1174
2563
1466
1461
2323
681
1676
1467
2410
1224
2630
34
216
837
2642
2148
608
2727
2661
233
1426
963
2020
2180
66
733
228
2104
659
1708
989
1544
1616
651
2338
947
617
1475
2033
1325
1078
77
97
1064
1811
452
382
1648
1633
933
1866
746
1304
1881
176
2141
2221
1614
2254
2712
1987
2272
271
1151
804
2741
1334
310
1477
1707
552
2401
899
1251
1627
882
1042
50
1326
2000
483
2316
1745
308
1549
663
1095
2175
2344
1691
1775
1920
2623
149
152
106
1626
1802
1497
2368
1493
612
727
829
1960
2570
918
734
262
2176
2379
2034
2210
1213
907
1473
1337
2080
67
1235
255
286
2042
689
695
494
2126
1895
835
1758
211
313
2073
871
1829
922
1084
579
212
291
2621
2559
1071
1655
2108
396
630
345
561
404
676
1190
2408
2013
366
1274
1167
478
446
208
1670
1604
687
1957
1656
1764
1912
1262
1988
1515
2026
2327
2748
2749
980
1004
1850
2529
1119
2659
754
759
2182
1548
1158
1510
647
2302
1907
834
296
1730
498
550
2463
1715
2375
1818
2482
11
130
2303
2586
979
1282
256
1307
39
2021
1414
1508
928
2653
1129
2177
2406
2701
1176
277
2535
610
1552
1294
578
2009
2072
2136
2750
542
1640
1481
1489
2734
2407
644
27
2273
414
642
1116
2192
2002
6
1484
23
2007
1833
1341
343
1978
624
1772
237
126
1841
1594
1906
2466
585
972
868
2392
294
764
2636
1585
2017
1391
981
1523
1429
1
2219
2053
489
539
896
690
1155
1318
397
2472
2662
915
482
1553
2501
1025
125
2133
1386
2574
1921
357
2437
1500
2668
2484
1591
1547
954
701
1990
354
2608
1330
850
827
2617
806
605
1674
2393
2359
1564
1897
753
1207
2670
2435
418
465
921
2631
2696
2036
1098
1023
2487
825
55
2113
1284
403
415
2556
1876
2168
1212
2061
2207
1460
729
1992
1120
2024
1783
114
316
2693
1492
1217
1612
1739
276
344
2005
1163
777
575
1596
1097
1494
512
383
1998
2138
599
760
521
990
164
93
1618
1731
1598
1926
1009
444
1805
1690
1652
1015
577
2039
217
797
112
38
342
1770
2069
1410
1086
1945
2629
778
1322
460
1223
1954
794
2471
314
1959
2341
519
901
1838
206
1352
1942
1780
2522
168
1199
586
697
2527
2022
1688
425
1150
2310
2733
133
224
875
2258
456
1387
1448
1173
2417
1259
2361
2202
2391
1103
839
1946
811
2222
2284
355
398
1197
2598
1359
2240
2016
679
1354
1124
1581
265
1196
2555
1221
596
2115
2045
1091
1370
2075
1843
1361
2159
1836
1565
708
2331
2383
843
491
1437
41
1870
670
1496
2517
194
387
948
2037
2479
1287
809
1198
510
1166
1806
199
196
959
2294
127
1511
259
2179
204
2249
878
583
1165
1321
2550
1667
1193
1643
2447
888
1530
2429
2364
632
1801
2051
819
1936
1914
143
319
1522
2533
1834
908
1029
431
2596
1605
1230
1973
2722
2025
2362
466
2295
381
1219
710
2245
2583
1905
833
375
1769
2154
1132
236
2137
1682
2567
102
269
1571
1835
958
1830
1815
743
53
1279
273
2018
2641
1048
1735
416
557
993
580
768
1443
1435
1396
2055
572
1639
1204
1374
2244
1231
775
222
395
2200
2209
42
514
1450
594
2385
1030
545
2456
1051
1589
335
2243
1651
2587
1290
1373
1148
2215
640
263
1168
1817
520
2118
971
2117
892
634
2357
2233
2360
200
2427
626
2058
1848
956
1810
2436
1863
2542
1677
2163
352
2595
1336
390
376
1104
2231
81
1703
766
1358
1480
2497
75
2293
2739
450
2169
728
1447
2500
1965
1280
2369
1054
680
120
2321
1188
1405
1790
1958
504
1793
239
2675
247
598
2504
2520
2652
1076
32
1509
1393
975
951
722
1200
1701
1722
1620
1974
1260
107
1239
92
1858
322
929
503
1111
1856
1319
1518
1261
1513
2547
2481
2491
1859
1077
774
620
331
103
2716
65
2562
1487
861
1503
1743
2131
2220
1323
209
1611
1662
385
2656
1033
2196
1442
2334
2465
60
2666
2085
1434
1059
2299
2189
650
1617
2264
214
36
1952
1432
2300
1606
2320
2153
184
704
684
201
740
2260
2581
30
225
2612
1340
885
2311
1427
937
37
2048
2719
2242
1922
1233
1720
215
1867
2121
2449
2467
906
2480
457
1642
2512
328
1930
526
939
1927
2422
2308
223
1741
48
2094
2082
1292
1868
35
1257
1445
117
2626
1211
479
359
2363
2340
1275
374
1013
2068
2564
2232
987
25
281
536
653
2531
229
220
891
1303
2731
470
2503
1243
2699
1529
99
2551
1160
2205
254
2397
2120
2098
226
1397
1422
1008
1255
1115
2012
960
2710
2038
1994
2266
2279
1671
2744
2157
998
801
2395
1755
1844
1796
2190
2373
2616
2428
629
1514
82
1558
1411
957
808
1309
1470
477
628
2252
2281
925
1786
1712
1760
569
1700
1896
307
1964
1944
1038
1094
364
1349
1381
2599
2100
346
1891
731
674
1985
1773
985
1900
714
2709
113
1893
1824
2679
1989
776
2286
1080
666
1795
2452
1225
788
2301
537
631
392
2032
1577
2684
1012
2548
1308
1003
2511
1578
1562
2568
1597
2506
699
2228
1478
1380
602
2267
994
1002
736
1201
1507
2146
121
1458
1244
637
295
2255
1070
920
509
2165
339
2538
1162
1314
417
840
1412
2513
2690
1378
1842
1525
334
592
2708
1624
1825
2333
1328
2081
2290
2355
932
105
1177
641
724
623
1634
2404
2490
2107
104
69
2114
1263
2193
146
463
1293
2143
978
464
1363
1609
609
2485
2019
2433
1799
1692
325
2329
461
311
1681
2525
1407
812
1934
2084
1209
597
1669
148
2499
2059
1153
1182
1058
2239
1389
1117
1539
1220
432
1524
1202
1208
394
280
240
1109
1615
1644
2142
2537
2711
1635
2459
2371
1995
2060
2576
886
2227
2713
1762
1517
94
151
290
1697
1574
88
2742
2328
2283
1882
792
2442
378
1750
1716
412
1179
1034
2752
1156
1661
1075
170
2111
358
287
2317
2206
2309
593
2663
1649
2214
1343
1664
1377
2128
2129
870
1175
1463
1855
2079
1939
2305
2539
538
1365
2424
2478
2651
2380
1915
823
2458
2400
1379
2672
2416
607
372
1014
747
1663
903
1227
1183
1406
1747
1748
2314
1665
1256
2116
2122
2198
895
2235
2298
909
1520
658
1068
279
2367
1976
1534
40
1206
1040
1384
721
1247
2516
1464
101
1814
2677
1595
459
167
2505
1570
1709
108
969
2356
350
2455
1468
1938
1734
2134
942
2173
881
2565
1705
135
2167
1403
1044
2204
1028
1296
2689
988
197
1348
2509
2723
1134
796
863
2669
1699
1984
1452
2049
1169
1706
2589
1672
1001
1302
332
1093
619
2070
2530
1185
786
1602
2674
1645
582
1788
410
1754
1300
1632
2135
872
309
2603
2394
2076
913
1828
2109
694
1928
1449
1889
2003
648
2735
2718
2646
1573
709
587
803
2580
821
1660
1079
1081
543
365
373
73
938
1474
2602
70
1431
1975
1502
1401
140
439
2432
1685
1482
1971
2172
62
1485
1723
253
844
481
1781
1903
1861
1152
1543
590
1680
673
250
1683
306
1550
1607
2296
874
1089
166
180
2041
1857
360
2155
2259
2532
2236
1721
603
2625
2540
2526
576
1157
2557
297
1021
2654
961
911
1498
2728
696
2638
657
2325
54
2673
611
574
1301
292
769
2618
1085
1313
2372
1099
1871
726
1746
770
1541
1057
153
2354
1878
967
1536
2054
1862
467
2418
1472
1133
1139
2396
1909
595
2643
1931
2074
1966
581
865
43
9
2132
1860
324
1586
1948
664
662
832
2071
1923
2658
1826
816
970
462
451
2644
2030
1362
1113
789
530
89
1390
480
1367
1399
1418
1941
677
2350
86
1845
230
702
2145
1140
2057
443
438
2365
493
567
1317
953
2552
1283
1327
7
1999
1417
391
2613
2628
992
2488
1983
2597
1569
128
1419
1733
1047
1355
336
622
0
232
363
1237
2462
1324
2093
1852
323
660
1949
1278
1252
288
601
2747
1456
1277
2444
1540
1455
1630
1049
2671
1719
723
2470
116
1631
1215
551
2156
2553
1172
1039
2324
767
1732
210
707
2147
589
756
2660
154
2377
516
447
1537
1194
1291
202
1590
952
606
2409
973
303
2390
203
2754
1423
2545
1222
33
369
725
706
2582
58
2010
2257
2476
1851
302
784
1122
506
1778
1439
1752
1311
1816
914
1599
138
29
16
2253
880
78
2494
441
560
2473
757
1916
2023
1100
507
1065
2197
715
744
191
495
1527
1601
565
1268
293
2174
1728
2703
1898
654
2729
1364
2475
1066
2386
2125
627
2337
836
182
2611
2753
2270
486
2678
136
408
1879
791
44
1136
1753
671
931
2464
2170
2183
1147
818
1228
2421
1061
860
838
1929
13
711
758
604
1886
720
248
2342
317
406
2008
742
2096
2213
625
858
80
1744
261
2191
877
531
1446
368
2218
499
2423
2127
163
2498
513
2382
1622
1022
2262
562
1102
859
487
289
2609
1766
1813
243
2151
1872
1584
1675
119
984
195
405
1067
553
1576
2743
445
2622
2011
349
1538
563
876
1714
1791
1395
386
436
2282
1371
2050
614
1226
1869
828
1149
2332
820
1082
2706
1888
68
755
523
2144
916
2705
544
862
555
174
1425
798
2256
966
2468
2578
379
940
401
300
2453
1210
141
2412
1761
367
1187
2001
1037
782
2261
1441
2349
1214
717
1453
2028
1982
559
2370
370
1583
1519
1101
341
685
1853
935
1005
1382
118
2495
1339
1205
2288
1245
996
739
267
1273
2439
2607
898
532
132
330
2460
17
1053
468
919
1580
430
1118
675
475
813
1006
765
283
1258
173
879
964
351
2269
1654
1687
272
2633
3
1189
1563
2106
1241
2351
665
763
1759
511
643
1344
799
1737
1621
1542
1329
856
2688
2139
2619
2064
1087
997
2225
207
338
2577
2195
90
2730
2724
84
1884
982
2569
1146
2639
1178
85
2208
2399
2287
573
2560
752
2573
10
178
2647
2384
852
1060
1050
257
1238
1568
1657
158
83
384
897
692
1130
190
458
2289
2515
2714
1083
2251
1625
1375
1545
718
179
672
340
2062
1918
1488
1933
282
1388
688
2683
1032
1369
427
87
1689
159
790
2090
1919
923
2185
655
2640
2448
453
1763
2150
588
2014
1684
1950
2572
1968
1046
1963
18
469
1092
2558
1980
2029
716
1865
853
1962
1776
748
1979
252
867
1154
556
2226
1142
683
730
1849
160
2751
1191
1351
49
2546
1787
1027
1159
2655
549
2319
1385
421
1917
419
1010
661
2738
1020
2247
270
1052
326
455
2657
814
2366
1298
905
1289
773
2477
502
1531
312
2376
1883
2691
1768
1181
71
2398
1724
1623
1955
1767
2230
1800
2502
2347
2461
652
1123
591
1232
1779
2274
1315
1961
1650
1249
1055
1041
613
2346
1248
1820
2634
1899
902
246
1105
333
1512
737
991
1659
2268
787
96
1416
1281
192
388
2119
188
999
738
304
926
1771
171
2092
46
454
2664
185
600
2740
1486
1803
927
1970
1854
407
2237
2083
95
887
234
2345
1727
111
1286
1072
841
1556
12
2518
1436
1765
161
2745
428
2438
490
1107
1110
1112
554
912
616
2164
1192
2601
986
1333
802
1127
924
1846
2216
1551
1310
930
2451
1535
831
2211
2178
1557
1808
646
2493
175
2695
1782
242
571
2099
437
2015
1588
1415
633
1736
1947
1812
1254
2149
712
1069
866
2238
669
2635
1532
854
817
2088
2420
1777
284
1299
2358
1459
547
165
2330
772
2405
1877
1353
638
2066
2508
2648
1637
2446
2194
2469
518
1131
264
1501
433
1465
1180
1658
1902
1710
566
1171
1272
2492
2110
1925
1894
2415
1074
822
449
1297
1253
1521
2632
1794
100
1717
377
389
2732
2496
508
157
2277
1646
2217
2241
529
1807
1491
305
1997
2524
2725
434
917
59
2414
615
2250
402
2184
2627
2335
235
1350
517
2649
649
1269
2523
28
824
258
329
1476
864
268
2483
2615
1579
2087
2431
183
528
1726
2704
1789
2052
2604
1603
1559
2389
1347
1138
1666
1504
371
361
435
1017
800
1610
76
1528
187
299
442
705
795
1229
327
732
525
1170
2430
1216
1026
2486
1798
2186
74
2353
411
1874
429
1924
348
2726
57
1288
2591
548
1346
2263
830
1145
476
1186
1831
1943
2510
1892
2152
1043
1316
1125
564
63
1338
779
546
1035
1819
244
2425
298
2313
2035
422
2378
2687
142
1236
400
1702
1641
61
492
