263
370
98
661
697
619
561
165
186
352
455
174
114
416
537
527
655
49
574
644
291
650
141
707
297
424
385
432
333
148
21
353
13
529
719
153
110
669
275
578
602
688
379
384
714
558
506
675
236
117
600
248
252
666
654
294
26
409
662
476
119
192
182
271
280
269
323
279
368
508
242
546
504
359
418
183
244
306
126
189
536
270
390
302
134
657
632
601
521
532
221
351
55
612
131
201
452
142
60
285
378
149
180
557
106
72
87
113
253
172
246
88
133
6
173
82
687
345
510
484
12
594
426
184
34
190
265
680
564
684
350
689
641
518
288
420
542
330
511
61
364
64
430
613
706
606
553
346
344
491
30
567
705
460
199
57
451
340
118
515
22
332
35
245
211
136
571
53
398
581
563
143
29
124
443
503
395
438
67
381
575
218
137
176
598
649
145
336
0
631
71
711
195
300
447
677
441
550
86
630
382
642
227
616
5
31
463
238
715
445
339
187
538
181
259
229
58
375
516
223
520
400
68
179
462
256
701
586
338
473
667
617
203
591
610
597
660
433
210
326
292
544
235
566
637
80
676
150
412
467
286
533
54
634
273
320
231
234
407
607
482
698
309
38
116
693
303
146
437
15
620
690
659
169
287
568
551
132
3
488
429
572
157
605
83
272
615
692
691
251
97
720
36
277
298
32
454
599
43
404
628
570
222
587
434
125
501
548
422
722
164
47
513
674
4
361
233
700
543
552
410
545
683
640
470
577
264
673
635
278
479
214
23
66
267
196
539
514
436
260
405
289
464
471
523
50
208
507
373
665
318
130
391
94
284
69
139
175
206
625
686
374
335
388
160
144
41
28
496
95
46
618
212
45
643
8
39
10
293
254
387
232
478
593
440
444
427
413
188
712
127
535
396
540
369
638
648
59
580
92
168
682
177
341
528
250
355
62
337
713
397
282
128
547
202
670
656
331
283
679
360
363
592
664
685
461
526
556
154
247
446
347
108
17
135
276
406
505
81
531
411
569
140
63
448
171
226
399
380
541
11
204
639
383
225
191
721
492
100
163
480
517
386
716
663
237
158
573
138
486
33
633
20
79
313
723
170
122
274
48
469
239
627
499
129
465
155
295
417
408
472
74
583
402
44
652
151
161
228
562
694
241
481
147
718
213
614
104
91
695
321
425
121
653
453
342
261
37
559
603
457
629
19
699
401
311
120
249
193
205
530
305
458
636
565
103
622
487
343
584
365
560
322
658
24
522
582
621
105
376
646
99
367
393
220
435
681
512
724
449
7
595
40
299
56
459
96
354
579
604
230
27
102
708
316
624
421
243
329
477
358
431
509
1
328
534
315
2
371
668
585
356
474
377
475
554
645
414
257
502
307
555
93
262
18
319
490
89
159
611
290
217
450
85
709
702
348
219
52
123
266
84
334
608
489
70
216
167
166
468
671
268
495
112
314
115
366
308
25
107
162
439
51
589
325
207
240
194
696
310
442
9
101
178
500
703
209
678
357
16
109
519
255
77
428
90
324
258
312
389
651
327
75
423
549
590
317
704
301
73
415
362
485
623
588
596
394
672
200
626
392
349
494
224
403
497
498
419
42
198
647
524
493
609
185
76
576
483
156
111
525
14
197
296
65
281
372
304
466
78
215
717
710
456
152
