492
1322
904
1643
1481
1969
1573
1486
67
216
2265
382
759
122
1110
147
38
815
1042
677
1883
1380
383
762
1796
1767
52
193
220
969
871
2047
1018
634
1158
1821
767
1759
1175
1016
663
90
1393
1768
19
557
1886
2034
864
2035
1615
1229
1992
177
1243
1250
244
202
331
214
1507
1774
230
1890
1839
2058
907
1178
1133
867
258
2339
394
236
543
2069
409
947
365
2161
869
1
592
2032
834
2126
476
920
814
636
1957
97
1520
2005
1186
1362
1455
1382
1853
207
1190
529
290
1297
991
201
1942
1515
1130
2263
611
1754
24
427
888
2018
2346
2455
736
1065
233
621
1364
1476
1687
2200
898
1395
1503
323
787
1504
1165
217
1833
1965
138
1612
627
2142
1948
770
265
844
994
619
1248
181
552
1311
156
1087
2072
166
316
1695
2320
597
1271
2442
393
987
1262
1307
1582
227
966
1444
968
1327
347
1240
861
995
305
465
686
961
563
845
60
473
857
1596
2449
352
1331
435
2312
1684
416
1291
295
2269
1173
764
2187
34
25
863
1818
385
1325
908
443
1106
1932
1270
501
180
726
247
2194
1843
1259
1667
1538
1580
1714
1103
1317
858
255
1140
467
1340
1231
1680
628
1589
560
292
694
406
2343
2070
13
928
708
348
1196
885
914
1769
425
1222
304
116
1783
1182
1735
1401
1292
1337
2053
1639
680
782
1224
768
558
1112
1026
645
2081
717
1618
1516
36
276
2164
2258
2406
741
917
1267
1655
1176
2246
1096
847
535
582
490
1120
242
1564
2325
810
1144
735
2135
1930
893
1500
500
1755
596
1640
1375
517
1875
49
2332
87
1346
386
512
1964
2364
1952
2243
479
1083
2146
586
2098
1426
1404
1995
257
2189
2252
2211
1283
2475
1247
2451
1474
139
89
128
151
1284
2290
1387
631
496
1708
1208
42
710
1048
442
172
859
1488
892
11
1339
2420
278
2415
853
772
727
1586
199
1840
1104
1216
2111
820
1422
1597
1180
1903
2256
1033
2096
817
2357
1751
1719
2163
1959
2071
150
1581
967
639
2273
1901
2296
868
1747
1859
1809
1239
743
2062
2456
1614
571
610
2210
1146
256
1268
0
2245
1078
1193
153
324
1976
1253
1427
1792
1412
889
2497
1367
1734
1900
1971
2336
1626
1536
943
2192
17
293
1958
2185
1828
976
430
2417
2104
1622
1724
587
223
1462
1522
1997
14
707
249
1467
1314
578
1044
996
1439
1413
184
773
882
411
1743
1036
989
1621
1204
562
1336
311
1342
494
2151
142
2402
1641
1926
594
1967
367
171
1841
2039
2468
296
55
866
2097
887
2182
92
1972
81
402
585
865
1151
1079
2010
2398
1147
1126
1086
2458
2482
1569
397
2007
1887
1891
1435
896
70
2042
148
1003
309
505
1551
1913
2383
312
1201
2171
1801
280
98
384
718
1590
765
235
2229
246
2356
287
2294
1121
2013
243
495
1035
2023
1306
191
1085
437
2491
826
189
414
2333
2158
2006
1909
2014
1061
2091
909
860
1372
12
797
841
2195
83
444
1599
2361
48
1802
1030
542
554
1205
1665
1666
1760
1535
2220
2493
1542
2410
2029
1918
2048
840
2477
1497
1786
728
2033
1585
398
654
53
2430
2043
1050
1637
2085
88
1485
2461
2145
1561
453
1629
2432
715
2125
962
1389
121
1963
803
1871
2331
10
837
1988
2128
2201
350
929
774
1552
2470
689
2318
520
1681
1286
1109
482
2483
1690
192
2254
601
2004
110
373
2438
963
329
439
1540
209
553
320
2067
1266
1022
2148
791
721
1436
1794
2203
783
978
541
370
432
269
1041
1709
1172
1149
1838
2337
32
1845
2360
1417
198
429
530
2293
1280
1406
1939
617
1416
1798
1446
369
480
515
1009
829
2305
1675
1880
39
576
298
1207
195
63
789
1662
1440
1275
1558
1502
2367
1244
2238
1991
2394
1715
1477
1720
2262
1305
1358
513
874
604
179
26
2012
1829
1730
1922
2140
777
335
1966
205
1276
2437
1029
1242
2199
1434
2316
2102
1603
1213
1832
1354
428
1929
493
1489
1960
1447
745
1732
41
502
1968
1689
1183
1604
1017
1478
1989
1319
1981
620
1460
301
1856
1878
883
1138
729
2314
160
2242
1179
284
1345
1295
1533
899
346
1917
671
1392
251
1236
2160
356
565
112
720
1274
73
1656
2077
2425
1978
1218
2389
793
1450
534
1095
818
2068
1923
2016
850
2015
1854
1691
452
974
1506
1935
979
1927
124
830
57
591
839
2225
1495
23
1032
2476
1575
1410
984
2282
1137
2159
1994
403
1649
1606
2349
1150
2208
876
448
1996
1162
579
37
2444
178
643
716
2374
163
1557
1700
924
613
1704
472
1189
653
1726
1813
630
264
1241
1523
2214
972
2155
237
1685
463
1034
651
455
2414
2473
1470
2271
559
2020
1512
806
1527
2057
538
640
732
1298
2250
308
469
2485
2099
362
2205
1343
1479
1530
1664
574
1712
2450
241
906
1617
1795
1710
1386
1019
2094
132
1279
2260
606
748
1111
1836
1895
1877
699
137
1252
1363
1038
1771
152
2061
483
355
983
1483
2030
400
2431
1584
1668
2396
790
2123
1636
1468
489
1834
1638
1962
1432
164
2388
1974
86
2440
2372
1496
2330
1745
1579
719
1911
1766
1200
1454
701
412
670
299
1249
1258
1764
1265
693
2234
1188
1294
62
519
1914
336
1797
1171
1452
120
379
603
1934
532
2011
687
1756
900
1744
2462
1125
1377
1526
2206
1300
119
339
1610
1873
2233
1525
1898
2457
1862
605
637
755
344
807
29
1729
118
2103
31
219
1822
2001
583
2169
2008
1705
540
1118
1572
851
1679
801
2368
537
1063
2093
675
1983
609
2112
2022
926
426
1752
1135
1807
1014
1349
2178
2481
1376
523
1508
595
2236
2268
168
1211
2323
1232
688
2292
1001
401
1255
2353
1453
2244
2387
1423
1424
1642
2281
1683
2463
982
2232
2168
1381
146
114
491
1650
2009
1749
1383
78
1902
1545
932
2309
404
1353
2249
985
1607
158
1347
1076
1897
855
44
1718
1632
1166
1214
431
1518
46
1848
1002
2092
2127
1075
1328
970
1773
1812
395
2227
2133
832
1698
1600
2119
2174
1159
456
2110
2386
314
2286
723
1924
1080
1256
1148
371
1449
897
127
2212
254
2190
1197
843
372
1091
65
1595
911
2385
2025
1008
162
345
149
1338
2409
2428
1082
1869
2453
84
504
1624
457
1547
522
1905
730
825
2059
1498
945
1644
2363
1472
5
602
2021
2313
328
1825
1554
364
252
307
1861
2027
2193
1920
2028
1025
1366
1566
1850
977
784
1563
1529
1993
2064
2224
1425
441
1105
484
981
1944
1616
2213
2391
2495
2407
2423
283
2435
626
245
1037
1950
2424
318
222
805
2300
1273
354
960
816
2307
466
1000
390
819
2259
174
387
2138
1390
1370
623
175
1970
1277
953
1057
1776
1169
1933
1553
285
1465
2434
1115
221
141
1577
2076
1281
1132
1842
1369
2019
2379
1487
159
2277
6
2276
1937
392
942
2003
399
260
130
796
1910
823
1287
785
506
238
2115
54
1742
102
1187
1546
1074
204
518
1879
997
1493
1203
1736
445
1089
1851
1916
2046
744
1219
333
1225
878
203
1699
1788
890
21
948
2484
1227
2219
2172
1124
380
2289
123
454
665
326
2118
170
2113
999
2037
157
407
1998
1846
903
1661
1628
1633
1494
2411
1071
253
709
1531
438
809
2040
1466
210
1059
873
1805
802
313
106
1234
145
3
1567
368
1438
2416
1491
358
1094
1725
546
1716
1738
1209
1702
1323
2315
2308
685
2279
250
1697
821
2301
1269
1583
268
1045
1134
2359
1658
616
2447
775
2350
572
2196
1473
131
1659
117
1676
282
1184
2087
742
934
2321
556
1701
1609
126
2327
990
1571
660
1206
1070
1092
167
161
2348
1170
1230
503
300
415
705
792
1484
471
704
2026
1303
2215
1013
2173
2188
1728
918
327
2471
635
980
691
1047
516
77
1982
20
1863
2284
753
343
1823
2345
622
788
363
568
1758
2342
85
1707
1781
1006
2083
1517
2264
1405
737
434
2054
682
93
612
1574
1816
1451
706
1979
2073
993
1117
349
946
2049
1333
1731
1827
1264
273
752
1556
1359
525
2139
910
322
1093
1947
1198
1977
1119
1384
1820
488
95
1031
1961
1682
1360
2427
2278
2467
2134
964
218
1469
1308
669
690
2109
436
1052
1174
1356
1647
1005
224
2101
1814
74
133
1108
957
80
1385
1420
351
1672
1757
1341
1282
756
1499
1055
424
1238
941
2090
1620
2382
1326
450
1312
315
2180
668
662
45
2443
2335
294
377
986
91
1492
598
1793
2237
884
2303
266
655
1591
588
1254
2401
539
1534
418
135
1475
1403
1941
1373
64
2122
40
1830
711
47
2469
2466
359
895
100
2464
2235
776
959
1928
940
2489
375
581
1388
786
935
2365
573
1673
886
881
1437
2479
2100
1819
2351
125
955
270
1817
1480
697
1160
1881
1899
2448
650
59
1669
391
700
827
1762
1408
1278
190
1598
319
514
1102
1324
1858
2130
1723
2295
2082
1521
2446
173
2230
822
69
1753
1594
551
2
2287
1145
1985
1077
2060
1778
2439
197
1808
410
870
1157
879
2452
460
564
511
1081
930
1400
1459
1559
1975
647
600
2154
714
2129
2310
1509
1562
2191
2036
1263
1415
1088
212
1613
1064
780
973
1945
1015
1221
746
2496
1532
2422
2066
1951
2441
1056
1316
72
509
2239
2183
584
666
1592
927
1908
2418
913
1906
2283
2298
1192
1634
2285
808
696
478
877
922
2050
2106
555
1430
35
734
2395
965
2221
1674
461
111
2217
1984
2218
140
794
2157
2223
1943
2328
2397
330
1351
1046
1588
447
891
1304
2228
1290
988
1272
771
1987
760
838
2487
738
1782
1872
1285
281
779
1421
1539
225
761
1868
1318
2324
155
449
2078
357
954
2045
2362
1399
880
633
208
1114
1028
1251
975
1107
1847
2000
8
1099
2490
28
27
1379
1576
1692
950
2472
497
134
1789
590
2084
143
1882
524
1722
1199
1870
2226
154
528
1195
58
206
949
2051
1693
1072
1321
481
234
231
778
659
1167
18
1593
646
115
1544
944
1210
1181
749
462
22
1164
1069
2179
1550
2261
188
951
2153
750
2141
103
2074
1671
144
958
971
1537
2393
325
1299
272
2132
703
1457
1894
766
474
2147
1785
50
725
2124
2380
297
1780
2329
1663
2344
16
1790
548
1721
267
1765
1330
165
1608
458
641
2373
2288
291
1888
1260
1051
1365
2378
2137
302
1791
1090
2354
1368
1670
2375
638
1053
2459
1257
1445
1627
1806
2156
2117
2480
1893
2340
1514
2131
1101
1431
341
1660
1027
549
2175
1811
417
1560
2247
561
1442
1711
7
1921
271
593
2454
1374
2274
2086
1143
2079
1139
262
577
1876
2216
1458
279
566
51
923
2075
182
2186
2095
1852
2492
104
580
2267
389
2065
477
2002
1202
521
2170
1528
1168
2038
2181
1510
1010
232
1129
1645
2143
2055
420
1217
288
79
1185
1775
2369
625
1062
1740
2107
1696
183
544
9
94
678
499
1925
2162
507
1402
2152
2251
992
2167
2041
2445
1293
1824
1040
1116
1896
1398
1313
2017
1039
381
2207
1907
921
1289
226
652
2302
1411
1443
915
2253
1228
905
43
569
1501
1334
2317
334
901
1084
1301
1949
1396
1741
1799
936
487
2478
229
575
321
2088
2460
1141
1733
1142
215
1625
1127
2114
1706
1419
1800
1919
1654
676
724
75
1980
1739
1772
2108
2024
852
1023
2198
96
1717
1602
239
1237
194
998
2486
833
1513
1605
240
2413
169
608
261
1355
1713
113
2400
2306
1555
1770
2166
374
1012
673
1568
531
1361
747
1043
1511
340
101
2370
1407
1246
1097
1956
695
423
849
1066
2494
1409
811
1004
795
213
2184
1750
1678
1694
1954
2334
931
1054
1578
274
15
2209
2371
2150
1156
570
1348
2404
1220
464
2204
228
440
1482
902
1245
1309
1123
1153
2366
1073
196
1990
1619
2405
451
1155
1212
109
731
185
187
1973
2121
1371
485
1344
1329
1912
1021
933
1548
684
378
1727
1152
2326
804
751
1068
875
1191
1587
1161
1855
642
470
1864
739
1332
2347
1394
1849
1223
1703
2080
854
1938
396
338
1098
1904
1565
2352
459
1122
2044
919
1657
1235
656
1261
1519
939
2056
1113
186
824
956
681
56
1429
763
2176
342
1865
831
1677
1456
722
1288
1357
835
1020
2376
1746
1471
1831
136
1688
332
1391
2136
629
527
658
2408
353
1748
2474
1058
1601
545
1541
1060
71
657
1296
2377
2197
129
1011
1635
2031
661
76
1777
2319
2105
856
664
702
589
4
508
176
1844
1623
2355
1866
1505
2202
2291
388
1815
1397
1803
2241
1784
2063
1315
2433
712
692
1936
99
1350
1007
1100
1867
1067
713
1826
1215
475
615
644
2419
769
263
2421
211
1378
2248
1310
842
1892
2299
1177
2144
1226
912
1874
1024
2280
2231
486
2498
2297
550
1414
526
1320
1686
2120
2399
862
698
649
2403
1651
2255
679
433
33
1464
2222
632
107
61
1763
2392
510
2240
413
1428
1787
1946
366
2426
567
2116
1441
1885
614
799
1154
848
468
2165
1630
2275
2429
2358
2089
105
1461
1570
828
1302
536
2412
1779
648
419
952
800
1648
894
1804
1889
2266
2257
1646
624
2338
758
360
754
1915
2390
674
1761
66
446
2465
1352
781
1233
1448
303
2304
1136
306
740
618
1433
1955
798
1049
846
275
2322
683
872
1335
1835
498
1884
1524
2341
1463
812
30
259
376
1490
1543
813
108
672
2384
1940
2272
1810
286
2270
2177
1986
547
1653
2149
1418
733
1931
2436
200
1631
533
310
2311
667
1163
337
2381
1611
289
1999
1131
607
938
361
599
937
248
82
1652
1857
408
1737
1953
2052
836
68
277
925
757
405
1194
1860
916
1128
422
2488
421
1549
317
1837
