2834
6861
6708
3732
6904
4547
2058
763
6221
6087
5564
5160
7054
3773
1071
2961
335
7607
6781
5953
1412
4466
7090
5030
3780
7639
7289
591
3242
5577
6323
4862
2510
1764
7001
2978
4363
4344
6638
3408
62
6499
6369
3546
5470
5167
7428
7626
1677
4087
2321
408
1879
730
5191
1142
5078
271
4537
4928
3296
6843
4676
1192
7136
1216
4394
2877
5968
3164
6623
73
1789
883
4908
7500
187
441
5723
2809
139
7541
4657
7116
4572
2584
3945
4239
6332
58
455
2135
4883
4385
6249
5773
3918
5761
6088
1369
5857
1265
3718
3803
6128
3017
5345
7503
148
6392
3978
398
6737
2337
2835
36
992
5397
2781
3976
7516
1061
3409
6920
4661
7361
6167
3402
6317
7322
7419
6856
1314
1227
75
4897
3399
4804
594
1042
7202
2343
2005
2962
7614
4517
5226
2493
3417
7003
1398
1279
3349
7442
436
4685
7059
7606
5116
2627
1813
2872
6599
3386
1784
6003
487
3192
1087
5187
1639
488
7098
2177
6347
126
1641
3263
5248
3418
2242
1154
4532
4607
1041
7077
1435
3477
443
691
881
5348
2666
4522
2326
5144
3590
329
3784
1106
5449
6399
7243
3007
203
2843
973
2751
4317
4698
5463
6300
3268
4016
4055
3137
5717
6490
50
64
377
4386
6769
5212
6587
5875
231
610
5426
5173
5491
516
4367
4987
2577
3274
2388
5054
6497
3483
7485
6589
3048
7357
6603
6967
3812
474
2985
5548
2492
6358
4801
6928
5019
4558
3662
6681
2682
5301
7185
150
5707
6544
4759
2905
1501
7468
4861
6353
5555
6837
2746
6662
6724
6553
5828
4543
1745
932
4310
2437
2733
2243
4144
734
800
5370
3176
3415
7177
4911
1031
4544
4549
5601
1249
911
5501
7671
6228
4626
2127
5305
1261
6366
4918
5079
3610
870
5756
3549
1703
7580
5518
2912
7650
5959
2836
1697
6262
5626
4255
4624
1270
4283
696
5489
501
5421
2315
2172
1686
6094
5634
5210
7495
972
6705
1520
2342
5741
2482
7675
4887
2585
7382
1725
4202
1065
6805
5612
5856
7215
1802
6812
7163
6693
3423
6484
7668
3591
6509
1079
1443
2461
1376
2795
6444
3370
4376
5178
1579
6615
5228
2354
400
1534
4668
3648
7167
664
3039
2855
371
7458
7224
5077
6777
3910
3009
7307
2951
319
2693
5873
3
1984
6939
83
662
5673
3518
1853
6838
1242
7450
4587
102
3313
1058
5997
3769
1838
2322
1444
5157
2688
4729
45
541
6643
4390
2398
3579
601
6110
6910
5365
1852
1291
1387
6339
1574
5169
1936
7272
3600
7000
1820
424
211
334
5969
6441
5786
3198
1009
3393
3779
4168
2607
7309
6998
2104
893
7074
5320
929
6476
1148
6049
6598
1246
7390
6463
3783
5902
1008
5142
3389
2758
2994
4834
4816
3903
5056
4012
7154
1373
7453
7274
6901
1974
1062
3115
309
5223
5244
6062
4393
5130
1179
3317
6360
5476
7079
5943
4670
3147
1168
6043
7286
6570
2431
3972
7157
3366
6832
6349
4264
5321
2735
30
2331
1358
1907
7550
4530
4149
729
5587
7567
5486
4707
4051
1018
7476
1155
3051
4041
374
2878
1791
5609
6653
1250
1021
3618
175
1797
2468
489
6056
960
4797
199
799
2282
7457
7211
1619
7451
3688
2506
4702
4049
569
3252
4062
7509
5984
3077
3449
5602
3569
3794
6346
6287
3663
5508
5678
3992
1016
915
4416
5367
1290
131
517
3299
4621
2066
4902
1146
2167
6858
1429
2744
7114
5900
2532
7679
2967
3807
4995
2886
3971
7664
4880
3566
6833
4427
3085
143
137
4176
3596
5200
6172
69
4556
5457
698
7201
4436
5382
7152
3956
6915
4017
6506
7572
1840
6338
1067
5424
2151
7594
5180
4059
715
2578
115
6879
3564
330
5966
835
7460
1524
6017
1430
6575
6083
5557
6118
2776
2700
6508
1614
6626
2721
302
7252
228
6183
6651
16
6903
1525
6871
6258
7597
6113
2963
3071
4839
1962
3199
5869
5343
4409
1300
2470
5189
3502
4246
4637
836
978
3728
3509
5667
6066
2474
5781
219
2009
2312
5575
3311
5582
5952
1522
6440
1415
3141
440
6462
4649
4479
5240
2483
2414
5931
2601
5406
2565
6491
2319
2982
7200
3445
7235
5594
5615
3844
6501
1496
6710
2475
6557
4457
6032
5809
1341
3758
7374
2389
3084
1559
6799
5810
296
1055
5533
6478
5946
4606
7050
621
2453
3490
4859
6913
1226
1262
2280
6505
2819
4805
3996
2873
2966
4896
2609
4667
4752
757
2936
3695
849
259
1176
4119
1869
2504
5877
5492
7405
486
1196
2787
2338
5152
562
5443
711
2612
5203
3958
5062
5639
7028
2643
3938
2196
3704
2305
4303
4133
7690
3506
628
2246
3990
6144
609
4836
413
1755
6151
529
4007
7652
6068
1186
6417
1253
1638
6159
4524
3882
5109
2875
7491
1654
979
7204
4734
3740
5131
5970
6511
4327
3453
3155
7305
1287
5976
2211
1175
4974
2689
2552
2266
1842
5175
4366
2595
5089
1975
6937
4560
6592
7389
2586
3559
5978
4157
7462
6601
6608
4872
6771
4965
5572
7124
1441
4035
5068
154
4511
5294
4162
86
3966
1352
4788
3584
2086
1786
3532
3400
4061
969
7439
6273
6239
4646
286
2952
1924
4459
1479
347
6133
4782
2847
6732
1540
7268
6073
3946
1122
5061
1252
2490
6927
792
6477
6445
5041
6902
6751
4962
3687
2463
1003
1119
1094
6280
3597
7251
649
812
3865
1228
2298
2279
3496
6348
1545
2140
4384
4345
2254
4602
66
4096
1000
6153
2125
5534
6140
1624
4193
5980
6654
2263
6184
3372
518
3235
4175
1193
3538
6600
6729
2130
7590
3980
4305
292
4970
157
6321
1063
1342
1150
5296
1007
2731
2918
5222
1787
2588
5237
3023
5845
884
7328
2455
4819
3660
3270
3755
7316
5193
37
3106
74
68
7106
2443
1977
7156
7247
2930
7147
7150
1163
3365
7444
6930
4666
1350
6762
4858
6382
7189
841
3510
2199
1994
971
7448
3919
7326
3526
5537
842
2802
184
7013
3650
3329
3251
5803
6666
17
7456
3168
7355
4552
2673
2705
895
7351
3498
421
2084
3499
2600
152
2
4868
6283
5288
6432
4669
1539
4712
1693
970
3167
1174
795
1711
4166
2101
5385
5107
3626
6926
3734
2231
3764
1987
5050
789
4732
370
6559
4662
1095
444
2487
2362
217
882
2002
2092
4092
991
7693
258
5271
2581
3712
502
5647
3607
5120
1299
2070
7166
6510
7282
4419
2122
1722
2409
820
2458
581
263
720
598
2723
3827
2817
3237
1447
7577
2434
877
4233
5669
1167
2900
7288
7499
6331
1980
4100
2764
4150
1713
4636
5993
2722
6114
3127
1926
7356
2766
11
6593
7071
2440
6872
5316
2853
5184
3060
6052
3279
3941
1847
6987
1117
1945
2632
1929
7397
2536
1635
4312
7422
248
55
6537
4817
6261
2739
2454
1795
5411
5349
6772
3401
4840
5067
7137
4405
2594
1491
5327
4851
182
1162
5868
3544
1492
4503
6465
2079
6404
4052
950
495
5174
3288
2724
5450
5232
5982
5689
7035
1130
1131
4284
1140
1683
3647
2476
2173
3701
3072
4756
4382
4973
1603
643
1621
149
3514
5960
946
5755
5447
4581
2753
6326
4438
470
5272
1537
6306
4652
958
3205
1778
6676
702
7414
4612
3183
3442
2381
3927
4948
3713
3227
7630
2546
5815
94
4279
4324
1293
6515
886
3403
997
2226
6191
6250
5588
4744
2087
3375
561
2771
3441
3345
5620
908
3854
3629
694
5637
1690
1453
7146
3491
2740
7159
2120
7565
2007
4597
2943
597
2112
6547
7190
4640
6504
1075
998
7270
5418
7642
2909
801
6541
6289
5260
4723
3511
3353
6411
4647
6968
2890
1742
1665
1266
4577
1237
1194
2680
4690
6539
3229
3136
3782
7108
1082
270
5783
7056
4802
1667
5584
3239
1940
1029
7107
2701
4704
4941
3026
887
1147
3246
7301
2061
6818
7515
1642
4075
142
2866
4545
3787
901
5497
5344
7400
986
2989
858
4516
4121
3080
392
6036
6429
1830
4070
5826
282
1114
5264
5765
3594
2745
5341
4753
3893
6464
923
3436
5886
5251
4088
6108
5009
2143
1349
346
2198
3267
4077
439
7086
383
6916
7058
4680
5574
3554
4275
2604
1104
1362
4272
6246
7548
7631
1056
3302
5146
5928
7404
4014
4912
7220
1594
34
6715
6530
684
5379
1120
5231
3036
405
993
5346
2207
4372
5407
1456
5568
5335
4827
307
776
2533
3190
1877
3840
7130
6095
6212
6181
317
6556
6611
5025
3974
1047
3480
1796
3821
2010
4256
6706
4562
4943
2406
5570
1653
2307
6266
6363
2077
353
4831
7237
1388
2089
4238
6891
3461
1547
5956
814
947
5892
4972
7170
4301
830
910
2174
4692
791
399
6189
7269
420
5695
5540
3050
837
4391
313
6854
704
297
5453
6005
5830
5628
7304
6109
1086
5487
6380
5247
6543
575
27
2486
471
6472
4828
3535
3804
7438
4551
2664
7706
1658
4138
2459
5118
6473
6042
1126
602
2314
3468
1209
5108
7401
49
4990
2729
5373
4754
1915
530
1556
0
2947
2904
2115
6959
2977
6741
7702
4766
3203
3995
6271
7588
2425
5552
2273
1504
2394
3697
378
3191
1364
3772
7386
1069
4313
3120
1746
245
5992
3725
1302
2202
3811
2233
3568
7644
2001
5442
2159
426
1793
6943
5506
5134
3977
7244
3454
1688
2166
4290
1427
4959
1681
4884
389
2968
3771
544
7596
3197
6475
7175
7082
4857
4842
4876
2037
5267
4453
3089
2775
388
5804
697
4863
5139
6169
778
2898
6893
7632
1433
401
4425
6120
6582
851
2399
3855
5535
7707
7292
7564
6123
1904
6112
1463
3948
6946
3836
3034
5211
5681
4340
3653
6104
565
4210
4448
5759
1225
4715
2990
5808
3323
2838
3170
5001
5119
1243
2716
3666
5945
957
2567
2583
7530
5242
3637
6010
4102
482
2296
7669
4789
4179
7016
4099
1701
1751
4428
3742
871
4361
6707
285
446
6342
6030
5033
3863
1457
2777
4701
7229
848
1952
268
7636
1570
473
4568
5466
3188
6580
4639
686
5551
4718
7589
2488
6745
2465
3738
7651
3926
892
1374
2859
1533
4999
666
6908
3969
7091
4849
6156
7321
6370
3864
6204
4231
4821
5156
3024
6808
3420
5246
6197
6933
216
5435
3766
3690
1988
6743
5853
2616
2428
5940
2876
1730
2652
2992
181
5376
2940
933
4564
5155
6683
7647
4451
2230
4188
5410
6826
3631
2854
6103
1893
1097
7494
4034
3174
2660
7273
3652
579
3262
4645
556
3043
2911
7459
980
95
249
4286
7443
1717
519
7238
4148
4950
3547
1223
4933
719
876
1505
7162
3025
3015
4653
3799
535
1294
7262
6925
2297
1298
7480
938
5475
2749
6143
44
7023
3685
1370
4899
4650
748
3222
6727
1696
1419
2446
7203
1403
4573
1921
2826
6718
6157
5963
7073
1582
3505
2792
3791
859
4769
6550
3664
3752
4477
1823
6096
2022
1080
3924
4314
254
3156
7041
2765
4355
2006
926
2754
2036
2544
4229
5671
6290
3356
3886
5408
3494
4066
6437
5002
6507
1557
3221
4001
434
987
7415
7376
6900
4799
3643
3872
7281
4259
6897
6991
4011
5526
1285
2815
3093
4875
4599
1748
3580
4184
7554
7002
2784
956
3753
2032
3269
3100
2896
1355
2285
7684
3446
397
6883
6764
4349
3151
3515
2478
4413
1514
3961
4487
160
4745
918
6495
4824
5257
5282
1942
1523
1340
1283
1286
4010
5844
2956
6609
6282
638
3902
6713
7473
701
1934
2405
6896
447
793
6624
5236
2332
4932
244
3451
4309
4156
6695
5162
3960
39
7083
6523
1303
125
2368
1378
1810
2132
4105
4341
3196
2867
1887
1548
5811
1172
1629
504
2178
4579
1768
7280
6721
1648
4242
1920
2692
984
2154
2336
4848
491
7122
7582
6334
70
1723
2610
2995
6344
5593
3669
1139
3609
3533
352
7182
4132
1941
3016
2160
2107
1896
7043
2620
2075
2429
5958
1366
7653
3363
192
4199
5495
6230
4074
503
1494
3398
5188
2099
1592
4939
339
2814
4996
6285
1213
1671
1922
2902
6433
1446
43
752
4418
3474
7214
328
6616
3622
4944
2090
327
7620
4531
2374
1607
912
7161
4895
364
3433
6468
6659
5666
3665
7635
2730
4454
651
976
6319
5192
6493
4322
485
4227
1397
1744
59
1670
1060
2060
6995
4854
2260
5253
6195
7191
7027
1454
3078
5402
7429
2150
4216
6690
1164
6588
4595
4947
186
3963
6419
4678
5549
6412
3404
1108
7595
2960
2218
6193
7598
7158
1531
1734
6408
2393
6548
3689
6186
7075
758
5273
4215
5961
2128
2031
6020
3383
4871
855
232
1551
7126
6874
4190
5292
484
5512
6722
2845
1211
1044
2411
3045
2096
1458
29
2703
3849
2472
7063
2268
5090
3776
654
4308
269
5481
1663
4339
6390
506
1913
5631
3001
3774
6450
2522
3244
4493
2931
5618
7332
3226
46
6225
5633
6138
6038
4903
432
3073
7138
2421
4605
5890
1440
6297
3582
7329
146
6328
7604
803
3364
4890
119
2171
2717
4721
1392
5035
4826
1428
3542
5433
4629
6198
7081
6673
7233
4529
4845
2623
1997
20
7239
1661
2323
1816
3338
331
1368
6284
4127
5304
3529
6742
1195
7452
301
4397
1495
1384
6190
5598
656
770
7493
690
1189
5903
4329
1248
718
1741
3067
4823
5270
2217
2748
1107
260
3238
4570
3061
4420
6581
531
2330
5660
5123
6158
5168
3194
416
4808
1930
475
3748
659
4194
7623
2137
7426
4781
1424
3298
7520
7024
4273
3462
4589
4269
5043
3495
4057
2869
6950
266
3121
1404
2991
5436
5165
5789
3140
6263
2185
6485
2737
7338
6984
2796
6922
3983
2253
1860
5727
7110
5374
7392
2944
6314
6586
3182
5768
6461
1865
1145
5708
5652
5737
2976
1757
1077
5166
2423
221
6640
5164
2076
3741
1728
2034
3862
6378
2634
4748
4601
4785
1630
6788
7318
7393
3801
1868
490
7111
5350
692
7219
454
4054
2860
344
576
681
4837
7216
7568
3699
4483
7285
989
7062
6045
5462
2391
6173
6852
6635
1420
3012
196
479
6316
839
4475
6162
660
5524
3166
1111
7454
3761
2270
2824
3829
6809
2840
3169
767
4247
550
3556
7363
1731
1732
4354
4183
65
4822
4699
1894
5129
2516
688
5732
5750
4508
2575
5896
1149
1964
7313
3707
6980
5095
7467
646
6562
4046
5680
4368
4243
5785
2390
2496
5825
5464
3997
3146
7411
3936
4642
7245
687
2016
7254
5208
7256
1935
4460
4550
1937
7348
4257
2103
4536
3429
3105
5901
7615
5746
7037
7543
6107
2361
3223
5010
273
6607
6252
5484
1200
1391
930
941
5661
3925
5507
899
3586
1889
5128
5204
936
1508
1190
7040
1955
948
384
4693
7007
4079
5665
4375
2624
3684
5114
673
3142
5099
1558
1951
4029
7221
1480
5361
2271
197
4596
6701
7566
6100
5794
7044
5360
1965
5328
6160
2100
588
7241
113
390
4914
5417
3881
731
2269
4800
7065
1917
4347
2808
4622
461
1978
2350
6385
4634
4431
5482
449
200
4869
3431
2635
7527
6569
1323
404
3090
2228
7068
5543
4623
695
1911
4946
5603
6889
3092
847
5356
5979
891
2396
6748
5726
1244
905
4815
2219
833
7659
6471
5925
5285
1535
2852
6270
4356
2236
2003
6148
2085
1506
1464
4922
218
91
1527
2407
3128
2281
130
4085
5996
6459
3083
5760
4000
3376
7227
6857
1567
1493
6016
2572
2555
6649
4440
1995
3720
2858
2929
5649
1698
3319
2938
3830
4818
3657
5585
5878
7677
6481
6956
3676
3371
6602
5133
6798
493
3768
2752
1886
7680
2606
5807
2152
6154
6975
5546
4608
6960
2157
4969
497
311
2842
4296
84
1045
1173
2056
52
7403
1022
5281
5608
5205
5337
3853
5509
7613
4423
945
5330
5445
749
5527
4469
4957
2678
5051
3150
6865
1528
2871
1909
7645
4072
7198
3930
3094
7140
2153
4578
1605
1019
5218
1566
5995
2563
1593
6947
2222
136
1490
3027
2545
6034
5498
5014
2039
5691
3008
5412
5388
4953
4311
745
2283
2392
3659
1422
144
2033
5747
2182
819
590
3585
4993
514
7115
5905
465
3994
7331
2974
4189
7153
3592
2736
3134
2582
3931
6044
2059
5161
710
5055
6436
250
5821
3096
2548
1477
1224
5918
5339
1699
4153
1580
5838
3551
2397
5427
1861
5719
3042
5363
6887
7100
7432
5428
1468
5151
5778
6428
740
5567
2932
3733
1829
4505
4093
5103
7011
671
6665
4736
5394
5493
3216
2641
6574
1187
6595
5275
872
811
5848
2837
1473
5932
6050
243
3380
2713
5742
1587
464
7586
253
6972
6800
7563
6752
4134
6558
7223
7447
1345
5141
7069
4218
3248
4798
138
2818
2469
3355
922
12
3899
724
3552
2413
2341
3469
7617
2811
6739
6248
6953
3628
2747
6590
952
411
7618
1700
2591
4485
6446
2145
6692
5913
4412
1541
4260
4906
4013
5766
242
2195
3385
2527
4045
4724
4008
2889
5293
1716
6364
4593
5510
295
1529
549
5586
3435
2999
1901
6241
5425
6013
4565
56
4790
1295
6679
4023
3760
5147
2325
6423
5384
2791
2471
650
907
6238
6061
7213
2543
3195
4937
2916
6069
3817
644
227
713
560
6027
7353
480
6949
5318
5860
6116
226
3716
3382
7042
6996
387
4988
7341
1036
5299
4337
2509
304
4
3555
868
4192
7045
6135
6467
1521
3352
5696
1718
6051
4325
3091
2029
1809
7231
7528
7263
5607
402
4369
3520
5724
657
2549
3357
2149
2146
647
3715
4253
6447
4228
2596
3751
6876
5029
5127
3059
5762
3172
1573
6864
3006
4852
6001
5769
7248
2630
3099
6522
642
6929
7373
3475
4651
3334
6076
3414
2345
4187
3204
7512
104
6514
5042
6955
4989
1127
492
6614
3519
7109
4498
5580
1054
7525
2503
4206
5331
1059
6425
7104
188
5323
386
3471
3179
4468
558
5876
5519
3293
1284
2605
5209
5439
3986
2020
2083
3952
3813
999
3340
7246
1743
129
2417
2550
735
2023
6717
5832
4610
607
6000
1562
5974
3722
1577
3411
2109
1263
7470
5386
7408
1277
4261
1064
2524
4441
2879
2501
5125
3466
4159
4299
3497
1109
2561
6831
1070
6990
4295
6911
6834
205
703
4276
4108
3842
7656
6274
3984
3143
4043
276
2206
5545
7358
5829
4677
2048
5971
341
6670
5743
6022
6886
5315
385
6709
3428
1610
6430
5276
1486
2770
247
2216
5235
14
7612
5910
3856
1906
6919
3230
5884
1854
3294
3126
4395
4224
5745
5713
3467
372
3832
2553
3543
6402
7210
5908
4223
6237
2882
3111
1386
1623
3550
6637
3276
2395
6259
2365
2208
4019
750
2053
4068
7641
4240
7212
6387
6398
1367
1073
3064
6964
6940
577
4795
4604
7399
2534
6784
3344
6804
2625
6906
5075
7232
1507
2252
2797
6794
2155
5221
2782
754
1615
2924
3437
6533
338
3706
5942
312
3571
2725
2204
4960
4164
4471
5529
4171
3709
967
7384
761
939
1472
5393
1692
4618
4155
6064
7066
4879
381
2914
1632
7088
1659
3642
1954
7226
1177
6449
6696
4106
3157
5977
1185
4248
5060
685
1970
4252
6807
1445
5259
1229
586
1383
6536
5338
1116
7320
103
7674
645
4038
6489
3888
3602
189
4542
116
4065
7430
5658
4888
1833
3388
2741
7368
5052
5914
6293
3870
6848
845
3328
4978
4738
7383
3118
6844
7479
5962
1337
3922
3534
1125
4209
920
5022
452
3908
2347
6672
1843
6422
4977
237
1013
567
7514
1269
5590
5096
3484
3906
6585
1257
2883
1448
4843
1779
2264
5951
4125
5625
2891
3410
4214
2275
3322
170
4762
6606
6629
5927
5362
2181
3541
6178
3611
2495
1251
1347
427
2950
1826
7410
6555
7619
7625
7555
7133
670
2179
6520
608
1004
3384
772
7435
3937
6546
4476
5357
6420
4400
1729
4473
5199
3754
3970
1359
5911
1960
4975
1864
77
4056
3874
3281
4891
949
5423
4304
4952
5469
6644
2317
4123
2147
2870
5017
2677
995
7103
6868
6780
4444
4003
5083
3396
7171
7335
4411
2774
6281
2371
2800
6806
4586
1474
873
5710
5847
3214
1726
3022
6697
603
5500
108
3636
7176
5653
2622
2432
4585
626
815
3123
1979
6244
2541
171
6092
3621
3367
2659
637
1876
7412
7517
7581
3809
4120
7700
679
6089
5525
7425
288
4967
3717
1282
3795
6304
4198
429
4719
5416
6146
7093
536
1513
7340
3447
5841
6376
5800
6966
3516
3723
3777
3305
2945
6513
2865
1599
4838
1858
2375
5015
6409
1099
4733
6719
2988
4971
8
5655
5831
394
7031
6031
4140
3175
3095
5368
5504
2245
1331
5739
7678
1049
1754
25
3614
5086
4569
2349
4197
2165
2456
3186
1033
2197
1657
1704
5748
3839
5627
3897
5403
6209
2841
7649
4387
2864
4546
4114
2444
4222
592
738
3129
2062
5583
6997
3680
2799
4410
6568
2987
1134
6086
5460
2820
4335
4949
2370
7026
1157
5483
6647
4415
3234
1153
3632
1221
2357
5252
4588
476
2556
3407
508
6882
7253
1437
2574
7230
6540
6415
6989
1088
4435
781
3109
5715
5824
3816
5471
4178
580
2669
1357
283
3558
1408
4089
822
1050
1563
4333
3767
648
1598
3075
2255
2761
3727
3765
1012
1532
5100
2973
6516
7558
5073
4145
6749
5313
6551
2308
6761
1985
2169
1824
2665
6312
5023
2500
472
916
737
2133
5539
4235
5638
3513
6488
3912
6663
944
5517
3911
1554
6115
5711
7627
1475
1089
1461
1835
2131
7117
7196
7218
3522
4985
1499
2803
2562
406
5643
5909
6396
6054
1202
6303
7490
5154
5894
4181
54
1727
1956
4331
93
6773
1948
5985
7092
1006
1219
3213
4443
3459
640
1781
6351
1609
340
1552
5930
1707
5227
2657
3896
2161
6260
2424
4342
7560
6240
4082
5840
1296
4813
6435
2598
3154
2597
1805
6007
5377
4786
3693
6132
6785
3504
3297
5243
5688
2613
2289
1399
1753
7688
2318
3898
2091
2850
914
6480
4025
3031
2419
4058
3838
2108
722
4020
6213
4907
3300
1138
2164
678
2402
355
2418
1231
3512
3253
6131
7683
1776
6716
419
1096
1124
4432
133
1872
6311
145
3478
3815
7165
2348
2491
5788
1710
2480
826
4675
5172
5138
6767
5081
3846
533
631
5381
4205
2755
3261
7184
3798
919
6768
3775
3878
3644
5791
1912
345
5904
2539
2639
2041
5451
3696
3087
4807
7380
6341
1597
2210
5430
3985
1487
4983
1613
4619
1267
306
4307
4167
1081
5846
2640
1411
6526
7055
2983
1329
6677
7053
5744
1498
1133
3914
7441
6155
1405
6418
3470
4285
7151
1825
863
314
2013
1986
7271
1500
5839
1273
1672
1212
3880
2267
4378
4717
6202
3326
1025
3901
5867
3278
1005
7584
1132
6828
5683
6782
3721
4287
6291
6675
1949
1476
537
1719
1335
3416
6350
3219
466
5991
6552
6174
1827
380
6699
3290
4203
983
3450
5797
3606
4069
2863
2290
7611
1305
417
4111
6235
3159
5503
5514
1497
4136
3711
6952
3000
1899
1017
3640
3562
2949
875
4050
6379
5677
6393
6894
1068
5893
5858
3796
4318
41
1503
4319
3929
4289
4659
4521
4860
7344
2466
6474
2699
4697
1720
6500
2647
7446
6296
4490
942
996
7139
4835
7488
7006
1297
1191
3998
2057
4185
7034
3909
2214
6976
1998
7539
693
3724
2786
3438
611
6077
6443
6137
7078
1307
6630
7089
7291
7327
5488
1118
4648
4737
2971
6898
796
7466
3876
5528
2448
4528
5091
7471
4909
1208
4141
239
3113
2220
571
1634
3368
3422
4901
48
1602
6948
35
7465
207
2579
1197
5767
3692
7699
7694
3068
6426
7578
6779
3289
1794
2229
3040
728
2856
5531
4956
5342
2259
4760
5124
4330
780
3426
5879
3264
4611
528
5429
2302
5870
121
6201
5641
2621
6229
559
2697
982
6627
6973
3884
7583
5265
7120
3162
6525
3743
6992
5898
3243
3788
1714
4321
4107
1584
3358
1518
844
6885
1576
2526
824
6119
2224
1484
2756
2780
88
1363
4709
2114
543
6988
6969
606
359
6211
6008
1452
2649
6664
7308
4777
1038
762
6528
7506
5938
3944
2340
98
1141
572
3567
4067
6391
1230
7633
3750
917
7654
1736
3673
7449
2861
1678
540
5440
3324
3362
934
362
183
2241
2485
1030
4288
5752
7298
4478
5262
831
674
1542
545
827
3950
1689
1418
4540
2072
1646
5604
726
6746
2513
1489
1565
7585
4293
2523
4482
2301
7300
53
3341
1664
1637
3062
2671
1608
6694
72
4358
3390
7342
874
4566
7039
6136
3434
369
5149
3850
2175
7311
2907
1643
350
7624
1385
5812
7538
1967
3180
3122
1724
3593
7378
2193
4954
5693
6560
3254
2760
6111
2262
6577
3806
794
7381
6026
1511
5850
1892
3430
7526
7587
2329
4379
2927
974
2712
2156
2240
2372
1407
6633
2998
1585
5332
4154
7061
5672
1255
1625
3330
358
3181
3603
1171
4671
3035
206
1135
4931
7440
2844
1322
6878
5383
87
7099
6406
1660
67
6106
7187
3681
1890
2383
546
2732
1379
5721
82
7477
4091
5581
3201
4161
5520
802
5842
1931
5477
4130
777
403
4929
3573
639
5820
2686
2327
3245
5823
7
2111
6048
1308
5334
2168
4392
2050
3928
7302
6383
6657
4230
2778
4713
7206
4143
753
3889
4360
1011
5380
4523
3489
2672
1769
7533
5814
6009
5523
2658
1989
1933
1591
172
755
3857
6175
1739
4771
3360
7249
7052
3107
4098
2650
5194
453
3047
6684
7296
2028
163
1897
5617
4874
2742
534
1999
4004
4590
5764
4991
4615
2969
4040
7696
3178
6219
4151
38
3030
4747
1828
198
2970
3531
6685
7258
6335
856
5881
524
1785
438
3954
6168
2813
1402
6011
4112
5802
7290
6431
5947
5461
5277
4254
5864
1756
7547
5862
4002
2651
6979
5718
5728
6400
3124
6125
5032
7051
5563
1866
5657
4094
6037
1481
2798
5771
7666
4625
5117
612
2410
279
3013
2921
6703
5799
5542
706
3210
6416
2045
5326
7323
4097
51
7303
5220
618
109
5659
3421
4063
2681
5084
5058
2098
2954
202
5516
1051
4113
1084
4635
2201
3900
600
5031
2043
7267
6970
4742
555
5611
2570
7038
1129
3020
5181
5571
90
890
7250
4654
320
5827
3894
342
5623
2769
3747
3465
7574
7551
3452
5351
906
1895
6279
280
6519
1971
76
4784
5692
5474
4741
6754
3574
7352
1611
7209
4078
3165
3965
5444
5619
1346
775
463
3683
584
4104
2097
4280
5254
2823
707
415
2519
3500
2148
112
3875
6371
5431
527
1467
4115
2580
3482
6571
2903
1381
3834
1675
5822
4294
6218
4997
1770
617
2225
4039
127
2102
2559
2065
6845
1085
3820
5712
2082
4873
2997
4696
4583
3987
1645
4705
5547
5214
1588
3208
4656
6176
6610
5937
7080
747
7398
2646
3304
5329
4389
3406
1767
3394
1633
2696
2265
6851
1101
3708
7306
5950
5171
5446
1821
6803
5559
578
5324
6622
5795
5006
5122
6985
2530
1651
3981
2590
4110
3620
3745
1451
4015
3604
6566
7009
5687
291
3627
627
4370
3153
5398
3144
3005
1235
6620
1091
7665
4920
7413
6427
4710
7004
3041
2110
4430
3412
2667
412
3133
1763
7324
5513
512
6660
6413
7128
3033
6760
6860
5595
5258
5629
5924
1981
716
4855
6829
2105
1709
2972
6340
3616
3132
4541
2895
7179
3691
5000
4124
1550
784
7085
2831
3070
368
2942
6711
5132
1515
3488
2631
7379
5592
40
552
5994
828
4374
5063
3757
2654
2608
7391
2996
2925
6674
7427
2603
6288
548
179
3802
1076
3432
6439
2551
4889
5066
2917
3211
5159
5261
3424
4492
5694
3004
1721
1382
625
284
2941
6954
6758
4244
7333
459
31
4217
4722
1644
6734
7049
2024
1655
5714
3635
6298
5485
2935
7487
3301
1583
2247
5404
4739
511
2946
553
5101
6343
5888
1037
4865
6524
1158
4905
1409
6820
7020
1976
4768
4213
1560
220
4894
7367
4515
5685
1640
6004
7118
823
3448
3892
672
4406
5662
195
3731
4196
1991
4992
2119
5630
6313
6220
3427
4925
6040
5039
79
6102
6021
166
2081
4921
587
4346
6982
4160
379
333
6305
7279
6359
5805
6867
6374
2642
5102
3444
5375
2063
700
7510
4614
2234
1812
6859
190
159
6776
2473
4211
2030
2897
7101
2619
7640
5578
2385
669
7255
7240
1996
1938
3152
5606
2915
689
3524
241
3082
5018
7012
2284
5110
6646
3612
5614
4509
3464
7295
623
4350
5278
4434
1612
4927
1684
4236
7524
1674
7609
2547
2508
1040
185
6855
322
2928
6210
3852
5837
6456
2113
867
7148
1857
4775
2851
6917
366
6503
3011
6678
3145
4377
5037
4486
3649
589
3081
6243
496
5027
4470
6786
1761
4660
878
1691
7523
7217
5106
318
1360
6941
5378
4380
6365
6121
1676
931
539
7173
5936
5467
6899
7522
5391
6994
3831
1288
3379
2299
665
1694
3613
1389
224
2833
2249
6375
4763
6822
1873
147
1356
4779
1205
7155
4447
4553
3700
1330
1332
614
1832
1766
1178
294
616
4414
1406
7628
2906
756
7336
6712
1680
5532
3320
5441
2614
2884
5709
3425
3285
624
951
3206
3316
1032
1105
2378
2017
1944
2040
7603
6958
3947
909
5511
6825
5392
4139
5889
6074
481
4323
1166
80
5093
7275
5434
1792
81
7608
4776
9
7424
5229
7536
4539
4812
2257
3835
658
6164
4300
3228
7135
5395
1218
2189
4302
838
5733
1002
1900
928
24
6063
3044
6442
7067
4672
6688
1203
2571
437
897
2828
7662
1215
4232
4691
6639
3346
209
1569
5505
5751
7561
1400
6268
1183
1393
5556
5816
4009
7102
1604
5793
1268
2138
33
1232
764
3639
3501
7698
3487
675
5704
542
6330
7501
510
5420
5153
5455
6527
5834
6205
2709
6126
1589
5213
1919
4643
3250
7542
5336
5268
1072
5456
7017
118
2727
4022
1859
2794
6264
4561
6072
6367
3079
395
4274
6381
6397
6656
4792
1923
5954
1292
1137
4877
4584
2276
4225
5413
3377
2232
2067
2170
6322
4866
3058
5087
376
2592
3913
5284
7670
2387
5566
165
6594
42
635
5591
3719
869
1361
4726
7260
641
1053
6292
1939
194
6006
1143
4291
3114
4778
4028
4554
2404
303
4258
5720
1483
5219
3189
5675
5538
1875
4456
4681
2531
3331
825
6770
7552
4481
6698
3232
3808
2750
1953
4628
2518
1090
1622
7145
2793
4526
1846
1478
1103
6965
4163
3479
4746
4027
3762
7681
1324
6163
7181
4463
201
4810
5883
5369
1620
6058
1536
3615
3714
6869
5897
5981
7347
1115
6613
6932
299
4730
5776
2816
4592
7346
7537
5302
7259
3439
2899
6301
4886
1339
3786
4689
2789
3507
7519
6055
5496
4916
1647
5135
6257
604
2272
5390
6327
634
4832
3249
132
6918
751
817
3576
2355
6923
6840
7532
1649
2258
6139
7592
5777
2670
4455
1
2726
4334
6127
5422
3672
3271
4047
1851
6892
5286
3054
4195
7504
3395
272
6895
7015
3308
1396
3530
3076
3521
3951
6033
6873
861
954
3939
6161
3019
3634
445
1765
4603
6738
937
365
6793
7529
2881
4118
2238
5920
4510
4316
2014
161
4071
5915
4881
5241
3705
3336
2684
4864
4630
6938
4878
457
4502
1431
4146
4980
3117
852
107
5736
3303
879
2757
3819
3291
1165
2874
7180
2629
6578
5405
433
955
3553
3895
281
4968
7463
2846
435
5670
4328
7134
7087
4076
2568
6081
1160
308
5479
4853
2278
6395
2734
4501
6736
6839
5245
5676
620
4958
7315
6333
3218
860
3933
2507
5036
3057
4315
6884
3440
225
2460
3130
563
3342
1161
4137
5899
3397
1113
4083
1152
1371
6951
1317
1240
1236
2200
1617
2054
3525
5136
6512
1470
5664
3351
5679
853
5690
6405
2512
5312
1247
6686
7359
1902
5352
1883
924
451
6981
902
5780
2615
6208
2069
2310
4631
2212
409
5699
1871
5939
393
3589
6650
6308
498
6549
208
4984
4638
4774
204
1304
5640
5621
6905
5206
7531
6936
804
3508
4728
5140
6783
3982
4201
3702
5565
821
5522
1837
6924
4885
1695
3763
2436
2430
3149
6875
7169
5499
3337
599
2117
6337
1204
5013
3790
4961
2675
3241
6689
47
4081
1836
1918
5646
1772
6756
509
564
3046
4910
6357
1910
6617
1715
1327
7205
2644
6621
4381
3675
4829
7370
2433
7207
7208
4461
4208
5290
267
6971
5624
4371
6129
3677
4620
4026
1526
4101
4103
2939
230
174
4609
1151
4512
2438
3869
4497
6187
1210
7418
5849
407
2162
6254
5686
6179
5635
1737
1488
2449
7534
7360
5955
4998
1328
2227
6862
1469
2403
61
4348
6723
290
5855
2704
60
6015
5283
3503
7349
854
652
4687
85
7660
3158
1817
2367
7591
1773
500
5550
4893
191
7455
5034
6421
2134
1450
3658
7048
7600
3661
1762
1092
2408
3825
4683
2203
5183
1870
7573
6384
898
213
709
5891
943
1326
4177
1849
2360
4036
6265
28
2386
6824
7431
4514
5195
6486
5076
5836
7084
7483
6835
3877
2288
5069
1555
5987
6233
5372
7610
3885
3148
4267
5322
6024
2316
5359
5064
2352
1485
3578
462
2690
5182
153
1578
6641
2356
2638
5317
7423
744
3667
4336
4373
5779
2806
6700
6196
4484
5358
4936
3735
2239
6171
4095
1957
5562
2088
4755
5048
3460
7676
1990
494
4917
7521
2426
4942
3053
4251
5792
3029
2511
1417
6355
1834
1338
5085
6046
5541
316
1365
4297
6934
3964
7096
483
2827
3457
6455
773
6791
122
4200
158
2695
7436
3973
741
478
4576
1839
3991
6797
6532
865
2599
2984
3374
6733
2376
7197
6766
1035
1814
4220
264
3391
765
3737
7406
262
7168
1254
2888
7033
6759
7186
1595
4686
4249
2862
6531
7663
4725
551
1774
668
1600
1410
7395
6080
3694
3202
21
4806
5197
2788
4352
5817
6414
4684
6830
3101
373
787
2351
7557
6434
2564
178
1320
3905
2832
4749
4250
4326
6691
4429
7183
6846
6625
3103
3679
3847
1241
2528
6667
732
940
5468
4783
6067
354
3845
5697
1312
7294
6105
3295
3598
4277
774
3287
4263
5907
2538
6276
1074
100
4191
5668
5698
866
431
7032
1783
5787
2514
2887
6999
1502
1375
6986
1891
7421
234
5115
5038
4383
3335
834
4559
6403
430
4353
5465
2366
1482
1856
4158
595
4421
5098
2498
7070
7648
7489
7481
3601
977
2052
5353
7144
7008
2248
3823
6565
3260
2435
6671
3517
7486
1679
6632
3789
3138
5874
4364
3014
4152
5967
5300
7472
6827
468
5813
809
3674
4422
6726
786
229
7119
2922
3306
3108
1432
661
2738
5576
7025
7337
1354
6336
515
2948
3871
3102
3833
6361
5957
6877
4803
1927
5642
222
7686
6097
6655
2830
1702
7387
5126
1181
4042
1822
708
7225
2477
5389
7461
4892
3595
3332
2213
3993
7402
1093
3698
6299
3315
7242
7076
1656
363
2920
336
6775
3476
1259
3999
2209
4567
4024
6286
7094
4598
4489
4825
7407
677
3744
7672
6141
5753
1301
5865
2637
1968
1636
5554
2277
3177
5011
2955
1969
7172
7365
6563
1276
6215
300
4764
6757
1023
3599
4117
5654
788
4480
4500
1803
4506
2313
880
3907
5113
5177
7325
2497
356
7261
6778
2420
6352
4964
5399
1668
1517
3560
6529
1925
2142
1652
5452
3163
2719
3587
818
6388
1669
5432
1280
448
2933
4627
2353
2520
4513
2587
1571
4006
4940
1083
6084
6253
532
5003
3619
5046
6028
1735
6410
5170
5972
1845
5233
251
7394
3577
120
4809
4126
3275
1898
4439
3867
1098
3537
6561
214
768
4169
6070
2274
1618
6572
6356
1460
1815
6636
554
325
3873
3539
6518
3257
1673
2908
1264
816
2176
7350
1043
4073
6931
2892
6124
5650
5045
2416
2663
3038
1438
5859
2537
5472
6789
5706
2295
3284
5702
4270
4555
3405
3746
5490
2683
6310
168
2676
3373
4174
2004
1801
4452
7621
7257
2979
3979
705
4951
4830
6744
1100
99
1946
574
806
7174
5703
798
4966
3472
3354
4935
256
5112
2633
5796
963
2822
2187
6149
7622
1752
3392
6452
1519
63
5705
5515
1348
1449
2958
7667
2857
3843
7121
6810
3266
5725
4129
1313
3277
2124
3184
1110
6573
2244
3259
278
7482
2183
5438
2093
6579
2359
2702
5885
6619
4165
3890
4298
829
1245
783
2451
5044
3686
4086
1819
5458
2106
19
1014
1992
3361
6731
6272
2926
5573
3456
6251
7319
4770
2250
6814
699
7010
2184
2363
4494
840
6774
7228
1156
1278
4332
3387
5057
1318
2344
5530
7518
4688
1512
3975
2049
525
1048
7687
4496
7704
3212
6232
2743
4351
636
1256
785
566
2328
6482
2849
1455
889
6842
2457
5782
4433
7643
6192
3797
570
7511
4186
1289
1182
805
1884
3318
3056
2617
2767
3949
3608
3868
2026
4499
4750
2293
5414
5371
5256
425
568
3800
1888
1538
1706
2445
5005
1516
5934
1777
6466
3116
1275
3333
5921
5833
5040
4037
7293
2668
7655
5310
277
6645
6188
4320
1024
4525
3959
106
2412
1733
1807
7072
3583
6214
2804
6401
1788
3217
3655
6134
1759
3292
5926
1057
2256
6853
6597
5871
1546
3343
797
5774
5730
3858
1862
3173
632
5964
23
3339
5740
904
1712
5287
5798
900
2186
92
520
5097
2439
1844
4582
5597
3548
2812
6458
6325
7685
5333
7160
7605
6090
4518
7234
885
1581
7508
6545
6521
7194
2923
5415
2011
4401
981
4262
526
7278
7343
4142
6217
96
6216
2364
5738
4900
261
5636
3759
3565
7131
6247
1590
5613
6605
862
235
5912
1459
3989
2525
6819
2728
410
1959
3866
3369
2934
2805
7057
5622
2529
5553
5933
1169
2807
7437
3651
5207
6502
2158
6628
3419
3378
5763
4278
4219
4767
1662
7549
6236
1316
3327
6942
3139
6451
2467
5224
7396
6101
3822
5295
7362
4241
7127
1943
233
3112
1831
6652
2569
5949
7141
4472
6060
1184
3272
712
6059
7064
3934
4665
6078
5948
7095
1401
2300
2078
4674
2215
6255
6345
1916
1811
2661
348
4930
5922
2422
2839
921
2462
1462
6194
5929
3314
5998
6704
2324
4338
2913
925
6372
3962
6658
238
6117
3481
2560
5801
6318
2144
1903
3273
1804
7036
2715
2294
3280
89
4519
6309
4408
7571
2848
7369
1905
3255
7695
3063
155
1963
2868
5307
505
6974
469
1102
6496
2919
4981
2540
1606
351
6307
2190
4426
6847
2464
1311
3646
5280
105
6983
5986
5176
3645
2038
3879
5600
5026
7705
360
5880
2698
4955
252
6823
4731
6231
1799
5941
1319
5861
4135
7371
733
769
5923
1510
3756
6234
4018
4735
6039
5644
2384
3119
2718
5306
22
4655
4571
1961
6567
2566
5478
3310
3557
6747
2687
7317
1170
4757
4938
361
5716
7105
6377
4265
287
3923
310
2309
2450
2494
114
3940
6538
3187
3953
1334
4934
6182
6483
1993
725
7638
6720
6790
622
6631
7434
2489
5887
4703
7559
4080
7575
1052
2711
2517
2180
4281
1881
117
3793
4833
6993
7673
3575
2810
4357
2139
4694
2382
246
4844
7195
1325
4204
265
4711
4847
1666
2339
3485
6535
4976
3003
2205
3841
2000
2452
3588
3131
71
6242
4617
3236
391
3200
2333
78
1682
5255
596
6324
6002
736
4664
2015
2121
1128
1199
5448
808
7149
4445
467
6295
3778
7193
7022
357
5158
1112
5082
7579
7297
3883
3161
4221
630
5269
1020
423
2499
1705
442
6849
3781
5148
5988
10
655
7019
680
458
7377
3240
2346
382
6166
5605
140
4031
3545
6165
6564
4644
5749
2648
2261
257
6957
6494
742
367
4271
3065
6245
4032
7629
2046
101
3625
4548
5104
4594
4234
5007
4504
4898
4882
4563
6517
4791
5895
3265
1928
2894
15
2251
557
2074
4266
2064
5121
7112
6053
6177
4534
2047
1234
5835
7330
5454
5965
5111
2118
7569
5325
4945
4706
1973
2358
894
2055
4720
6935
2068
3887
547
5973
2626
2708
6362
4663
927
1425
6687
5263
305
7060
5843
1028
6130
7029
6460
2479
4021
1878
4044
7005
323
3710
1159
2042
5004
3359
5819
6203
1874
1321
4867
321
5012
2959
7478
477
7484
3224
6
2980
1958
450
3540
2679
1336
2027
2557
4714
1983
4787
2035
3920
6753
5266
2505
6454
1771
619
7354
7507
3463
985
2957
274
3826
1947
6542
4268
1628
4033
605
2981
4527
7047
169
289
1001
7125
1310
7375
962
5298
2790
124
4402
7593
1564
5137
4538
6945
3098
6755
7576
5217
723
5196
1848
760
6604
193
2019
6680
2335
1010
3286
3002
4986
4449
6596
4793
5758
1790
7616
1867
5053
6909
1553
2618
7562
6584
1027
746
5072
582
5225
177
1309
1530
18
1394
3455
6880
2986
4796
4362
5024
7570
1272
4388
5906
6150
5
2235
5754
3055
7409
2901
3135
4450
6223
1806
7535
5314
3638
523
843
6576
6787
667
6801
7701
6320
4700
151
6479
4856
3088
4437
5616
6750
5347
4727
5480
6448
418
2369
2694
6963
6811
2783
5610
3381
2136
6170
6207
2554
5863
521
3572
1572
2401
7030
4465
3021
7599
128
6796
2602
2141
2573
4682
1544
1740
6275
6329
6065
7021
3233
2373
913
4495
5049
3563
7474
5935
5234
3859
3917
5311
7143
6071
3160
6642
4048
3968
3307
2768
3630
5990
7689
4633
2885
7142
5340
653
2656
3215
4226
6668
3828
2975
5190
7544
6469
3932
1281
4632
714
6227
2993
4365
5521
5202
3527
5919
5656
6091
7646
6682
2126
3185
613
4520
2303
3915
7192
864
1758
7276
5560
5071
1885
4557
953
3347
111
3678
4751
180
5238
4467
2801
7277
298
3247
7123
1414
6222
6226
6866
6057
2593
1747
7492
3805
7372
6815
6277
6407
2762
6145
3086
3350
961
4758
4904
5663
5249
5772
5917
1708
3309
5944
6661
3312
240
1465
727
2558
3209
6047
1631
1413
7312
2655
6978
1198
4131
3851
123
6019
850
5648
156
4600
6487
7553
807
1908
1034
1206
633
3860
255
315
5396
2535
743
3528
1144
5502
5070
4708
7464
2095
683
97
2515
5186
4575
460
3770
3891
6583
6634
965
2706
6018
2012
5632
7287
2825
3493
3818
2937
4820
903
2292
1239
3824
2710
1333
2484
6765
5651
4716
3193
6669
3810
6961
5757
5303
7496
5215
832
2291
5185
4180
2311
1442
1549
7129
4084
1800
790
7546
3258
7222
5818
5016
6122
3536
1260
3348
4403
6870
6802
3473
3171
3104
3916
4212
6098
5020
7505
3561
5401
3037
3656
5355
7310
3682
2773
2441
428
2008
5400
3032
5701
7164
4458
2685
3988
7264
6152
212
4963
2018
4773
507
6294
4359
6389
663
2334
2286
3837
7545
1561
3617
994
2194
7540
7014
5366
2071
3904
3110
135
4507
162
3010
5319
4172
5179
3231
6373
522
2521
5589
1390
3739
5459
4591
4926
1026
3943
5784
2223
6256
3670
1841
6180
585
1798
3256
1626
4446
6763
223
414
6554
2645
3207
2628
3052
3654
4491
7199
6648
3703
2707
6269
1395
1306
7284
5989
1760
5150
7385
13
896
2021
6725
1616
6267
5999
779
6035
5088
4535
6368
2380
5866
6730
7113
538
888
1207
7513
759
1343
4695
2221
6099
6817
5790
1750
3955
810
2415
4064
583
5143
846
721
1258
6618
6863
5561
4814
1568
7283
4679
4090
1650
5684
4292
422
6591
4170
7556
4005
2720
210
3492
3730
4116
4442
4919
5916
5674
2653
6912
1575
5770
7018
110
1315
7445
2829
7236
2502
4488
6438
1015
2772
1066
7416
1685
164
4994
5163
2447
4060
326
3074
3935
5854
2306
6795
26
215
7299
2880
7601
7703
5473
6836
6093
3785
5008
4147
6200
4979
6457
1380
293
2188
1738
2191
3921
5544
7097
7178
2442
2163
4122
7364
4173
7132
1601
2237
456
975
6085
5851
1850
349
2636
2589
2611
5201
1351
5775
6816
1123
6944
5645
2304
3325
1434
2400
499
6702
739
1466
5230
324
5579
1180
1220
2893
1950
4464
1238
4982
1201
57
4743
1136
6315
4765
2785
7188
2821
5291
7661
4811
2116
629
4613
5700
6354
1863
717
1188
5047
573
1982
2759
1214
275
4407
7417
2427
7366
6199
1972
7334
3624
1416
2123
5975
5274
4780
6386
1855
4673
7339
4870
1782
3736
6029
3018
6302
5021
236
6714
6278
4462
5289
332
2674
6082
1274
2542
337
615
4053
5065
1372
5722
5279
3283
4794
5239
2320
5409
4740
4772
4574
6023
3861
4237
5059
4641
1509
5569
3942
3028
2379
5419
3413
4182
7497
6025
6075
3605
6977
6813
6498
5852
6079
2965
343
4474
1914
7469
3957
4417
3321
964
7697
968
7634
375
6470
1353
1222
4658
1439
5297
5734
6185
3486
1780
959
3125
5216
6728
6142
4306
6492
7433
1421
1627
6792
6206
1471
1966
988
5599
3570
1078
6914
1271
5558
2044
6841
6888
3671
2025
4913
4343
2763
4109
771
4245
6014
1586
1543
7691
4533
4399
134
4850
3749
5074
1436
2094
513
176
2080
3729
6224
2964
3726
6041
5309
4841
4398
3225
5983
2287
3066
3097
1818
3848
5094
1377
782
6534
5536
3458
6821
5731
7657
7265
593
4846
3814
4616
7420
5028
3049
2192
5105
7498
1775
6907
4761
3282
5250
7692
857
6424
6962
4207
6453
5872
2714
4924
1882
5494
5387
3792
1344
3967
5198
1596
32
7475
1039
1808
4396
1749
2910
3443
7046
1687
7637
4282
3523
1233
2073
2576
2377
2662
2779
676
6740
5145
5806
7345
6394
141
5735
4923
5596
1932
2051
990
6735
3069
5364
1426
4128
1423
7266
2691
173
4580
5092
6850
396
3641
2129
813
3623
6921
935
4404
5354
5882
3581
5080
6881
3668
682
7682
7602
6012
6890
6612
7658
5437
1121
2481
4424
5682
966
766
3220
2953
4915
1046
167
7388
3633
7502
7314
5308
1217
1880
5729
4030
6147
