1034
459
779
291
1281
324
1199
596
829
1123
1173
487
204
260
523
415
274
119
98
1006
1153
787
748
1218
1342
612
292
847
992
157
158
352
1247
447
284
1207
550
228
310
1203
462
1137
471
404
791
670
1237
616
790
1101
1012
93
162
1380
346
804
886
1035
496
836
147
1115
942
205
1348
512
66
975
261
390
249
241
1320
341
552
366
360
348
142
108
1069
1351
239
1075
1127
1056
702
373
439
1126
986
889
1287
1102
868
951
1390
994
294
326
1201
781
1340
744
1108
156
286
1144
427
319
201
720
649
723
416
1369
2
6
1198
24
697
727
1337
695
253
894
187
1054
1079
517
1050
928
10
185
977
80
206
1250
256
269
317
1327
747
302
73
604
632
559
1336
58
159
95
485
20
1255
811
1291
1045
52
706
677
679
1399
1299
917
400
140
306
969
1344
1271
530
825
841
31
680
669
774
713
452
927
420
1029
529
1091
732
1092
276
277
146
1142
949
531
89
709
527
690
819
237
930
696
1096
84
1022
515
1174
1387
857
1170
1312
682
570
910
756
399
1048
1296
803
172
1165
235
1278
1311
1128
998
1084
63
134
151
220
450
870
1009
1176
976
88
1117
392
897
759
562
1033
817
753
746
958
1200
581
1212
686
318
921
281
1397
454
794
488
712
1379
371
64
718
684
22
44
589
209
403
8
30
620
814
624
936
465
1249
370
575
342
989
343
1111
164
1124
13
221
263
77
171
1046
700
637
99
541
1020
136
908
296
1309
40
769
647
1140
716
149
1032
592
279
495
1240
545
1402
1326
734
1364
387
1356
1388
658
666
1385
389
236
630
768
783
1405
621
629
586
1159
56
1204
214
53
1082
909
736
1228
704
944
1210
1097
760
55
672
1292
35
1187
314
1145
737
638
258
1254
1077
826
584
678
5
583
1051
502
308
1099
1089
203
1037
569
466
991
973
207
978
1001
250
351
800
133
749
125
363
395
453
544
1279
719
1042
141
1360
1103
436
693
611
833
721
174
782
1041
255
315
123
180
268
924
711
1015
288
785
542
1381
148
150
1352
1031
947
1189
667
1219
1095
1233
509
320
579
121
380
832
1110
475
965
234
653
633
344
772
1007
1406
929
478
1190
1357
960
19
386
950
524
313
902
560
822
45
0
815
725
1195
97
138
565
881
780
231
1182
85
83
458
891
1273
859
491
840
740
78
1215
1265
660
211
1023
1272
412
906
776
347
297
1400
1289
1288
1260
1333
1396
26
639
1324
1065
1193
1367
467
405
103
1244
29
1282
1229
518
230
1347
650
81
922
726
919
497
514
962
247
522
617
860
1216
1371
59
329
698
1141
1290
316
60
610
1329
1407
1386
494
1178
946
880
634
283
1156
820
788
742
1365
28
305
195
555
223
243
1166
1332
1345
900
731
163
812
687
1132
521
525
479
1158
866
295
775
1269
1070
801
963
940
1005
71
925
561
1039
508
270
948
1321
498
51
76
548
1224
251
419
500
1150
446
1208
345
572
266
980
1276
323
365
189
856
961
657
325
513
501
1236
835
1318
1167
644
165
543
1319
1055
1310
597
132
751
1040
1316
694
92
1060
355
1086
299
372
1222
4
595
1088
858
981
1389
885
7
332
983
628
1043
1275
1114
1151
1122
861
585
17
816
1013
837
293
418
1362
423
724
197
738
1346
107
923
503
1061
896
862
882
606
971
1277
300
455
1105
193
608
1353
213
676
1306
733
758
1188
659
890
238
198
1263
1302
1184
1234
1107
566
69
1191
802
1049
631
298
619
918
143
750
1057
122
593
904
1068
1028
57
995
671
1328
438
532
1138
1295
473
715
771
48
338
547
9
1175
186
1313
553
689
194
190
766
477
915
602
1118
1024
381
1322
536
361
54
999
714
849
200
1241
808
1325
636
16
154
91
1256
421
117
853
493
27
272
1266
964
1301
1081
504
1341
652
573
622
663
409
173
460
966
1330
168
1382
1073
863
37
1284
907
1317
393
959
764
807
1087
285
878
778
23
985
330
166
376
208
1018
752
377
1147
623
1246
1286
903
1063
1120
641
169
34
430
155
245
914
1262
331
394
79
728
810
526
191
874
884
413
607
391
1067
1211
1194
625
974
104
222
38
457
1112
957
1104
131
576
350
232
996
934
645
1230
795
424
535
484
972
577
120
1376
282
62
75
646
899
181
1183
730
1257
539
290
872
378
1038
469
178
1136
383
440
511
311
898
1125
528
883
818
603
1303
1391
46
806
692
21
470
1338
301
852
499
1181
1354
1395
554
1404
267
664
1334
1283
411
564
442
1177
1000
1252
1139
1171
353
777
1408
74
161
42
805
796
1116
838
437
1378
1304
116
398
1121
175
257
1217
335
414
225
339
1197
441
834
871
1372
1169
216
683
449
184
609
118
844
425
876
574
1297
556
229
212
1335
1047
879
916
1398
590
327
1267
49
112
252
614
90
192
265
1232
675
124
1253
110
877
842
533
1071
1076
893
280
1163
673
248
813
382
1162
601
1154
735
510
177
823
289
113
126
1270
417
426
334
937
433
160
1355
754
770
773
233
1030
1019
1370
705
1078
648
1350
797
507
1085
408
710
1205
287
824
1280
70
1394
955
182
1017
708
1
578
651
1393
799
1134
1026
170
1074
598
831
1220
895
786
1339
722
1058
654
94
935
1227
851
729
1274
219
1258
137
359
701
406
990
688
1315
202
482
1314
887
1155
1392
755
1180
1072
100
1300
303
1021
1264
1251
519
865
745
567
626
1343
984
183
582
789
1308
1148
845
703
105
434
481
114
1083
431
333
665
953
1192
336
1331
939
384
483
1374
1113
982
224
354
699
307
1143
846
362
1383
18
356
152
435
349
1213
357
741
275
464
461
72
563
546
1130
322
599
358
1080
855
1231
1403
1062
217
167
1377
1066
765
86
410
278
1373
1044
821
41
931
264
1214
82
793
557
668
340
1008
1131
1293
312
1179
642
39
1172
1157
129
938
888
210
379
468
1294
1305
407
463
1119
456
443
492
397
1359
321
655
33
68
109
188
1185
244
1221
661
1052
1323
262
246
1248
643
869
101
128
848
1202
1146
130
987
830
933
1243
11
1298
1225
226
144
913
1053
605
952
374
627
218
892
106
1363
429
15
809
828
943
792
681
43
867
472
1129
102
763
304
1242
32
1168
375
920
369
1109
1235
179
367
827
997
1025
153
558
1027
115
1161
215
1358
537
61
111
1361
422
767
568
739
640
1261
240
199
600
1133
1002
691
1014
1268
587
135
364
1226
968
912
388
551
337
743
941
843
762
176
1375
1186
864
580
905
534
145
516
385
25
448
1094
717
1016
1307
662
50
967
839
65
538
47
707
549
328
309
674
588
1010
14
1098
993
970
1004
1285
1152
954
227
618
3
242
1093
259
1368
1366
571
476
656
474
1090
988
402
1003
273
1384
396
613
956
139
1064
368
490
873
489
506
520
445
480
854
432
96
1059
36
875
761
926
1106
635
1223
1259
1196
1401
1160
451
798
540
979
911
945
1206
196
1245
87
428
67
1349
615
757
1011
505
271
486
901
1036
254
685
127
12
1238
591
784
932
1135
1209
444
850
1164
594
401
1149
1239
1100
