7908
3685
8692
7628
6459
4581
3594
6015
8572
102
2571
1956
8350
10275
10084
2991
5878
8601
4260
1586
7928
5684
6127
5141
650
6173
20
10103
9740
3036
4720
3347
7827
7749
1504
4955
1215
4726
4493
9731
1768
4194
1182
10005
5897
3250
4630
1873
8203
6694
6756
4570
9163
6783
6310
3985
7181
9681
802
3402
5927
3951
5952
10174
1782
7426
523
9954
5334
2242
2825
201
1625
3016
2028
9583
8767
6220
9627
1907
3532
5261
1095
2306
820
1165
6252
7103
1721
9040
7215
1491
4582
9955
3584
2889
1329
1666
6022
2893
2689
10383
3941
6550
9069
8678
5562
6136
5662
2999
7864
9862
1161
8896
10073
1714
218
2403
1227
5
8088
1688
9978
6730
6443
7674
9801
5725
1333
1302
1171
7911
10074
1636
4754
1353
3813
10349
10282
8892
7527
444
4402
5966
10304
5762
9552
438
9120
1405
1424
5795
2346
7977
6340
1322
4680
7366
4208
5862
385
7945
2072
478
6215
542
1866
3127
7044
2309
5714
8710
4278
1824
6677
8699
3772
3186
6317
4626
9328
3590
9147
4283
7254
2167
7619
4410
4663
8965
5144
1877
5790
4608
2168
9052
1480
4610
4533
8281
6817
8940
8530
9232
1790
10008
2350
10438
7721
3470
5446
5405
3492
3913
8733
6761
10118
3227
5731
5896
4256
1292
8219
10333
7639
6749
2420
2410
1583
5237
6774
7439
447
9673
8058
2459
4051
8482
6246
33
8696
7203
3791
7086
4305
1527
814
2750
1753
456
10068
4379
1501
5622
526
4913
842
2565
729
8264
7663
3043
3501
7519
5318
1384
5776
10052
3574
9266
5825
4816
5178
8902
6237
4438
3530
5290
7360
9287
5218
7909
10082
5719
5387
429
1819
10122
4985
2085
7834
1209
4207
3338
3131
2519
7494
5221
8926
738
757
3120
4867
6003
7228
5872
5590
8573
6504
7741
4436
8052
8571
6152
4908
457
10406
10211
5039
2990
6937
4089
6597
9682
4752
1672
7841
7470
5109
3075
9499
5771
9456
9827
3208
3609
5131
4297
8817
5098
8747
1284
8598
2343
8277
6338
1987
2696
8970
6599
10189
8751
2031
6926
560
1223
8051
4445
3732
10300
10408
3333
8437
2679
2820
3091
10288
10272
10065
1441
2700
1618
1460
10155
9894
8161
1789
358
2566
9625
1510
6088
7531
3028
5605
8084
6493
3948
3874
5657
2592
4625
9633
4118
1355
1152
4385
4956
3553
7211
4785
4141
8757
4701
2802
7981
4771
6478
8805
7307
4939
2760
2161
883
8966
6887
1882
4249
6228
8176
8500
1546
9925
1526
139
4644
7362
166
7982
9032
877
1126
296
10208
2175
4566
5959
8455
8542
9470
3424
7574
200
2653
1360
1951
6418
5247
1731
9171
8462
2091
4590
10060
935
7539
64
234
6506
4215
5008
7738
4004
6983
6169
8625
8013
8523
10365
6101
1303
3786
6815
8560
9886
3755
4950
7514
8445
5480
9423
236
910
6501
8228
2231
4223
4612
10132
4538
1939
737
7903
885
3318
1614
5803
7950
10362
809
4387
6742
8217
430
10031
6831
6440
2051
10443
9267
4270
4220
8435
6572
9414
10044
10035
5273
9086
5385
4509
9466
6468
2226
5648
1423
2710
448
5774
8943
819
2053
6400
6605
9813
1277
6171
9518
8778
5431
4183
3692
6714
4300
6335
9310
3302
6270
4653
4922
8468
1210
6465
5641
7055
6309
3115
10319
3266
9782
9478
10425
7104
1962
4022
2304
7010
10049
4697
8541
9642
7421
9783
5755
5409
5609
5433
9976
4407
3283
1969
4146
609
1003
7919
4469
5009
8998
2497
9710
1622
4556
8434
7549
5320
9525
6191
4897
9463
7653
2908
844
3249
524
5525
5004
2308
7072
257
9350
7873
1082
2489
4673
2044
6929
1090
744
3172
10396
1679
9851
9094
4460
8321
10270
2018
2129
5738
9088
1385
9630
7427
1549
10293
7876
8632
917
6012
3277
5140
2564
6799
2670
9561
2753
10442
461
1464
1850
1340
1587
6590
8381
5396
985
8020
9275
10197
6367
5281
9017
8191
70
1893
2518
3412
2534
1990
7680
4929
804
3659
9138
1315
10230
335
6870
5881
6194
8125
8465
932
4536
8247
10092
1848
7592
2125
9182
67
4599
3714
6882
6362
5850
9157
4465
10375
4059
1759
469
1247
7825
6876
10088
8422
3416
1531
9472
2913
2353
9903
1299
6254
119
987
5082
8800
8599
7385
9761
5593
8853
904
2846
2525
10024
547
8417
3109
5336
7154
3176
8612
2371
1862
4056
9671
7533
1074
5967
1989
1859
4831
6221
2741
4119
5582
416
2555
5245
7364
1621
5339
9869
307
1758
9742
9505
3729
9528
591
7125
10237
3436
5283
1787
3463
5229
4087
5383
527
4352
1338
5492
7521
6347
2922
990
2213
3180
4442
8370
685
4879
2648
2761
2470
3398
21
6978
689
4175
2348
6306
615
4666
8045
7050
4026
7435
9676
5395
8278
8085
899
1756
6955
3380
3528
2892
9159
1323
2549
7269
2407
8610
6912
1458
241
8334
1179
1169
6607
2638
5418
2770
9795
746
3241
7966
4237
300
7423
3367
10339
3793
10121
3477
6053
6320
4576
1406
4169
7868
9252
2271
5518
4742
3821
5007
8721
8308
7983
9109
1432
175
301
310
8677
6253
1967
112
2081
989
694
5782
8412
9293
5121
9303
611
5126
368
3106
9202
4521
7330
1373
8022
5241
7622
8314
1064
8342
5062
5278
4406
4895
7057
1653
5491
2075
4781
10387
6934
5975
6698
2008
1391
1536
7669
9118
9122
9614
8717
4968
8312
5086
9823
4343
1189
6927
2545
8903
9030
7651
1682
5423
965
7545
7799
8613
7779
2602
5157
887
1640
10069
5233
411
8701
7725
516
3136
9735
9338
1137
10076
1461
4
959
8506
7913
9790
7232
8090
7118
9115
4850
9584
3724
8425
1598
1308
4271
7544
645
3049
210
4732
4245
2840
7744
5317
4562
7688
6066
4524
3168
2790
5861
8424
4111
4298
2240
2374
7285
2824
98
7489
9185
4657
10214
9729
1792
8996
8655
415
10422
5295
4924
165
347
206
830
2630
7614
10444
7486
8522
1396
4357
4898
4976
968
5467
3009
4440
3679
8092
1743
3544
5640
3962
1440
1077
1493
3743
1561
8675
4390
6013
83
2577
9983
9311
8732
4310
9250
7936
1596
7994
7734
7280
944
1100
4074
373
5345
9700
7985
4363
3012
1974
7727
6100
2112
8367
5626
1052
515
6160
1029
3522
8254
2427
4683
8526
2414
1104
9705
7428
17
9953
8326
99
10256
6406
2942
9189
1904
6360
7326
308
9453
5887
2435
4678
5181
3108
1019
3123
3746
2189
2676
4388
9239
4986
3236
7016
9993
8517
8727
2174
5440
8413
5712
8488
4824
780
6559
6336
1145
7422
7887
1469
10209
4201
6426
7980
7170
557
3869
7434
4473
6744
6943
486
107
2818
1080
4776
6699
9503
1556
273
9015
1683
10229
4586
2608
10374
1851
6801
6391
6664
6805
7183
1920
6342
3657
5322
728
1541
3824
7850
3823
4386
7328
753
6620
8109
196
2618
4099
2067
6386
3669
8657
4901
1414
79
8592
4832
3934
5936
6690
3124
7220
4061
7355
4876
4567
10090
3736
3228
4466
1843
160
6453
10190
8379
6385
10335
3328
6224
777
8252
9140
3702
10372
8263
3789
3511
2362
269
2341
3593
5176
4834
743
8183
2615
2077
4910
9165
5053
8591
1476
1451
3251
5377
4546
1612
8691
790
7554
3204
3056
10259
8579
6920
4861
4421
3083
4655
5344
2585
3556
3162
2331
7951
9102
8590
10058
8743
7659
6416
10286
8794
6696
10289
2897
9744
1350
7445
5162
4130
9356
8239
1489
4744
9025
3361
140
7638
5151
6904
158
6341
6535
8600
5857
5465
742
2385
2767
7935
4790
9519
3618
7267
9765
5441
4293
38
8847
1307
4052
3448
299
10182
8201
4667
5342
242
4767
3699
1995
2601
2589
8019
6186
6727
9236
5563
5493
7286
8894
4389
9951
1411
502
10228
1023
2693
3387
5002
2788
4998
6146
4327
9160
2068
8266
2809
2121
8362
3703
2677
8154
8528
6387
1690
2983
5365
66
8498
6622
3537
8335
4569
9410
2578
5373
2605
1444
8806
4067
4409
6729
3857
680
4609
10046
860
4911
7493
8801
1190
6561
2503
8104
540
5185
5200
5768
2139
4963
7305
522
3917
8859
5358
10403
2740
3667
7320
9946
10172
5710
7014
3411
2805
1361
10388
5487
9090
1001
2328
3181
7637
4048
2860
2852
1394
9156
7490
6706
10047
8867
5933
1628
1000
721
7753
6546
2726
9941
9997
4147
3781
7083
2658
9618
7213
7201
5305
9448
2292
6814
4611
2060
2100
3118
5212
544
10386
6641
9149
2437
2180
348
1547
9405
6669
1794
6514
7692
10347
8597
5913
31
7803
2266
3072
5522
6611
5357
6949
908
8780
1345
9520
6472
5851
4162
7192
8108
6379
9663
10036
810
9619
1899
9433
6758
4852
2656
1692
3696
8282
1233
7847
2106
10011
121
7094
775
564
8568
10257
5629
1463
6891
7746
6846
6757
9158
5458
2144
4090
6919
6061
1131
4589
984
552
423
2062
747
7510
4674
6067
6323
8917
791
7917
7506
7026
9539
9835
7677
3513
8559
5119
1826
6866
3966
5659
6649
15
8397
5865
3760
10217
4806
6056
7676
3619
559
1301
6975
2251
9331
5811
8205
6931
2951
3008
3872
1770
9347
570
6469
3911
5246
868
3945
9516
9022
5202
1255
7600
2184
9224
8708
3700
7091
950
9979
2069
4635
3350
1241
6630
1055
4928
6503
4287
9592
2985
7541
1486
2974
6976
6028
7781
2157
7473
829
7925
162
5974
8107
7406
6804
6377
454
4670
7631
6933
2882
10183
1803
8855
6112
2444
9337
9730
10447
531
3291
2202
2364
5215
2166
3365
4349
1496
5077
8768
2947
6408
6115
1445
9477
6587
869
8190
1311
9186
9036
100
2017
1724
9257
7762
2241
6862
6339
6343
194
6346
10126
4035
4211
2295
8410
9426
955
3152
4105
3288
7798
7332
2550
2938
405
7599
853
5911
6843
8430
1738
4133
5526
5464
7808
1835
8654
4718
9083
9436
4426
8989
8173
6231
5773
3478
2494
6208
4213
9201
5543
9680
6660
8366
2291
3409
6642
8392
1884
4947
120
1477
2613
2721
8698
3763
4888
105
9045
9900
1334
366
9288
4017
1153
10175
8609
328
10083
104
2682
667
6256
8306
7158
144
3037
5718
2776
9245
6755
7818
4659
3004
7704
10413
5686
3843
6098
5794
3662
5457
2890
7459
10385
3061
8251
2772
4912
5681
9431
3292
3418
250
1120
10432
6776
7006
5035
4012
7022
6659
1674
7948
8494
9057
6763
9550
1068
9334
2092
4620
5901
1116
6888
30
7454
5889
953
10147
10226
10328
2412
6458
5842
8426
7483
3855
2288
2652
4044
8063
4497
5615
8050
2234
9418
6790
1519
7679
8406
1874
8761
976
9524
1426
8489
6247
7879
289
10004
8131
2487
2373
1221
2808
10187
455
9613
7791
3221
2255
5802
2379
6352
10305
1481
2945
1377
7018
5515
939
9029
6802
4607
1908
7686
7352
9845
5995
6565
1793
3519
9664
9600
1675
5064
7343
473
1606
8419
4342
10268
3117
806
5607
7003
5068
1517
471
5430
226
5848
3
6574
8141
2535
7282
1117
9066
6354
9588
3194
3730
7832
5177
8153
7968
3549
4014
5330
5840
4393
10054
1960
7601
850
5171
9150
5188
3534
2678
3000
2445
5349
5533
5977
8112
26
9661
1708
3144
1788
3947
4927
4648
6302
418
253
9767
1497
7758
4177
2821
3374
1601
518
1475
8064
3419
1639
3806
8581
1214
5523
10435
8492
4875
7895
5398
7416
3739
1244
8215
122
8384
5919
9708
1781
9972
5407
9662
9608
4550
8885
146
4214
6697
7932
7979
1160
1113
3128
1840
1369
4253
5665
1407
7066
1331
1054
9986
2756
9427
2739
7371
2230
4284
6415
5735
6595
1943
876
9711
2490
7728
1857
2640
8799
8878
855
6670
5909
7349
4296
8017
4010
8578
10427
3451
8753
1494
5146
6222
797
10055
5942
1106
7302
6179
1006
4848
2851
6130
9558
7618
7386
2874
8077
2952
3209
1924
4472
2841
5085
3308
9379
4689
7661
5402
1316
5829
3560
3735
9340
397
4651
82
396
7176
7475
754
4114
9547
7315
782
640
3390
3433
9294
5486
380
7323
7189
1024
5294
2192
6197
3954
8911
8452
1594
367
8047
3421
2267
8023
8408
2320
1269
1016
3161
8279
264
670
5717
8268
9226
6871
760
2714
9848
5736
9991
2172
1767
3833
5864
2215
9918
6108
7142
3484
2326
7259
8603
8977
3611
587
9771
3177
3807
1558
4292
7136
3701
2728
9994
5335
1852
7
3425
5943
3332
7529
3516
6190
4159
133
4884
7051
365
10367
8329
3543
4418
9424
6417
7356
8512
7536
4839
6420
10276
453
6616
29
8975
6645
6388
5507
5815
3112
124
8059
377
9858
5949
4943
3503
543
5071
4132
10159
8061
5408
5024
10391
10449
8594
3912
8467
9545
5074
2220
7143
8833
3904
8510
9816
793
2424
7138
8078
1800
1143
4415
688
490
1479
4578
828
10134
9110
5406
8210
10138
2375
8123
6316
4977
6245
4258
4572
9536
669
9540
584
5750
8877
10440
4456
7345
5213
2642
9704
7886
994
9965
2386
4624
4749
4157
6925
6232
2591
4050
9221
8978
2813
8913
3744
2896
7432
9264
2363
7068
1261
7469
1103
2816
10206
7685
9177
2574
9725
5078
4563
4594
230
4011
7159
7636
8821
2977
6841
4601
10312
911
4639
6851
3170
4868
2162
2319
4094
7210
8170
8231
5161
1085
10135
7069
407
3243
2782
1196
4024
6242
7388
818
4182
6178
8643
6492
9853
8427
7620
2339
5880
7504
5941
2232
7499
9271
7059
10363
10302
8082
2554
3946
2731
3601
5697
3837
4384
1918
5895
9888
6560
7318
8905
3493
18
2547
5390
7794
212
5994
3986
5705
3015
5807
1811
824
1654
1554
8256
8383
7625
2026
5042
4896
3133
10267
2530
4457
1833
2467
5908
1150
10080
54
2538
8309
6872
5490
7127
9863
1061
6438
7257
1105
9788
176
8695
7835
8802
1439
2305
3076
369
2940
10249
9944
2458
9772
5134
3681
961
1534
6166
1199
8845
5778
3102
10233
891
1094
7147
9843
5692
7816
9814
2724
2201
8298
4345
5190
1746
4854
1796
8325
3909
2482
8267
5836
10395
4174
7078
3557
1266
5742
1287
1765
1254
2993
774
6150
3223
1062
8927
1945
905
5528
5863
7960
6914
8562
3713
1652
6780
2111
8749
6476
5037
9707
1046
3897
862
5338
5541
4314
7633
6543
2219
6958
2899
5706
5399
4860
3373
6236
6314
7973
3143
1358
3926
7952
521
7393
6864
5138
10219
6151
10167
3620
6917
9326
4080
1031
4483
7191
2994
4488
9808
2586
1091
1933
2438
5282
370
10377
9374
7099
2354
5785
1718
1341
9961
5903
52
9483
1216
6052
1365
136
3364
513
553
7884
9348
8087
5907
3648
9318
8531
4558
7376
3369
8919
7331
3154
254
3885
464
7157
763
1060
7517
9234
4140
4774
495
6348
6678
4731
420
6419
9212
702
9055
6366
3546
840
3767
3677
2431
154
1645
3159
7284
8086
7174
5061
5633
6972
1430
3968
3005
9026
736
6482
3579
8912
8428
4703
4148
9739
9580
2801
638
5362
7713
6429
2272
8057
7088
4615
5439
1034
3989
2774
9882
8348
3311
843
7368
6051
6239
2073
7907
1775
9885
4890
10398
1220
8582
1178
2987
6499
10129
5565
10168
1508
6879
10066
1686
5096
4920
2611
1996
5764
7396
2626
6743
5279
3688
1249
5556
3267
3130
9469
6209
7774
957
8540
2456
5656
3712
9605
3915
3399
6390
3344
4064
8469
10343
4552
1099
6356
2158
4858
8043
9365
5426
5874
8018
5111
10110
767
9113
9242
5286
7942
1200
2976
6967
9610
9467
2524
8056
783
1712
6617
10316
6471
9223
7558
7338
2113
5050
7327
6428
9458
7597
6684
3182
2927
7845
7171
10260
7716
7358
3981
6901
1156
1498
338
2734
6773
208
942
7912
7616
6062
7477
8826
9237
3301
24
9253
5123
7765
3335
215
1698
748
3521
6734
1246
2934
2065
8316
6640
1398
2604
1912
7570
7927
56
3395
7656
5484
7842
3045
6227
3071
2050
1609
2206
7760
7509
363
50
4318
5586
2054
3193
3578
7038
5722
2695
5249
8742
8003
1854
758
7598
5223
996
9939
6004
2392
8823
2440
9677
3818
4945
10136
2314
3605
5198
3693
2300
9881
5685
1571
7007
4573
3510
6410
4160
3491
2013
7833
8501
6155
150
4424
9107
3092
9751
2687
7417
2758
9360
2829
1262
6516
963
563
4759
2920
6803
2863
5698
2370
5453
5354
5925
6265
6839
4082
5110
3031
5107
3902
89
938
8395
5752
6251
286
9912
3388
5499
8400
5544
3496
7350
2552
6371
532
5566
9535
1856
6394
6037
7359
8605
3542
3473
1392
8496
3438
1657
7671
8889
9455
4923
781
34
9606
2103
5751
6172
5744
6381
8095
5298
7944
3169
4826
7807
10009
198
3185
612
10006
436
7899
8534
9409
7789
5580
6470
2462
5821
1559
10186
6079
3058
4722
3865
6638
6536
3334
2900
8931
4871
8741
3676
8904
9533
6140
8575
10158
1478
4535
7070
2376
9450
5576
847
5855
6494
7627
5900
3384
9302
7790
2834
7530
9388
7415
8915
5236
2336
4492
10329
2965
9603
3082
7910
8865
3093
1352
8897
10451
10330
3148
7263
7446
6865
2079
9732
6726
718
9674
73
2064
8756
22
7322
10192
451
10417
10240
7865
2669
1934
1703
909
3529
4226
10029
1562
8349
4381
575
3795
1715
5834
3226
266
10360
9324
7940
6332
6445
9130
4100
1176
4395
10201
8180
3525
641
8824
5023
5115
9812
8414
7933
7891
2766
4926
6424
265
1232
9243
9973
6059
4917
10421
4677
7484
7225
2738
1961
2501
4825
9072
441
3383
5127
3002
5217
1726
705
8331
2478
5172
6568
7161
10218
5608
1372
2250
5759
2019
3967
10089
8404
10
2284
6518
6725
2681
10285
10452
7276
7249
16
261
3859
8014
6199
354
654
10402
3050
5175
7560
5456
9607
7610
8688
10163
5169
129
5021
6612
6315
2708
6719
6715
8535
8829
3971
717
8729
5584
106
964
1887
9375
3386
628
4485
9982
1725
6159
7988
10071
8065
2119
466
7277
8487
6769
4514
9353
6196
1729
6838
2609
4423
2562
4401
8241
5314
9203
1492
8122
8653
8924
6658
9872
9197
1110
408
4279
2559
5715
7670
5015
4275
10194
2279
4907
7752
6738
3139
2902
3218
6216
9255
8840
9810
3641
9615
4494
1730
1858
1298
6936
5993
382
499
1742
4694
1965
8353
1744
5512
4664
1083
5066
2211
907
3414
494
2797
5620
3042
3626
10062
9622
10247
2029
7654
5388
9683
1151
8872
3198
240
5569
8987
8851
5535
9376
8835
5143
1717
2636
4191
8032
9594
10434
4167
10215
4382
1560
10099
4110
4770
7067
5043
9569
5267
8132
9001
7498
7310
8765
5482
9228
7872
3430
7293
1879
4042
9121
2663
9269
3884
4846
6809
2058
2872
4874
10061
1285
10299
304
7033
6261
8208
9629
311
6989
6637
703
1300
1192
3252
4009
9218
5400
168
724
9820
7715
10104
3080
465
2632
725
5745
3782
9654
8139
4015
7344
393
6859
6369
8869
8834
5964
9510
6083
4045
5581
182
9747
7077
731
2685
5630
3721
10279
8934
2419
9039
8101
590
1516
7645
2152
7013
1720
4577
5904
8211
9686
1868
7526
9381
1252
2979
1050
7064
3952
6956
5713
7308
3635
4204
6591
4704
4053
9344
1122
2929
2076
8460
3065
5226
7031
5866
5180
8069
8276
6005
5285
9623
10032
1320
10105
6109
2661
217
5370
3622
3461
5040
7712
6141
319
7363
5517
378
6486
6625
6709
1364
8804
6463
5106
5303
4171
91
2529
5238
1418
8291
10119
6932
8871
668
7413
9706
3482
7587
5076
4708
6778
14
666
3423
9005
1097
2096
1865
9041
10431
6403
2104
8586
8421
7321
4341
8942
7875
5545
1067
5018
9180
8553
7635
7040
4548
443
3892
7496
51
6753
3354
7524
9327
4623
9713
6970
1109
8423
2479
3500
2690
10179
2505
2307
5197
5091
3591
221
2249
403
6213
6304
1528
6451
9301
2655
3415
2673
2087
7624
4322
404
2039
4840
5425
483
2579
8143
1318
8861
3352
1983
8363
213
886
6513
1198
9398
9756
1551
1906
9076
2723
1276
6075
2078
3428
3321
2504
6728
4046
10202
8928
8300
8898
5216
5819
4131
6779
4268
9070
9565
468
2439
9358
5429
1664
726
3634
3991
5758
7197
116
2904
2536
3385
8466
5432
2222
8083
709
6558
6816
661
4733
8935
5133
5806
5520
9018
1649
2011
4508
8016
10114
1438
1837
1149
6952
4803
2659
7457
5434
6223
8652
3450
10439
3417
3600
1713
8114
6922
8900
9582
427
8524
3435
2594
3394
1264
4047
3153
3576
9116
3596
6217
3150
8337
3156
2746
6405
3603
10143
2865
6085
9183
5532
776
480
59
8647
8283
3300
4075
190
2971
5240
2280
9053
980
1602
4815
9475
3165
635
7251
1294
1409
4122
8557
344
9023
6449
5481
1538
3443
998
5167
6655
6860
2599
1836
7559
1257
5955
4236
9859
2583
1810
6060
7042
3709
8420
8537
1542
7017
8493
10380
1453
2885
1327
4055
493
10394
1096
3856
6960
4241
125
10153
10156
9079
1135
1256
5415
5960
2057
9841
4139
1512
2606
879
1741
3825
6289
6895
6240
3674
652
2795
6707
9860
2933
5253
6551
6907
634
4397
5594
4016
2949
7972
7085
3125
2132
1926
7357
528
3134
9678
4049
602
8529
5073
8009
9011
372
1890
4700
4480
8275
2911
6043
5129
3597
6733
9554
9701
5105
9117
3469
2499
8113
1632
3871
5368
514
1057
2210
533
8179
7851
7755
4135
8473
1806
8622
3592
4780
6128
8237
5591
3800
6609
5916
2225
678
8886
10152
5721
2688
1870
3382
6479
8952
8614
7717
6681
3001
8583
3393
5264
9209
9238
7464
2799
8
2335
1265
2921
6077
865
8642
1283
6025
6598
7105
5379
386
7582
1274
1701
3820
10025
2798
2007
4564
7049
4203
10261
6875
2263
2955
3705
7258
9931
2807
8387
7964
1433
2843
8730
5410
9717
1030
9570
9276
7831
1728
1048
1076
2629
1949
8844
4807
4622
5301
3585
3927
9960
6807
7122
8616
4792
7150
1550
2450
7095
6947
4721
3312
826
2779
9093
2749
8745
2237
5194
359
2935
8676
8982
8992
8230
285
5928
5337
8760
4618
2143
7511
8914
750
2378
7561
5899
137
3052
1673
714
892
4735
2645
5046
7673
6627
8225
12
5539
7918
6665
617
3879
313
3324
5210
9930
2256
1002
673
10021
9080
10281
2961
1999
6126
4019
1263
4281
3923
1676
3460
8509
6663
6812
7694
3054
2686
9196
1778
5810
9480
1573
7297
6268
8227
4138
7819
8364
9870
8991
2517
3256
1112
5653
10369
6784
1901
1814
880
9445
2474
642
3044
8816
657
9559
786
537
6584
8669
3271
10094
5310
4571
1154
10059
889
7534
9641
9919
5749
331
7857
1108
283
1871
1978
9084
3132
6899
7291
7178
9132
32
839
9921
1313
9905
10239
9322
8146
477
69
3286
2775
9282
5293
5034
2318
9616
3366
9577
8110
8664
8755
8070
6049
927
4870
4178
6962
10160
4350
10123
9370
6965
5381
3627
8724
9111
9839
10246
10287
4257
6944
5364
7608
5182
8296
1539
3939
8608
485
7394
1540
8134
1309
1075
7372
3515
7889
10348
9612
9425
7954
5727
5224
9947
8910
7354
1401
1822
3486
5969
2153
9386
6868
2141
6153
9089
53
462
9225
6594
1499
4719
4583
2190
9956
3429
7538
6177
5427
4820
6497
2036
2968
280
5149
5596
7963
6283
389
10311
1827
5029
6767
6255
2357
5917
4953
10264
1829
6671
4935
6373
2187
5058
4360
7975
1205
1065
7974
345
4511
3319
449
6877
7606
1275
3476
7555
4543
8097
8798
3580
5772
3784
2705
6575
3356
7418
10244
4717
3811
203
1321
651
1206
6760
2868
4007
9204
6370
9193
1891
5063
8866
10428
9927
1063
8718
7073
4675
7120
6675
9440
9690
205
2071
6241
9889
884
6078
204
414
1941
7411
1226
4165
7603
9526
6592
9909
9958
381
9449
4798
5893
5654
5275
1643
9372
3098
4687
4557
8433
2610
6991
7691
3978
3827
173
4361
7662
854
7718
5631
9391
9587
6092
9332
9650
597
2763
5170
5703
4784
4259
5424
9632
10258
7414
3498
1799
1228
2095
8836
1875
3691
2910
2337
7460
2791
5748
2870
2399
2998
7826
251
4793
1776
3086
3963
8995
488
2133
807
4439
9970
3459
8811
9248
6894
7377
3073
1566
2164
8901
3357
2915
3017
1915
1748
7904
7041
1468
8679
7839
7207
305
1739
2665
353
7518
1897
5160
167
3717
4102
8029
9890
6921
1736
4522
4222
6363
3103
4914
8782
890
8714
10235
7230
1347
8831
487
1864
7761
6724
506
3649
7005
1813
1273
4627
9134
8842
9980
7266
8006
458
8216
7644
5384
606
9496
2016
5093
7786
4919
4554
4758
9928
9047
8650
8651
9910
3727
6008
730
5646
9493
8781
761
4516
7408
9246
5153
1402
5020
6131
4486
9833
1762
2532
4470
7148
2735
4134
3199
4484
3535
2959
8407
3442
9046
5292
8431
2426
9696
7478
6545
7440
5885
4741
7397
9950
5700
1225
10154
3290
1592
835
5783
9943
8864
5828
7573
6762
8783
4190
9952
6950
6446
6375
8920
9416
7093
1957
3010
1388
4374
9389
6981
9601
9330
2032
8880
4707
8849
4503
4225
4109
6057
10077
2480
1425
4633
3929
4940
5680
3808
3410
8272
5193
8929
773
3994
2880
7757
8135
8720
610
8621
5036
1936
5814
8224
5602
6299
2409
1462
5494
1238
4467
2862
9411
2835
6828
993
245
7894
10098
2568
9383
7892
6867
7605
2520
10016
3943
2
6705
3933
10436
3715
967
1798
8784
3353
1772
132
1894
6149
538
3964
9176
9154
10210
10327
9260
10000
3499
4429
3849
6487
60
977
6520
6189
9482
1535
4877
801
8736
1616
1942
3790
4962
8629
5014
7612
2151
4189
9092
6365
2706
10323
9208
4003
1035
6030
7772
3504
619
5638
8259
6430
4769
8273
6979
698
8815
5667
849
2040
1107
8787
1487
8233
5950
7045
8451
7956
1719
8693
4106
4684
8318
9392
1985
7383
6890
10131
9567
6941
9656
9556
9485
7047
4084
2546
2596
223
1608
6679
2317
6820
9393
5809
9753
6610
7821
7198
3032
1661
9063
8923
3137
9166
9984
8549
8302
3924
5125
2671
10042
6750
8145
4965
3595
4737
6488
1982
95
9319
4356
8941
1004
7690
3836
7379
4527
1898
6090
3919
6787
8490
2451
2891
9513
5875
7472
1058
852
10026
1518
6916
2634
8358
8544
596
2831
4254
7015
5448
6716
4482
601
7278
9775
6923
3955
10144
9512
1043
4400
9884
8857
2109
9219
3928
6835
9923
4163
7575
7764
9042
4404
9815
1896
7647
8226
8951
7525
4325
7668
9824
10148
5254
6524
5513
3617
8671
2020
1038
8893
1584
7885
1807
7467
9902
8418
1157
637
1529
6527
919
9842
9579
1644
2436
1869
8258
6968
9768
1977
9462
9509
4096
9299
3878
2844
8091
1817
3396
2360
9471
7163
7707
8505
1212
4086
8955
7648
2551
2134
4005
6103
6794
1234
8129
6135
2417
745
6104
4008
4156
7609
10213
35
1281
155
5297
4354
8972
10334
4747
9142
5195
921
1144
798
6836
9077
235
3940
2114
172
6364
9290
6717
8932
796
923
10078
7000
7023
1603
8297
1328
6425
7756
857
2674
4265
7969
6580
4277
10332
6634
3644
8436
4212
5597
701
1524
5733
1382
1872
8793
5998
639
6647
349
8177
5003
9543
9415
2137
8682
5784
739
2425
4932
3848
2094
1752
7261
2732
7632
5306
5248
2345
10342
9048
5421
2516
10115
8265
4403
4060
8025
2227
3135
3257
6163
1959
10379
7389
5521
9101
3077
9971
6603
1158
1581
7848
4866
9817
4725
6084
5601
9233
1449
7642
9162
8294
5664
7687
569
2049
10353
6072
9988
3447
5325
7722
7268
1242
9595
6267
995
1386
4978
873
1325
7959
4727
1694
8442
2806
2631
2745
6295
5800
9494
3444
1678
6074
6993
6833
5614
8828
699
9992
9764
2861
9031
4431
10141
6547
8762
5316
4383
7870
5122
8229
4319
5142
2946
6271
1129
9377
3748
7814
4811
5958
7934
3882
9864
4273
789
5260
9837
5879
10412
2742
8240
9027
6823
3293
6588
10346
6766
9675
6055
3846
3337
6850
8874
7056
2815
3935
6485
2116
5963
3655
5016
2826
7890
2486
5270
974
8293
2847
5269
6854
1343
10221
4685
4192
3059
9914
732
3348
1605
8218
1359
6673
5191
6064
9672
9714
9504
7025
2930
4691
1895
8580
450
8209
7901
7905
8954
9805
326
866
7535
7128
8773
9832
893
4336
9349
5500
7837
6017
2188
8352
1335
2236
8116
7987
6035
2302
10368
1668
915
6113
8235
9444
644
9551
3211
6383
4151
3914
10014
8930
9341
4058
4217
643
7300
3100
9548
3567
7312
988
1026
6796
733
401
3242
6889
966
9653
8728
7382
9937
9724
1505
5272
956
9746
5469
7271
8959
8401
9167
3021
7482
9597
8988
3145
5508
6512
5010
6674
10093
3258
5788
8619
3372
1766
6321
6600
4353
8185
4541
5184
5259
3342
9320
5510
5302
6466
4326
6999
6700
10007
2262
4184
5922
1804
9211
6668
4303
8242
279
9501
7409
8566
130
6195
10445
10038
9922
5585
2672
3079
7186
6873
4161
1428
4949
8662
5935
7580
2423
9452
7164
5445
8516
10091
2926
2275
1966
2573
6798
4841
7324
4818
1567
2720
1467
9635
741
7212
5599
8858
8405
1367
9562
7507
8848
2572
6036
6848
541
10013
2221
10001
9464
2509
9738
2142
8333
7739
1749
4230
1027
10002
3599
4170
3427
1623
9802
4941
4071
3792
2238
7226
8375
4369
8343
3554
2383
5531
1613
2704
2903
1577
6526
8450
111
5505
6619
1172
3726
1485
1533
6856
9195
4822
9339
6014
8175
1427
5984
3734
4605
2186
8290
1028
10070
5411
5428
4539
7347
2752
4505
4181
3164
406
9964
8223
5103
8888
9019
5689
3284
4999
9574
9966
2387
2521
4295
9259
4738
6281
2943
2389
719
284
7931
1033
4688
3893
6666
3673
9532
1005
9935
6327
5501
460
1658
9206
4443
8429
6791
5366
1443
5805
561
5033
159
10423
276
6038
5944
878
9170
7523
263
8319
2010
6541
770
7846
823
3656
2274
9461
6515
1420
8198
1830
5552
937
8274
8673
5845
581
1248
9726
2004
189
6226
3379
2150
3864
4154
765
5571
7316
2390
7978
6145
9200
10238
5610
9880
3640
5038
6652
8484
6538
2796
3566
5208
8288
3778
7216
580
3787
5830
3220
2683
3762
8808
3407
1930
708
4123
4560
2733
8438
3485
5835
6461
3389
7852
7953
2248
5326
2958
8332
10196
5926
6404
7456
5929
2204
4091
9065
1380
5000
6961
655
9785
5454
7666
4966
9098
7240
1585
7971
897
6296
4938
9081
2657
4693
1289
7084
7588
8759
7689
6824
9636
1993
10087
8480
7706
5992
2694
4575
2713
545
10424
925
7503
858
7646
5204
10205
9362
9289
9830
2512
357
1523
1572
6434
1805
239
519
8964
5067
3341
8674
8879
7132
1774
8200
8615
6552
7392
2080
5991
7145
3432
9049
9758
6948
9716
3598
7634
9222
6161
178
278
5070
9637
6142
2514
8166
6732
8961
4881
7238
3826
8444
1280
5495
2283
5720
2948
10188
4476
9652
3317
6102
3794
4334
1408
7657
7867
7745
8990
3646
9235
3569
1295
2315
1968
5572
7548
5474
5753
80
1927
9131
4532
7502
2176
4643
10164
9198
9172
4847
5920
3815
8686
164
3758
3146
4462
6537
6829
2502
4909
7087
3953
10039
6710
6576
4364
8740
8561
5206
3307
9854
4668
8983
1348
1580
6423
9321
1667
8974
3687
6928
1466
7684
7747
6118
2928
3495
9617
2395
4967
7092
4316
3392
2356
3173
3306
5011
4070
6192
10232
9660
4637
2856
3675
6959
5973
8470
6288
5763
5548
5203
914
7769
1040
5372
4921
4433
3533
2469
8010
2243
1342
2433
7537
2970
10120
579
2643
7860
8012
4817
9329
96
2372
6086
9199
3890
8206
10280
1291
9336
3623
7586
325
4282
2140
7938
5606
433
7993
5635
10448
3413
8963
1786
314
4448
2428
1557
3420
3931
7869
8754
8284
3216
1036
943
8690
2531
2130
2569
5817
2533
9364
6811
9484
2537
5211
1923
3434
8968
7450
5691
3668
875
10030
6631
4915
913
2496
8635
6953
7593
3654
10291
7106
4478
8958
2196
9521
115
1240
3678
4193
9856
3099
6906
10322
3895
2956
8008
6570
8156
2101
6639
924
4946
2641
9313
1769
7062
4797
8026
10359
9474
846
9073
8389
9959
1194
4711
1417
10107
9420
6117
9852
8950
1740
735
6628
5380
9043
5516
260
7788
3881
5723
8774
3764
2624
5938
8797
5765
1310
1376
7862
1022
6372
7030
9012
6855
9728
621
5234
8986
4449
2115
2864
8665
10450
5179
9164
6997
7709
8841
8520
6910
5113
562
5603
2866
9769
5150
7629
10019
592
5296
4027
6720
4036
6751
3084
5678
9061
5529
9897
1509
4679
2136
2259
9442
4136
2118
8315
7061
4332
8936
9382
5092
5860
6311
2105
546
9834
4496
8567
2747
7184
958
6564
5655
2718
6298
8416
6837
764
845
6544
5258
9291
1938
432
505
10271
8564
8471
6248
8993
1337
5990
3558
4862
8875
6578
6656
3756
9217
3645
3055
4112
1565
6322
1452
6913
3850
7829
4077
1641
1795
8595
4647
2324
7079
594
5311
8446
7046
8221
4117
695
6134
5403
2654
7405
8685
6908
8301
5049
2984
5573
9268
1185
3970
6819
1211
8138
6279
10200
2312
6613
2736
986
1763
4665
317
6437
1647
4030
9345
3536
7730
10309
945
1589
3606
8150
7348
10426
5757
1324
3804
5956
6318
6945
9598
9309
10295
7801
9741
706
1042
2093
5870
6393
10401
8908
9626
470
5371
1697
9103
5781
9062
2209
2789
6280
784
1502
394
9538
5455
3326
4302
1071
7139
1980
4291
2203
2123
5957
4814
4809
4512
10130
627
9214
5624
3095
3455
4764
5084
9363
3944
446
459
4872
2542
4936
4518
2581
191
7812
646
6995
4746
9406
9898
5972
7223
3812
10146
5827
7576
4427
6557
8716
5352
440
10193
2800
7335
7696
9590
2580
3883
7939
5360
3403
10180
9620
151
2543
9818
872
8602
1413
7130
4964
4799
7961
9721
6686
5333
6519
1940
2875
4002
3310
376
10111
4411
2088
6447
9033
7008
9265
9273
1213
5117
5677
8670
831
2475
8390
2832
9068
7298
5604
7089
3851
3920
3908
1140
4857
5045
5658
9325
6549
7448
7065
9855
336
861
8220
6644
8447
6830
6110
1278
2873
1716
8704
4743
5069
9787
8661
3262
6554
6555
8354
7325
9119
1970
1079
6264
554
10227
9413
4428
3167
3861
649
262
10033
3670
8873
8518
1465
6170
10269
9581
1168
8723
5461
232
5701
5847
9304
6368
5690
6455
8158
6048
2492
4210
975
8771
2472
4032
6167
2454
3046
5087
7915
6119
2544
6287
7131
9395
1230
6704
8393
9646
1650
6602
3038
97
4038
6269
7458
5128
4783
2907
604
7289
57
3063
3273
9789
3723
3107
1400
1393
4081
808
5813
2794
4641
9697
5937
9572
8038
4804
5460
8807
2447
2282
4642
2194
8457
9194
9687
5152
9609
3298
44
707
2954
180
3523
3278
6249
291
1138
9694
2422
342
6158
3615
1545
3327
8626
9316
5637
4517
5729
3330
871
3907
10265
9097
5265
4808
4617
4649
2003
6214
3916
2853
1500
7272
7273
1543
5693
1078
6863
4399
9621
2198
5489
7403
2754
5728
1344
8474
5856
647
9438
8907
9861
3053
2680
10252
1955
1132
4773
2633
8491
4829
1197
3456
1876
5192
7667
1604
8100
2584
3362
9695
9106
5419
3129
2854
3711
1631
7565
3370
9486
1224
6023
39
5666
2561
1013
1482
1007
3722
8081
3783
350
2765
716
574
948
6106
6125
2918
3339
7255
4413
7004
1863
8856
1637
5219
8933
7780
6822
7748
3483
3975
2539
4997
1709
2783
4906
6361
1638
8659
653
8287
2303
7871
7965
3494
4603
4513
10128
7556
8750
9308
9957
7275
696
991
5694
941
3179
4520
8099
5683
2570
3368
6629
9624
7468
426
6517
390
8585
2485
25
3508
6157
3741
10198
2177
10063
7737
928
9666
2329
5332
3517
1159
2526
9748
2623
3957
1670
4905
4891
5466
5945
7487
8128
7958
3613
1689
3728
3363
8660
8305
3809
4856
10296
2510
4125
9755
4705
9006
3138
7028
7214
8212
4312
8440
5476
8519
4093
3140
1219
7874
3458
7720
2294
2960
439
6553
4489
1669
7806
4899
7205
7466
1495
3426
135
8820
6210
4994
3024
4121
6116
8130
8752
2727
3633
8151
662
10357
8062
9917
4883
4321
6041
2837
9481
9887
6737
5391
4149
10364
9124
7967
28
7233
3197
1828
85
5022
2996
8286
1834
788
4180
10411
2481
5564
7906
5095
5417
5463
4843
3175
2270
4778
7020
4952
3121
9487
1958
6039
9907
5930
5475
8623
6467
4650
7096
1727
794
817
6433
2491
10344
2894
1578
4317
7279
9531
1383
5617
5135
5001
894
3201
4957
8832
9034
5323
6099
508
4900
4197
3030
4311
3877
3571
1972
7063
2127
3602
9044
6770
8639
9354
3320
5946
8738
7990
1470
3965
5579
8111
4970
1563
1366
2506
5340
2453
8106
5639
1750
8481
7444
3007
1304
8683
5376
9401
4736
199
9366
6122
9251
7590
3650
9806
7838
8253
9071
7160
10350
1791
2257
1576
2340
6582
4613
4247
7723
2365
288
5779
6045
5557
4604
3217
3956
3359
9387
3325
9210
5386
5271
3070
9074
3355
8628
1588
2784
5183
5679
8499
631
118
8554
5397
6918
1952
9759
8148
5948
10337
8373
5097
5618
712
918
4973
6202
3331
5724
1072
8587
9173
3853
4021
2888
7009
4331
8703
7311
4530
5355
4636
9803
5444
8454
1183
1399
8246
10140
274
141
2388
8569
4559
4206
7854
1511
5924
4951
9028
3583
6971
7141
13
9723
5041
1363
5997
1919
3041
9402
40
8563
7442
2380
5442
6986
8168
671
4574
9394
10086
2253
9126
3842
2711
8299
7929
4629
3652
4313
3439
6683
7024
7187
7970
3035
5619
351
10315
3997
734
8382
926
48
3996
5145
2751
2342
5555
7375
7880
143
281
8796
3698
5978
4391
2421
8538
4631
2285
3636
7805
4168
5104
58
3621
3253
2334
2195
3835
9602
954
6027
9797
8167
4510
6349
1474
2281
848
598
507
6168
1037
5670
10117
9568
9280
8041
2582
8596
2301
6284
5699
4988
1184
9844
9179
3757
2056
1456
7224
9896
6708
5547
2246
1629
1296
4126
5754
5083
8680
4267
4371
3255
9916
8067
4761
1937
7048
7943
674
5661
4034
9784
952
6845
1053
5116
1702
9051
8776
7792
6857
997
6685
3274
9135
492
3737
7768
316
294
633
10224
1779
6688
5921
9798
5600
1948
582
4289
3969
636
10416
5704
5422
3346
334
677
6635
3731
623
259
84
8485
859
5483
2327
8238
888
2587
9786
2823
8700
9829
10283
2434
6193
2662
2719
3759
8157
7811
117
5777
6495
3706
6722
9847
4104
8822
8144
7075
1381
10027
4739
1860
5983
1680
2193
6909
8921
8649
3239
323
6746
8096
4432
2441
7568
1932
315
10373
9913
1552
9306
7034
1434
392
7317
4745
838
10331
7126
3588
3111
4984
3203
6233
8054
4628
4029
3834
7156
4706
10204
5961
3174
5623
9175
4063
8365
1092
785
8809
2612
5770
8119
1737
6397
7771
4340
9778
1947
10262
7116
3830
1691
6421
6050
4261
4412
9977
4944
4173
2627
8511
9096
87
9082
1014
3987
8245
566
7283
2830
409
3587
2507
5189
5852
4306
3960
7452
4893
10161
5220
6464
5570
3195
1379
9144
3027
5437
7135
6378
4351
4889
4115
36
5550
10149
4801
3441
5858
3196
5026
912
5797
4534
4859
3214
9104
2025
4370
174
10124
3171
778
6073
5976
6182
8346
6211
4227
6010
4960
3122
2367
5280
4740
9491
1755
3110
7571
7137
896
7485
6884
1514
5649
6398
7306
2712
10125
5232
8322
679
188
8687
6054
4001
2684
7090
3264
6176
8351
7784
7474
821
3187
6093
10306
4542
6795
10113
7270
1831
6984
8307
4768
7287
1677
145
5130
10345
1905
93
6111
8004
3358
9002
2090
5173
3745
5222
6448
7245
163
6832
7795
2084
7246
6542
2286
2850
41
9403
6765
437
5089
3776
1148
10381
1448
7563
3562
1530
3210
2183
3524
4833
94
7123
6275
4646
5252
2855
3105
3094
5711
9901
7407
5268
6212
7902
1136
4359
5695
5595
7682
2811
8165
7247
5831
147
8546
10003
2061
1
1619
2260
8906
8606
1784
1711
8550
3799
1838
3401
3282
8127
6505
7222
1271
8779
4523
2950
5583
8795
656
1258
4127
7995
3526
5527
2173
3901
4269
4580
9865
5005
5168
55
9315
3899
3323
8031
7140
1655
8187
7195
10096
1128
7336
7021
5985
6262
752
1059
1346
1911
3541
7144
6132
1651
6087
2858
2730
779
9657
9021
6402
8790
5732
8532
6579
10162
10351
2819
484
6632
9215
4918
2160
9367
7996
3471
109
4502
1202
312
1818
2941
8160
10354
6207
8648
9407
352
672
2464
9749
3886
2099
10236
5401
1635
4248
2145
4587
6121
2523
2391
1326
5537
6260
5588
9385
2644
3285
3831
228
445
2619
10457
7185
5859
5676
170
3018
1847
578
7957
7770
4145
2110
8186
936
1696
8374
3126
391
6880
6266
7400
3661
6180
4756
3090
9359
4772
2082
4380
8969
5674
8737
9351
5030
2548
237
9969
2625
8140
3658
10151
9915
4519
1305
8477
9188
3237
128
6650
4713
6021
7206
2098
49
7711
6357
6165
398
9190
3315
5479
684
9256
3518
3445
3014
9868
4330
2406
3270
813
8068
1421
2597
10419
1777
9895
7643
7962
4315
4969
6441
9831
4568
5289
10433
4078
2338
9429
3779
8118
1706
114
4500
5378
7115
1146
834
5359
3642
321
6741
1101
5102
3616
2366
6689
3229
4983
2359
88
9774
2477
5968
1885
8658
10245
2269
9576
1102
362
2849
287
4619
8868
1253
7766
2639
9421
792
6992
3866
9112
1867
4285
3750
7465
9
6764
7260
2817
8947
7763
7346
10166
4661
1084
7675
10220
8746
7596
9000
5251
10048
6091
3472
7914
9780
7113
2449
5838
8313
4129
2675
8257
1771
2000
8060
577
8324
6881
8030
2273
4234
5914
8994
1569
1520
7341
5775
1015
833
10034
275
1809
3104
759
1387
5367
9187
8115
7301
500
5308
3446
243
8463
9846
6792
8243
1976
2323
772
3238
5910
0
1723
4916
4362
10410
9557
6285
6510
881
558
7058
1687
3452
2264
822
322
8985
4837
6964
371
10234
5227
4710
6412
1025
4137
498
8814
9757
271
2322
1167
3725
5017
7252
4033
1259
8280
6522
603
246
6396
3119
762
517
7849
1039
8015
5988
1582
2909
1155
8726
3309
8588
3244
6740
2877
9698
3773
7337
2637
3029
9560
9397
4143
6636
9128
1395
607
4498
1591
632
7724
10043
1914
1507
511
6454
424
5274
4992
9866
9439
933
360
9435
10241
8668
9399
3022
572
3087
710
355
2787
971
8098
6567
3573
2289
4054
4072
7097
6401
8763
6874
9272
3828
2030
8508
255
5822
2442
1693
9489
10429
6154
3540
8891
1217
8770
6624
4377
2691
7793
9998
6124
6282
252
8884
7492
8396
209
2097
3768
585
3351
2218
4396
10352
620
1816
5578
7759
177
7843
7997
1917
4544
5136
9563
7340
2268
7740
7528
9100
2953
751
5669
1981
2347
930
4501
4652
2925
339
5612
5867
3845
5477
8137
4540
3903
9511
7893
4199
7820
222
1950
5196
7658
4989
2333
3802
5613
395
1119
9059
5780
970
10041
2699
9899
1548
4172
3081
6475
6065
5906
431
8323
1994
7543
8164
9781
6129
6785
2448
2197
10184
5329
8689
6183
2786
10012
9151
8155
7900
4715
2769
1488
9591
3329
9715
1853
832
8962
101
5832
6384
10191
3489
7947
7611
3719
1134
7866
10095
5478
3925
1734
8361
7425
2165
4076
7695
9822
3527
248
1839
4658
10142
3862
10298
5918
9850
5080
6139
3610
4716
3581
3263
6606
7986
8948
2254
6562
5112
9792
4294
7743
6462
4083
576
7881
7462
2780
9143
6623
9432
2709
1820
6924
3738
8320
1229
2233
3663
7429
5389
1935
2857
1832
7778
3066
4723
4592
10409
4328
3972
9361
8184
9828
7071
3068
3060
6297
8611
3664
3854
5793
6436
10137
8195
4079
3089
9648
2887
7314
1757
4088
7877
2792
4681
5300
8197
5769
4153
7133
6748
1575
8409
7613
8514
7398
8791
7664
10022
8174
1984
5154
9975
1849
5611
9263
452
3294
2617
630
5209
3565
2729
5636
413
2845
6585
6319
903
343
10145
9906
6772
9205
1928
5287
8028
8102
3887
4734
3026
5057
8327
8719
8181
5890
4176
1648
2969
5616
8735
6491
6334
2842
9181
4537
9892
7290
711
8121
2828
2540
1568
7476
4179
5786
4961
8574
5843
1163
8812
7708
10100
3810
9279
2528
1133
2563
1374
8152
3982
9667
8372
10454
5560
8149
837
8005
693
8607
5304
6273
4288
3771
9343
5013
8248
6523
3457
9793
10079
6481
5934
5006
1633
5452
9876
6589
3215
4040
5524
3520
7334
9542
4934
3474
3607
3921
9078
10203
3190
5567
7200
2223
3754
9929
9596
9240
5108
6234
9639
4475
9857
2063
6723
3867
1098
10127
4712
6376
9451
1773
7946
4444
2402
10037
5853
6313
9007
5503
6277
3632
6460
10225
7797
6531
6331
6990
4979
2495
5504
3938
4982
5854
2703
2500
8513
1073
298
1823
5497
10277
1306
3212
5059
2876
4039
2717
5789
2446
5449
1419
8944
7742
3013
5592
9323
5047
2650
851
5868
5048
2382
4869
4682
9368
8617
1447
7949
697
9904
8449
3976
293
5307
3704
2148
10207
5871
6444
3085
1330
1089
329
7218
4461
2124
4645
8633
1861
3814
4753
7449
1279
3231
6852
8202
10102
9670
45
5158
383
2235
5506
2135
8432
2070
7370
4338
6489
2452
586
6507
8213
207
7424
5708
8360
7060
7941
1250
3624
4276
2001
7767
3958
2967
3381
9465
5394
1802
7381
4347
8270
8854
6853
1375
1412
2707
224
4487
8638
8725
1191
2513
9277
2147
4196
8819
3113
9003
10251
5791
9924
211
2744
3774
2651
6351
4454
7153
9727
8458
5257
6490
3765
10378
9908
9962
2055
929
898
126
7683
4551
4041
7173
7431
75
6818
3752
4221
3983
1174
6721
2224
972
4565
9020
9893
3647
7404
6739
4246
3805
4252
3507
2822
8846
9447
8547
6643
3797
4954
482
3116
1764
8899
3465
5912
2155
6621
4823
9300
3375
1357
272
5054
8570
3213
501
1111
9703
1611
4185
2170
6009
6711
7522
3992
895
7196
7234
4959
1929
7700
10414
3275
7577
4073
504
5343
1747
4251
5849
9604
1760
9384
7374
9296
2905
4339
7481
9454
4304
6736
8637
10430
3155
1761
3697
6435
510
7281
6826
8870
9718
2973
6498
4865
7295
2917
5886
2511
7581
10101
1553
1339
2405
497
6389
1208
5549
2972
4186
9262
4878
8214
2006
6325
4414
9441
10355
9227
7080
1704
6244
1979
8147
8207
1733
1595
6044
4864
3279
4477
4367
723
8980
704
2476
5205
8862
4547
3936
5412
2261
6206
3462
10199
4855
2988
9938
5321
1115
9967
7219
1903
771
9760
2022
4714
8472
9647
6954
3178
10290
229
6480
2803
9791
5174
10139
755
4616
7402
8345
8453
3682
8584
19
5931
2598
4794
6301
7551
5231
7124
9281
5632
1268
4286
4885
5734
6596
7693
9502
4434
7419
2595
7241
8938
4069
9016
4043
5496
6006
4702
5164
3999
1429
6581
9457
1471
303
6198
550
6903
2408
8618
8890
2647
8027
9009
8984
1045
2045
9688
5801
6653
425
4224
2401
4845
4660
8126
3639
4515
2616
4366
6144
43
8758
8976
9709
3502
7461
9564
7882
6414
8627
5120
7052
1944
9371
565
5361
3974
8918
2939
4262
722
7630
3497
6350
6204
4452
10177
5088
6382
2963
7447
7652
6107
6530
7369
282
5369
8378
1288
3552
4324
5628
934
10338
7351
8672
3051
1175
318
4971
5502
4812
9875
7796
5155
8543
2567
258
1404
249
4101
4209
6693
7353
5313
6011
8681
4419
2398
3490
7239
7053
5256
3505
8593
6654
9191
5577
9035
6069
3612
9207
2415
5530
4198
267
2296
1785
8810
1610
618
6900
2108
10399
3069
309
916
8036
4779
7074
9762
1846
665
5534
9010
6292
3770
3638
400
3233
8021
10064
3961
940
3671
3720
10212
9369
68
6175
8769
10292
1607
3637
10195
593
10169
9926
1317
3586
4672
978
3205
6174
1745
3189
9644
384
4525
340
5468
2277
7304
6432
3074
2239
6345
8310
6307
2628
8234
5485
3761
5876
2128
6042
7076
7199
8377
1435
6994
103
3078
10023
491
1624
4348
8271
2484
1290
5743
131
2588
1362
5277
6898
8631
2311
10133
3629
5980
5561
187
6718
2217
3287
8192
2038
4142
2777
8232
1267
2131
1017
9530
9849
2027
5730
1142
8311
1127
290
4216
6775
4430
8624
2293
8476
9877
374
2833
6411
2466
2725
1600
9692
2043
686
4597
6834
7011
9067
2978
5450
2886
6337
7235
3006
5471
8039
8916
8292
9213
4991
9734
9390
1620
4376
6164
8922
5982
4195
4355
4219
2460
4591
8189
9821
6184
5319
7553
5839
549
3988
1164
4787
10018
5472
1008
6692
7193
9178
1459
5072
2074
1049
2171
7384
3295
4750
10150
6701
86
481
2207
3509
4231
3733
9220
6422
3157
9684
9507
8711
9586
6521
1457
7809
870
6786
8355
1564
1503
4588
4669
10165
5315
1855
4849
4447
2898
2989
4993
2867
7437
5675
4425
7168
6982
9722
7169
10324
4602
520
2488
7546
6858
1821
9773
6276
5940
7921
8479
8380
9826
800
4987
8533
2413
5114
6258
5225
1070
5094
6806
5488
4887
256
6291
7578
2252
7729
1525
9515
3545
3254
8697
5747
7019
7924
1044
5970
7309
4308
277
7399
2997
10222
9777
6200
5538
7916
3449
7054
4228
9754
6094
6825
2576
3858
8777
1047
7719
4023
10273
4437
4479
5999
4020
2120
5025
740
5989
2771
3296
3631
7292
7188
10109
660
836
3785
1626
2839
9270
8876
8072
6473
1114
5163
6502
6777
5812
5081
157
768
2205
3260
7497
3707
10015
1181
4394
4299
4320
7750
6096
3240
3400
6293
110
3995
1886
5625
4730
2762
10325
1236
9284
7853
583
8136
3466
1351
3740
47
4504
8863
8055
4128
9807
8330
7149
9985
2463
412
7081
6974
6529
3798
6942
10108
6618
3280
9891
3896
1121
7989
7751
7443
3064
588
2944
138
2149
1630
7229
1473
6181
9342
3977
7615
1237
1615
8079
3690
901
8369
7250
8053
2473
1913
664
8634
3188
5844
6735
1032
6442
4323
7520
1931
227
5324
692
3453
4788
3796
9298
2352
7897
3247
6294
5509
8249
2229
9127
4164
7883
9689
4481
10437
7098
2310
2005
9446
1574
9437
9380
1662
9333
7453
713
6695
6813
5312
3959
5652
922
7815
10253
962
4065
4103
3777
1442
7566
379
6789
1685
6257
2986
3184
2614
5327
1069
1087
2332
3547
6935
675
3377
1370
1193
7274
8295
7471
4235
9373
6020
7602
4422
7824
8304
6539
3405
270
9139
2455
6046
3142
1086
5554
5250
6712
3684
9152
8196
9292
10340
4243
10358
9155
4762
1204
142
2042
663
496
6878
3950
2400
2848
1642
9643
3852
9058
7410
2668
6290
7110
244
9460
9585
8034
9105
9523
1312
6047
1490
4621
5673
5627
2975
6312
5118
3391
4098
8939
4786
6344
7401
8565
5741
9404
8839
4545
10085
5672
7926
6026
6187
10173
8071
5051
4446
9317
6016
2429
3378
920
3695
3467
4800
10301
479
2962
4205
7817
10081
2957
4766
2083
6218
1991
5147
1218
169
8456
7802
8548
8507
7242
9133
5818
5243
10326
9541
7703
4031
421
9064
10441
4553
7480
7373
5443
4529
7732
3847
7998
2498
3844
134
306
2381
4894
5823
4037
5981
3683
548
5894
3614
8909
8024
4981
76
7810
7190
7726
77
1883
1513
3230
4113
3437
4842
5939
8204
2778
3376
3034
6731
5559
7237
8002
8957
1272
7813
8439
6305
9054
2701
7922
2593
7112
10170
219
3160
2664
8694
3340
2052
7036
9408
10320
9075
72
4242
4092
7937
1916
9553
9434
9314
9974
9168
1162
3464
475
7512
8011
8133
9691
3577
6633
4068
8515
179
1684
1754
78
7579
4531
6500
7540
7180
3604
7209
8713
7367
2607
5987
489
7672
2936
1910
982
1403
3918
8415
2755
4499
2316
5214
4372
8997
195
8813
3011
3937
4695
8937
10185
2122
5932
5052
7243
3202
1201
9357
2923
6114
3589
8046
8080
4729
8539
364
3832
9963
6274
6905
9840
2465
156
3303
8478
8739
7776
1506
4958
7787
4763
6001
3769
10382
9145
5165
6614
7697
6259
9522
7735
3749
6608
5833
375
186
6509
3272
3422
1231
2369
74
1410
6409
8040
6915
5898
8459
4813
5187
2037
6533
7641
4584
8339
9013
2394
8497
7501
9307
10284
8502
7800
3822
1118
2901
1081
9733
9412
4782
9794
10053
9278
3345
1245
5668
7861
6940
2048
1825
2430
9628
4795
4930
8359
10181
4844
4238
624
6278
8403
3141
1590
7828
1808
7134
7101
9649
7736
608
9534
9254
7001
2603
5766
332
9573
7037
8527
8371
8368
1532
2349
8117
9819
2181
1188
7296
2869
9492
2046
6002
2321
8887
6808
1010
8818
3819
6353
9669
2716
2468
1971
4333
9428
6399
1646
1282
5644
3630
10384
8260
979
3067
5346
2191
5951
8641
9634
6143
9883
7991
6496
2397
715
7569
4851
3840
2102
8715
2299
5796
4124
9506
7550
9593
4579
2002
9549
614
5671
10407
8589
6800
6328
302
1371
8744
1314
422
5459
5447
8646
442
4495
720
214
9640
6747
7660
2265
536
4886
5244
4585
6977
417
8385
3207
10453
6162
23
8182
6138
3206
9699
197
8945
6702
5101
8142
4654
2393
3930
37
4614
185
6456
9933
5186
7204
184
947
3990
4144
3047
4085
171
10308
4835
9948
2649
4690
1349
3096
7027
2553
161
9038
5739
9527
1998
6000
8883
148
3147
9659
7855
6980
8244
9936
3747
8667
6703
9934
216
8341
4365
2590
6133
9060
2418
2508
9174
2185
1009
9611
9231
9285
7856
6946
676
4309
10397
7433
6427
7665
4777
4810
3539
4506
1537
2023
428
1390
9123
827
815
3582
9578
4358
3397
5027
6355
7999
1066
5099
10313
3559
8483
2297
4873
4290
4696
4491
341
8949
1446
8707
7640
7623
6586
8402
10040
1845
2411
5044
3289
3555
906
5201
7339
6601
8000
7650
2199
61
6930
5438
616
799
5589
7823
2781
7898
4232
6511
9283
6648
10318
10056
1431
7111
3259
8644
1783
6969
2919
8882
10176
7479
3023
8709
4244
2773
5642
4250
1354
5288
9529
5420
8443
10254
1921
8044
3694
6024
812
6040
1243
3665
1123
9932
6063
3873
969
2964
5019
3548
7594
1892
9631
8552
3479
434
3870
9987
9719
8124
3666
3788
5075
2483
6810
247
1297
3219
2527
2737
9108
3906
6667
8666
7029
10400
9599
7117
8640
8344
7591
10067
3166
6250
9286
9920
7863
295
8262
8881
4827
7859
8049
1735
4398
7035
2086
7572
10075
5031
6068
1780
3480
1878
6374
7804
6032
9352
6797
6682
6768
2021
7244
5767
4974
7783
4972
9825
62
1177
6793
9136
10307
5787
472
10045
4656
4933
571
7167
2916
1018
8356
7152
7547
2768
7129
7146
10341
973
1203
3062
8169
529
756
9838
1455
2179
1599
4828
6308
2126
3860
6019
4150
9645
682
5299
1173
6156
4598
525
7710
2117
7114
9658
9879
2793
7202
2883
7532
5276
9312
1707
6534
9752
4468
3651
9274
238
10303
683
8076
9668
7100
3550
1902
5382
1732
8461
2859
3440
4853
856
7984
5551
3234
233
2047
6897
4821
4202
9999
7992
8464
1286
8172
9095
231
3269
6886
9508
4990
7896
691
6869
9419
7412
2244
7102
2212
2298
7265
2178
5139
7930
5798
9990
6966
2881
6752
8398
8999
71
625
2836
2924
333
3305
5716
951
8199
6120
5816
4863
6691
4549
3780
960
5546
4775
7288
9702
3261
8162
127
1021
6646
8037
6528
10390
4158
1841
8825
7342
551
3889
2912
7172
10361
3406
6330
10376
2493
9297
5137
410
8285
9468
2014
2169
6080
6754
7361
8340
9335
9546
5634
7516
8860
5291
727
4662
1207
6203
7032
9099
5351
1889
626
7264
1964
1166
5514
2666
7836
3803
1260
9766
8946
6205
3891
5808
2622
4108
3003
3980
8317
5761
4948
2879
9679
6238
6662
10223
3488
5239
8967
1180
9800
3898
3973
613
1801
534
10266
9799
8376
3025
9192
6148
6604
9737
7329
7584
5621
4903
4724
555
1251
8222
981
5702
3716
3839
4301
6439
6147
5846
5651
337
2827
530
6885
9517
4632
5511
320
5470
8956
6996
327
539
5915
1416
5255
3040
467
5650
8250
1483
5331
3163
8850
7155
2914
2012
7513
1617
7380
3314
7039
2033
1988
4765
6185
8289
5347
9230
1751
4819
3097
5884
4368
7698
4229
595
3225
2066
6680
192
9495
8075
6243
2667
8336
152
1415
8303
8555
4830
8577
1544
3575
65
8852
7495
8007
3531
6759
5574
2471
8193
4280
2646
9873
4937
4507
6392
8702
1454
9497
2208
2009
8545
5404
2156
6963
629
573
7012
5696
5965
6407
9867
6781
2556
9473
9589
6219
10370
9878
7387
6230
9638
10116
7617
6333
9942
3775
6484
5328
5837
3019
3304
8979
10178
8772
4760
6058
6095
3942
7194
8103
1986
5393
3841
8105
4155
5148
6450
3468
2722
9261
7430
4902
1671
5124
10112
8827
7294
2621
3551
5740
5902
10393
6788
7731
6286
4420
1922
1056
3625
2620
6571
1627
4239
1844
5873
7589
9085
4555
8163
4006
5536
7002
4441
10263
6007
3183
6626
1378
5028
8558
3816
8620
8033
3660
7782
4490
4606
153
2541
3431
2404
6097
6137
4838
9989
7390
6938
6651
9153
4996
1570
6657
10415
3039
7562
5869
1170
2635
2884
4335
6033
4107
3248
10010
10255
8960
9804
8604
2107
10216
5519
2154
4095
8074
4526
3880
4640
1011
5207
5826
787
605
3653
4757
816
1436
9355
6031
7785
6483
10171
4378
7595
769
9544
1705
7082
1422
8357
81
5374
2932
10097
1239
4751
6263
3564
7649
4561
3158
8035
10446
6569
6782
1659
1660
4464
8399
5413
8094
8475
3817
10106
8386
5883
4453
6566
387
6593
4995
4233
5882
2759
9137
6951
8663
10392
5709
292
8261
2015
5891
2995
9014
8775
5032
6359
10020
9750
4942
5804
4152
3088
10366
4263
7888
7365
6563
7583
4274
90
3454
6842
10278
1973
4451
3718
6713
882
7488
8766
3343
1665
9241
6973
8448
5841
8712
7705
9114
3020
931
6532
4925
6081
2804
681
202
8338
5079
6573
6413
9500
622
5159
2351
10250
6201
6661
503
6615
402
8734
1722
3313
749
2138
7179
2182
8188
3628
7542
3894
9743
4904
7107
5392
7920
9968
5888
3475
7557
1797
8388
9422
1270
2757
509
6071
1992
8837
2216
3753
8556
3033
6525
6745
4593
9720
841
4435
4450
1909
2276
10314
3998
63
2024
8504
659
4638
8394
4686
183
6957
7253
10017
7177
3863
4337
6939
567
3910
6029
5435
8953
225
5263
3245
9148
2692
7043
9770
5979
6380
2895
9571
9161
5451
2358
10242
5877
2313
4373
1450
992
7840
2344
7604
7438
568
4463
4882
2041
1593
7451
10404
1880
6548
811
2361
10336
2600
5756
6329
9995
4266
8764
6892
3481
10310
220
3680
5737
8731
4676
3371
6070
5540
361
10389
9555
2660
6849
902
181
6540
7236
8792
900
8066
1186
6821
6034
9008
983
10405
5726
9346
2432
9244
4255
1293
9796
42
3876
3643
1139
512
4699
7830
2443
8093
2163
8981
9216
9249
5230
5363
9400
3979
9514
7626
108
7391
10072
4120
4600
9141
2558
2384
8441
4595
8786
2034
268
10157
5824
3900
949
4116
3742
7733
4018
7256
4375
7299
4307
8636
7227
3751
10297
9305
2748
7166
6105
6556
10356
2522
9809
6300
6844
5647
795
648
7844
5012
7231
9459
8347
6089
5356
1963
8178
1700
10418
10455
7701
4013
3408
7955
1051
9490
999
9874
4880
5199
2089
7621
600
3192
9295
5643
474
6847
5707
4166
3838
435
1124
3570
6861
9037
3316
658
5341
1663
8525
3235
5473
7754
8551
2290
1681
8576
1332
5820
2575
4264
9665
4634
3568
3349
4417
1368
8536
8645
589
3191
9693
7455
687
5166
1088
9091
7165
3949
599
5498
2878
2871
7976
4931
1953
4980
3268
2159
7702
4459
7775
7714
4097
193
3868
5792
2814
8788
8705
2992
7313
7822
805
8706
3875
1397
3829
4791
4755
6988
9229
2214
8159
5542
9745
6358
2906
5971
7420
7221
9779
7303
6896
1012
7441
3487
3514
5558
476
3563
1815
8973
1389
8830
9430
9575
9712
10057
5132
4240
6082
419
5663
2278
1141
8236
4892
9258
5799
1195
7678
5060
8722
9476
5462
7500
4709
324
2461
4057
700
3708
7208
1888
3149
6324
9184
6987
8630
2980
1954
3922
1125
2059
825
4344
2200
7585
2981
946
6
7699
1997
4187
5156
9129
5986
6188
9247
9981
5598
2785
4748
5056
7773
356
1579
5348
10050
5645
1656
5065
4528
5353
1472
9871
1319
3114
7162
9443
3766
330
5350
27
3686
6771
5568
8120
5947
9836
8269
6687
10231
6225
5996
4408
4458
4062
4218
2931
11
2937
7108
3608
2330
10274
8521
4028
8748
297
1946
5746
4405
5228
7217
6985
2697
4392
1925
4802
1437
2698
8001
6457
123
9417
4272
9945
3057
6272
2245
3932
92
9488
8843
3888
1356
864
5923
7515
9996
7175
2377
3506
7436
1634
1484
6911
10294
7151
1130
5262
1710
3360
5553
5660
3151
9949
6326
9479
5242
7607
8895
1336
7567
10371
1975
1235
5414
7923
7109
8328
3246
3672
8255
3297
3336
4000
388
113
5688
2258
7121
9498
2557
8048
9125
3276
6452
6303
8073
4671
874
7262
6018
2982
3512
3224
4455
2515
9763
6076
9685
1521
4188
2966
7508
1522
6998
4066
4471
4596
8486
9378
9146
3232
6676
46
2416
2396
2764
1041
8042
8171
5575
3299
766
3710
2715
1881
1020
9024
9736
867
1812
6840
1699
2838
8656
346
4346
1900
690
9566
3689
556
9537
3561
1842
6577
6827
2035
3281
2743
9811
7552
5309
7681
3048
4416
7182
7858
2560
6583
1515
149
6477
7564
6431
1187
4698
2325
5682
6235
9056
5954
5090
8194
8089
4789
7333
3538
863
9004
7248
8925
1222
6508
8411
2368
5760
8495
803
6883
7777
3200
7491
9940
4474
2247
10051
5953
4692
2228
6474
5235
10321
10420
399
8391
5962
5375
5587
9655
4975
3905
7395
9651
2812
6672
3404
4796
6902
3222
6229
10028
8785
7878
9776
5416
7378
8803
2810
1093
6893
3984
2287
3993
3265
4329
9911
10456
2355
10317
8684
5100
4805
463
5266
5687
7119
4836
7319
1695
3322
4025
2457
6123
3101
2146
5284
5905
8789
9169
5436
5892
6395
4728
7463
1597
2702
8503
8838
1555
5055
4200
9087
10243
8971
3572
9396
10248
1147
3801
9050
7655
7505
535
