906
1046
1786
854
1499
1324
1929
1225
1111
2116
628
1360
1256
644
632
1731
1961
2551
1382
1802
134
69
2104
1692
1549
2338
19
2728
1085
1246
636
1388
1876
1164
1611
209
2690
2058
1271
779
160
170
1267
279
1051
1316
2535
1914
1787
2276
1656
2123
785
1112
1726
1171
556
46
153
1009
1460
2033
549
2466
1947
1655
260
2138
1215
39
699
2706
1495
1784
2170
1840
1777
1017
1325
270
954
107
2398
417
1554
2221
545
2542
1257
946
1684
1253
1813
378
32
2680
325
1054
835
1870
839
737
2254
1305
1836
339
1641
2373
607
319
162
1597
2135
1270
2032
859
1352
2147
2457
150
1464
1814
226
2322
1479
251
349
2229
1586
1042
1740
683
2494
2396
2345
582
2114
1744
2533
173
1323
2462
2522
558
1606
546
2310
516
2284
1532
893
2623
2465
2008
2091
1885
2210
909
668
138
856
2112
2386
2417
1803
703
2045
690
1475
132
1669
1379
827
1393
1273
1930
780
460
2367
2441
1646
2127
347
2139
519
133
804
1203
2645
1408
2205
1545
1377
54
557
2657
983
2099
704
1414
1566
850
1773
1052
332
1631
1608
1799
1945
853
1625
1251
1960
2442
1080
813
1223
1232
1623
1214
1265
424
489
1806
2663
1553
1487
367
2065
764
823
1633
592
492
528
1483
2178
2734
1508
1344
290
2349
1577
1926
2450
841
948
2573
365
1782
1797
888
1351
1795
2330
553
1792
1587
394
355
2391
2715
2387
2293
85
964
2049
1077
849
765
736
2227
2447
1841
1113
824
565
979
2258
706
2007
433
1755
1454
1002
608
2370
1445
1322
588
1711
1616
1490
817
801
523
1615
2327
2596
1222
119
1191
1595
633
93
999
597
1342
2090
1774
2004
1183
202
826
1560
562
2470
2403
972
2397
2576
2410
1730
55
1791
1182
2460
216
1892
2613
1624
2080
100
1662
2264
2340
2446
1478
2675
1767
741
2237
31
1010
388
899
1827
1551
357
2075
2616
448
774
131
323
1296
18
1293
2622
2531
851
2662
1143
1563
88
654
2068
1192
359
1158
35
1980
1672
1875
1443
2475
1880
1526
874
844
113
2652
462
1039
1891
2468
1031
1022
228
2406
37
78
990
2425
1076
289
1879
1169
1559
589
953
99
86
1591
67
2236
2507
1804
595
1172
724
1992
15
1150
455
1398
923
975
1965
2678
1778
1697
1258
1601
1667
439
1538
2733
2400
1511
1065
2562
938
1328
1552
959
526
2695
1823
1847
1021
822
1627
1709
2023
1302
1594
2029
335
1897
868
1830
603
1609
2188
1255
2143
1173
384
261
1178
120
1734
1334
951
1099
2163
1893
157
192
2620
2563
2637
522
1719
2195
792
2255
225
1765
1996
2540
2062
2407
752
2148
2597
1380
2145
2656
1988
247
2013
2285
329
259
25
1124
2256
254
586
2003
1599
87
1431
1942
748
473
1582
1637
2304
1772
1292
2735
1824
1174
164
1067
1691
92
2379
2725
1953
1687
1176
2172
1241
318
643
1151
2316
500
2305
1593
2179
2700
1856
2485
605
1991
1663
1720
1562
1518
252
2581
2030
1043
1728
1958
179
814
1115
1952
2361
1835
2157
1742
1629
2565
848
1708
399
2409
149
809
167
1758
908
725
443
235
206
2628
1993
2368
855
2426
1210
1136
2601
1768
1832
1472
1338
2088
1272
676
2506
689
799
2530
360
1200
506
288
2424
2640
81
1363
1364
80
2415
2705
889
808
1447
2631
1202
2552
304
1983
2240
2493
577
219
2121
1596
1387
23
649
1938
278
223
957
2358
1390
1949
1703
1888
2187
2488
123
377
280
928
1362
96
481
1652
1180
1245
155
2737
666
444
2162
600
1754
1368
2306
936
845
544
834
2683
2082
2113
274
560
579
145
1757
1964
24
2106
217
440
70
805
442
570
2365
17
665
729
1701
2167
1394
791
151
386
2362
408
949
2111
527
2608
471
2521
815
2433
534
1923
576
321
275
580
1235
1858
680
777
757
734
1120
1149
917
2022
2059
2171
2421
2308
1859
2084
626
1951
793
1213
669
2320
2102
760
1355
753
1337
239
585
2390
505
1424
2539
1321
2692
1247
1359
865
1465
286
922
825
1185
143
264
108
842
1556
2297
2100
828
499
934
2422
2405
129
2024
2124
1962
2216
2074
872
2641
1175
1600
2444
429
2040
2644
1943
1375
1817
2220
2052
1748
1987
2247
2151
1850
1374
863
2618
1689
873
653
541
1590
611
1583
1068
248
212
751
1763
195
1281
1683
1729
2714
1230
2332
1037
385
2607
956
175
2046
1452
1350
45
1986
1474
1044
2223
2331
1488
521
1035
1698
2259
137
1833
316
1565
348
1082
1457
338
494
380
2232
287
2582
1006
438
2448
772
847
1349
1135
53
1473
2318
2568
1329
891
754
2218
2060
1874
2002
451
1706
1330
13
2471
939
2676
1284
548
609
1278
48
249
1648
2423
1780
686
5
2746
968
301
2222
1396
1050
1871
2021
1794
2268
571
1056
263
1471
907
299
2745
2142
2215
42
989
1367
763
1005
1715
2469
958
398
818
555
1982
2275
740
1699
2086
2556
2630
1974
159
877
1004
2505
2566
1348
1019
340
1640
2504
771
2095
735
1053
2321
594
2627
974
2296
652
2118
2125
2436
508
205
2437
1063
952
645
1756
2513
509
2376
1209
163
1855
532
2458
667
685
1079
2317
778
28
2712
2337
1682
2509
1419
2199
2699
2730
2427
973
569
401
1941
1314
2150
1064
1268
902
721
1569
64
2252
1100
302
722
1994
866
507
362
1193
978
1435
2738
199
1385
483
800
2211
2588
1512
2702
2632
2315
1294
1844
342
944
1921
1649
1690
1434
1607
62
1157
832
967
2722
2643
2134
1181
2
1369
1134
1409
1939
1481
1531
694
1139
2754
2105
2239
2395
2181
208
2686
2219
991
495
272
1083
2180
244
2204
484
925
306
966
1790
1935
2713
759
1886
1904
1529
76
2503
395
368
1008
830
1218
898
738
782
1534
1967
1588
463
1345
1842
1882
1861
2580
397
2572
1418
886
2467
2176
878
789
2334
1094
1919
2064
477
2025
1491
1670
2591
566
2235
1752
2748
176
2089
2144
1632
311
404
1542
2518
1276
1890
485
1240
1137
1170
1829
1901
1759
2479
82
2271
551
416
2246
840
331
1887
127
118
312
2660
1370
1573
242
345
2570
1012
2694
141
152
461
491
655
2529
1617
1311
183
445
245
2394
2380
675
1825
1357
1425
758
2564
282
1216
2567
2133
2559
2419
1717
1864
413
1310
714
606
931
237
490
1308
1785
910
1724
708
1378
996
1851
1580
518
677
1925
405
2298
761
2583
2198
1090
315
1041
531
982
1254
2001
1574
452
52
858
61
1668
391
1975
370
833
2156
2455
2031
1685
1266
1089
1404
563
1133
412
1062
1990
1659
1343
2253
2274
1675
1733
2487
2392
1700
250
2283
879
2011
1970
1156
393
1718
674
1498
110
2451
656
1776
1567
1873
820
1060
731
57
1118
189
467
2502
2547
857
1392
459
2035
749
1523
472
540
38
2161
479
1883
836
2027
2707
2650
98
101
1737
838
356
2374
2169
2369
860
2544
2137
882
696
2335
916
2010
2165
1069
568
1451
2727
215
89
2605
1576
1513
420
1578
618
334
2009
2131
1116
1186
1417
802
1704
796
1820
1722
1612
2326
2520
1279
303
2094
1746
1339
1057
1301
2615
374
926
2183
1049
561
1944
2751
1764
1540
435
1416
2749
169
2648
371
1936
1650
537
707
147
2611
1162
1168
1751
2578
117
2633
2174
2389
1695
2411
2526
2682
2741
903
201
1450
1107
1263
2208
728
114
2649
1548
1984
981
1177
1910
1928
2651
977
514
2202
2119
932
2290
2078
1152
2718
811
2242
788
2342
1297
663
1153
1954
1736
2324
664
682
1865
1422
2042
84
326
750
115
937
1001
427
1470
701
327
1818
1603
171
409
2130
2279
700
1048
1299
912
1131
1485
1696
768
2752
1412
1493
2684
2055
976
1411
2575
47
2166
1406
1760
2492
1908
1539
712
1496
2300
1373
942
2659
919
1503
2244
2159
293
1976
578
2366
1252
646
2081
1059
1977
1536
1264
1550
2625
2230
198
769
612
207
1621
1524
940
1819
1918
9
200
1249
478
837
1584
486
2356
1686
2456
2385
2087
1634
2292
2140
273
1142
1159
218
190
1058
673
458
1530
2661
1432
2054
426
915
1505
1226
2005
1290
1520
1463
1500
11
1771
2352
1940
1108
630
2312
1610
1469
41
1971
2704
819
892
1537
1219
112
2209
1248
309
1867
766
1341
241
453
222
1045
1224
623
1016
1911
2153
2347
1395
575
1598
2034
2044
234
1979
2747
1034
27
1989
599
1003
587
353
2654
1956
1098
552
1285
1132
2577
2309
1199
869
2203
418
2364
496
601
1243
2110
2341
2353
2399
475
91
935
403
1745
1114
1917
732
1106
1141
44
2499
2243
313
1306
1705
783
2018
253
1332
2431
619
2602
583
2495
2464
1869
97
678
204
450
296
1194
2617
307
2681
961
1140
2665
709
574
2550
2083
430
2177
1081
670
2037
781
2286
2371
457
2739
324
446
320
2646
1517
1515
2474
987
2452
2266
913
1677
984
2750
1211
945
381
2477
1410
1592
122
2671
2026
1384
2245
276
1680
542
66
2401
1397
343
400
1282
1234
1029
517
1501
2343
1286
1899
1458
2491
1878
1920
1927
1837
1426
2672
2132
590
2303
497
861
1747
2732
1639
2519
1571
1630
615
702
3
1761
1206
1868
1237
1086
875
2673
1441
425
165
2393
812
480
2048
511
1477
375
257
2528
105
1179
504
2076
2226
1462
1482
1846
72
1681
2723
2375
2416
1198
2057
2418
419
186
2701
1074
265
1163
2015
717
213
1446
142
2224
1291
116
2333
2096
1105
1676
1201
941
2109
539
2262
73
2445
2028
1968
300
2584
2740
1361
2152
2726
2136
1420
1694
598
2097
172
177
8
1165
894
2498
2697
2164
1735
648
277
376
2541
921
382
2586
1366
1779
1738
1753
1693
515
2412
2108
617
1123
1381
1821
2146
2354
1985
1484
77
2720
871
2281
1522
1459
2420
895
1564
1229
887
16
581
2517
63
914
109
756
567
1999
1978
1661
970
285
1335
2351
2443
1102
1743
1525
366
1815
1707
262
34
2129
2658
1898
698
710
466
1620
1127
2158
2160
14
1078
2191
1333
1138
1187
256
584
1831
341
2496
1643
787
2348
1714
846
1955
1619
2449
2515
407
572
2677
1570
2404
65
610
896
2126
2634
158
2263
271
2653
363
1510
1300
2435
512
1155
1129
434
2585
2323
2184
431
49
1317
2703
2061
1948
10
755
1504
911
1916
1839
963
2473
2067
2302
1442
56
1038
1319
810
1635
538
464
29
95
2120
573
727
2314
713
1455
2543
2073
227
864
1678
2225
2196
2688
543
2687
642
267
1514
747
629
2639
2301
1519
1084
2621
2647
2128
214
130
1146
2592
1913
2307
2698
1585
1931
1444
1702
1283
950
716
927
456
2311
354
2432
488
705
1579
1581
2016
1665
620
1096
2282
2014
2294
1805
1544
503
930
784
292
1407
2624
1853
1228
1027
2508
1516
2388
411
387
1238
2249
2558
104
1440
2357
1547
1189
1769
794
1932
554
657
1356
1636
1093
1326
634
2480
1895
1427
1605
994
2071
2483
2201
295
1371
43
294
1789
2599
684
2402
2736
2571
1486
415
1572
631
2214
1073
691
240
2212
2500
284
2250
904
1660
1197
816
1710
2206
449
1535
2051
1298
1207
194
2287
1421
233
1429
2265
139
1030
2278
797
1025
1242
798
372
2569
997
1190
148
482
1969
2193
2629
1036
135
1437
2693
776
1959
1262
428
1902
2319
2635
525
352
2709
1957
30
238
2557
520
230
2325
651
998
1405
2717
2085
106
1480
1307
658
102
1638
1028
807
1055
2217
469
389
111
2642
614
2708
1848
1154
2545
1365
775
2019
1087
364
1376
884
821
2476
2510
1147
2141
1289
947
1906
1934
2691
1320
2655
1020
1561
2093
1423
1195
136
1413
2344
829
2231
2667
1854
559
1497
1331
1400
1626
346
535
423
1468
2063
1644
2472
862
2724
2000
744
1433
2439
476
2072
1896
1862
1448
2486
1
390
697
2454
2553
40
1492
933
269
2408
2497
672
1047
1716
1287
2175
988
711
1315
1117
2666
166
2478
1527
622
246
58
647
1260
1973
1160
487
2155
1227
890
350
897
635
1461
255
2742
2429
1673
1061
2534
2679
2638
767
1995
547
726
762
1741
1231
2636
1389
94
1110
1521
493
174
2270
1816
2461
232
422
613
1866
2626
2614
1884
621
2511
2538
1075
2107
1739
1312
2428
2481
637
2490
2288
2329
1657
1088
1104
1383
742
1071
2664
2200
474
1313
687
2523
1872
2336
1244
1998
1654
2594
1097
1838
305
2696
156
181
962
432
1589
2056
965
210
1909
639
268
2251
2233
2377
0
465
383
414
1261
128
2280
2050
1354
2560
328
2719
1811
1674
470
1026
2595
1318
502
1877
743
2260
2525
140
1822
1430
2711
1128
351
2066
180
943
2154
2482
986
2537
1845
2382
2685
1642
715
723
146
1033
1653
2753
1208
1204
2554
1766
2185
1798
2103
2731
2079
1903
918
1568
2241
1269
1277
1604
2484
1130
2047
1628
317
2669
671
660
969
2610
883
2006
421
1809
920
1013
2414
2516
447
2186
2182
1233
1449
1188
661
1679
1122
337
68
358
1688
867
59
2689
985
1997
2721
1494
1732
992
1072
1358
1274
266
2291
2383
1066
1658
1428
650
121
231
2619
641
2149
330
1712
591
1541
1912
1101
498
627
900
2549
1346
2197
1860
1922
2115
229
745
1402
1966
1834
1304
1456
2524
718
2117
310
2355
843
1399
2039
2555
1622
22
786
980
410
1436
2729
924
224
679
2670
396
182
258
211
298
2501
638
1793
6
51
1800
1894
1713
2579
1220
659
1125
437
2359
2598
1881
929
2273
955
1032
901
185
2238
1011
2440
1148
36
870
1167
188
1924
154
168
2527
2272
795
1770
1239
1336
1415
2360
2194
2548
1121
283
640
2038
2267
2593
1259
596
1528
1664
993
876
1221
806
1439
831
1533
1288
2092
852
2609
593
1808
1476
616
2743
2053
236
50
1507
2744
1509
1489
1126
2261
2512
2277
2606
960
1863
7
604
1015
2600
1826
739
369
695
220
2289
2372
2438
1781
1933
2234
184
730
2413
373
2612
2346
2384
178
1347
2668
124
1666
1762
770
662
1671
790
1981
2299
1647
441
454
144
26
83
885
191
550
468
1557
297
126
1645
1613
2257
2017
336
971
719
1937
436
1161
1403
524
2574
2328
625
2192
322
1438
1205
1467
221
1618
33
1801
1040
1721
243
1372
203
2430
1857
746
2532
1007
2536
1386
21
2587
1145
308
1963
2041
602
905
1280
196
2489
733
2463
1749
392
510
1555
314
513
2378
1466
2453
193
2122
2350
1889
333
71
79
291
530
1250
2561
12
1119
2020
1217
2269
2434
2590
881
1602
1723
1725
125
1103
161
344
995
2363
2459
2228
379
1950
2077
2190
1000
1309
1543
1018
1796
1775
1340
1023
536
2168
773
2604
1651
1095
624
90
2514
1972
2207
1727
1946
2248
2313
1575
281
1849
2295
1506
1900
692
1092
1788
1184
1905
533
2012
1070
1144
402
1546
74
1212
1327
2603
720
4
20
2546
2710
2589
529
2070
60
501
681
1843
1353
197
1236
1014
2381
2213
1401
803
564
1091
75
1783
1915
1810
103
2098
1614
1391
688
1275
406
2101
2036
1109
1907
187
1024
2173
1852
2069
1166
2716
1303
361
1196
2339
693
1558
1502
1812
880
1807
2043
1828
2674
1295
2189
1453
1750
