854
4292
2930
4165
7483
4509
2764
2073
1564
2194
9388
8045
4708
8130
10436
5290
6869
5540
1526
335
2223
201
6096
6446
514
3162
3566
3502
5739
5999
3271
9916
7885
7872
3543
3125
9173
9224
2161
6183
6564
9008
2405
693
8935
8339
9317
618
9497
9493
10352
3635
6196
9389
8027
2669
7714
824
8378
6176
5912
3245
3085
5013
1700
5924
7246
1677
738
1802
4637
313
2002
406
3008
4816
6738
7690
5130
6907
5587
4853
7595
484
2150
6891
5481
4416
10029
2784
3947
1228
6913
502
9626
7908
2510
9423
4128
7186
3648
8642
4257
9820
5256
10172
5213
2907
3119
1957
7329
3664
4192
7036
48
8264
6546
10077
1422
5034
429
8421
8463
9549
469
8023
5962
9928
4864
3050
4645
6958
589
4010
1679
1878
9089
2070
6563
7020
9159
3505
2122
1665
7038
2580
3792
5483
8720
6507
7936
9507
9772
7293
5142
3352
4687
10289
6057
7711
122
2671
5174
6876
1503
530
3989
7475
2182
5980
3410
4900
8558
6100
543
3238
2011
619
2980
6284
2272
9672
2825
4574
7138
8305
4704
5022
4654
9363
4084
8515
40
264
7057
7084
7998
5325
8353
4067
3837
9760
4605
3816
10271
3225
4038
4786
2624
9990
5968
6015
6316
168
2293
2709
4488
679
8382
7841
2559
993
9538
5229
565
3391
6919
4429
5853
6048
9350
9654
10059
7726
5935
7766
6900
2696
2072
4721
8011
2303
5916
1697
3146
6999
6711
7728
2879
5836
2976
9356
6653
9788
1283
5111
7571
1399
126
8992
6997
7822
710
4100
1837
7326
1243
10044
1110
4424
9226
2361
863
4558
7598
3342
5378
7291
7463
8199
3128
7568
1091
2289
2697
511
8347
5647
3655
7181
1037
10108
41
151
2089
6980
5110
4166
3658
5679
2042
6501
1565
8046
812
5919
9414
4244
3221
8406
9837
9999
9786
2366
857
639
1269
8813
2101
562
4099
8337
3997
1204
6975
7587
8214
3133
1227
6060
5879
4937
3916
4451
7283
4249
4585
113
6349
928
355
4205
1292
7691
9779
3165
7352
2454
811
6783
4388
6319
26
2019
9708
5603
4215
9158
3
5099
5442
8081
1857
10395
9284
4142
6788
991
2732
1842
8687
4845
3814
10366
7
2642
7983
5537
3007
6677
4598
98
7062
7257
5779
5082
9649
4463
8863
6724
2041
6401
9515
8109
9179
4179
1009
5137
99
1739
5743
3738
861
9663
2428
5934
4660
2515
2483
3872
10304
541
5445
9743
5178
7762
6081
4217
7375
5704
8848
5942
7572
5582
5596
4946
6905
8057
10019
5364
2940
7912
4523
2578
789
236
2748
10438
9737
10341
3185
8911
9200
1756
7955
864
5784
9801
9390
6792
3055
1085
9242
7374
3981
7216
2243
2107
5636
7531
5147
8640
6253
6643
6234
4498
807
800
334
5242
10128
2022
7436
5004
1536
556
9773
9120
4507
10268
12
8127
3159
6361
5056
631
1632
5044
7910
8936
7682
6332
1265
5231
4149
7060
8486
3209
7806
9457
3577
6111
8128
3654
3853
10265
4437
294
6269
4564
7458
5489
10098
8836
3618
7042
7172
3345
6658
132
2045
5649
9954
4965
1980
968
7737
3971
419
9471
6547
984
2645
2982
9522
2348
2611
5660
4105
10384
8814
10002
3740
8843
10314
8528
6617
7319
9802
3990
5551
5177
3483
5367
1468
5129
5377
4677
9526
10238
8726
5593
8033
4915
5766
10394
893
8650
2793
1164
6276
4957
9290
9092
9147
5618
5793
5350
5020
7594
9658
1151
4126
9196
9799
658
4995
1358
570
9232
1284
7964
1294
10149
4724
5733
8999
7237
3257
4064
3234
281
3937
8489
5799
9347
3940
3751
6251
9466
5161
5921
598
7298
52
635
8418
5851
10347
1832
4178
6517
6143
172
709
9366
10119
10145
4117
5236
8460
4101
1819
5898
7948
2310
9506
7054
6595
5554
8213
4309
2711
318
7386
962
5117
10088
7859
72
9918
3179
7035
4673
10206
1929
1077
4551
4360
6926
7113
6754
6162
645
10409
1706
302
9597
4209
1128
7420
6728
4456
1048
5458
6742
4091
3258
8052
5182
9398
498
3803
3346
2490
314
4714
2612
9342
3353
7381
2433
3060
2275
584
5259
2555
8248
8680
5691
4391
2364
8927
6692
6118
8889
7941
1248
3899
1699
3220
9511
9741
4221
1673
936
512
2009
2403
3540
883
4794
9991
433
1076
2397
6173
9190
452
8688
3743
8483
3382
3811
8450
2507
10301
2636
3987
4315
1045
3694
4222
412
10013
678
3890
4097
10107
7606
4472
1298
2668
6097
10032
2292
1577
9765
176
7142
9180
8019
3660
1561
2829
7244
6694
7603
10016
9981
8369
4672
65
4238
3608
3285
7954
3430
3374
3261
7978
7472
6161
5247
2017
6571
7148
426
8748
6713
951
4562
9082
218
8381
6902
2891
7820
5948
9486
7317
5778
4693
9609
10091
10244
7360
7266
2751
2844
1139
7229
10055
8436
8852
3141
5189
5741
7757
9329
923
4769
8751
149
2142
9061
159
7643
6845
8338
9175
3516
1655
6120
9655
9723
4376
3009
8163
7924
8324
532
6620
5925
6199
3601
10226
3801
5974
6731
6633
8449
1158
4082
2539
8850
1299
8457
7130
2388
268
3121
5903
4785
5371
3019
2367
434
2947
6020
2211
5575
4241
1309
1647
6952
9134
8375
8938
7431
10112
8198
869
9349
9914
1417
8855
8713
1307
3472
4804
2682
10078
3383
6628
8823
862
6405
8204
986
909
3366
8379
150
1885
7852
9315
10250
5201
1467
3378
2887
1229
2704
3866
81
1373
2391
1134
6448
1580
1625
3372
9552
4612
9707
7398
5639
4790
10110
6534
6838
2664
517
9379
9256
1416
7926
6559
39
378
10407
2339
6243
9529
6894
3927
2218
9204
4326
6743
6011
526
5633
7727
4879
193
4621
7027
2178
5474
3617
664
9080
3275
1797
9983
9822
94
5908
6712
8819
1237
5030
4014
732
9713
5296
778
5993
8013
633
7221
9516
3219
4016
6899
8331
8533
9237
1717
2896
7700
4681
5771
5814
8553
6115
551
805
3094
6807
1796
2372
911
1788
7362
3868
6930
6226
4940
9259
5460
9023
1023
430
1169
29
10307
10290
6663
3107
9725
7487
4955
7953
4269
1609
2266
3548
1124
1923
1268
5486
2857
5504
7847
5526
6818
2670
4600
5737
1327
4788
1556
2785
3033
795
6878
4685
354
10300
8933
5096
4982
9178
6474
1379
5227
5565
3204
9905
6596
2714
4861
4402
413
4970
9396
8902
5472
5634
4398
7444
7034
1950
10252
3362
1875
3311
7900
2773
5910
7332
7805
8445
2650
3337
3272
2436
3705
1241
3762
6782
1239
5614
4076
7007
5667
2306
870
438
3290
8090
7106
6277
770
6911
10332
3875
424
8890
6618
9963
4842
8604
6175
6749
646
8617
7592
3565
8316
3426
525
301
6341
1689
4956
6166
4418
3509
1635
5899
1732
5058
8697
199
3164
10400
116
5394
6358
4366
4526
1214
9114
3698
1759
6456
3289
112
7158
4628
8031
3398
5969
2356
9278
1184
3846
9847
10065
7748
10303
7167
1583
7853
3561
1638
7979
3208
5043
8217
1055
10028
4031
3187
668
4867
6498
9998
1845
4109
4784
4500
4607
1729
1621
3859
3109
6389
9964
7810
1703
634
7407
8220
4004
3644
2917
10322
9354
1799
9947
8030
4699
3670
3114
4596
513
9762
10261
9121
7162
9951
10313
6129
2977
730
85
9564
7797
2054
431
8908
7299
9754
6709
4033
1547
9632
6232
2707
4682
6059
391
933
4462
4898
7494
2121
8242
2571
4670
2149
1404
6245
8781
9244
4130
9268
6821
8825
4658
9695
7018
329
3026
3069
4425
231
4762
6970
5297
6177
2379
4567
9017
7798
5622
9738
522
4260
9578
3972
10174
823
7394
10419
5266
3228
8649
6141
2232
8930
2911
7434
8943
4271
8452
3560
524
736
5578
3011
1318
6518
3683
6078
5168
4639
10178
8579
6860
6701
10270
1163
2157
10043
4381
8581
881
207
3154
1576
2795
9995
1780
4583
9711
8431
10362
9220
9113
3043
2097
667
9460
8831
9470
1624
4692
481
9241
9599
2345
252
1617
2728
4323
1297
1305
187
4227
3232
2401
7296
5230
545
4728
1092
371
6191
2376
3568
9426
9812
6108
782
546
1984
1967
4208
550
9574
2553
6946
1181
1490
7759
7495
2227
5990
3649
7952
3037
7608
9014
9296
2458
2718
1698
6901
1651
3370
10017
5226
54
1685
4007
10030
2109
7668
7597
195
10233
265
7846
1380
7175
5563
9252
3010
5475
4811
7014
6947
10186
1419
9153
2004
6698
8168
7231
417
5780
605
5289
3059
2060
4288
2488
3435
9699
6765
7920
7318
7282
6969
806
3473
373
10040
1469
5902
6610
1736
10125
1224
10340
5496
2235
1884
9696
4735
2702
10102
1168
460
1809
2883
3961
1722
1341
3950
223
4815
4885
3861
6540
1720
4169
346
7609
1899
4798
5346
8315
8956
8403
1601
7354
6555
10223
3340
4075
9129
6085
7996
6076
7468
9009
1098
60
458
2389
3409
6582
9665
8832
3381
6194
9895
3048
3533
7373
872
10171
6125
5149
4664
51
9571
1634
6674
7708
7357
10286
1480
6435
6630
4355
4556
6725
6646
2526
1947
2215
894
6799
3889
1766
2779
1688
4107
8205
5248
157
7032
2892
3851
6486
1022
5406
9808
2081
7799
5882
2587
3295
6483
7336
1541
503
251
3491
2033
1696
1282
5926
9600
7944
9052
5337
344
1394
2230
2772
7581
4789
4083
10164
1641
8772
1513
9841
5867
3051
6794
8545
6994
9145
7585
9467
6400
5233
707
725
3174
7160
6978
3504
1062
1898
2024
224
7692
6654
2958
2873
4856
4446
6514
10048
5913
2278
4679
1963
1983
10291
6387
8765
2614
6634
8537
6733
4093
5388
9193
3329
148
6485
6827
1277
2872
9260
9683
6393
4990
3586
8349
8032
6761
1495
455
989
4114
9925
74
9243
1401
691
8334
8671
2053
3300
924
5523
9297
1600
4814
3150
7730
1311
5203
10342
6154
2629
8758
9764
2842
2688
914
7349
6945
4195
3887
9123
1428
9079
4626
6856
3253
4369
5416
9033
7596
155
4336
6648
280
1362
4633
8068
5604
943
6303
3706
7404
7548
5068
1231
2093
292
4135
4686
6038
5166
534
1761
2826
5988
5421
9084
9792
6344
9038
8237
5093
9577
7289
7359
4047
3844
593
6679
46
7378
6842
1492
5113
1008
9761
8259
886
4184
375
8774
10349
2338
2616
995
2110
5016
1966
8868
6156
9606
2541
8668
9248
6960
8480
9523
7966
9271
5439
9930
3198
4892
5801
2207
9068
5097
5677
9517
3388
6652
7217
8179
6117
8983
350
2886
8886
6479
2943
9614
7849
8786
4749
1481
8225
5352
467
7774
6025
3745
5063
4767
9941
10386
8598
2833
3469
9283
2125
10129
2449
7085
9307
5126
3005
8842
173
9583
5373
10089
9400
4365
4834
6505
2679
2402
5883
8034
4545
9189
66
9956
9864
5813
8564
2189
7331
2916
10441
2957
4997
4793
1334
3222
9948
903
4570
529
2137
8096
1849
567
8959
3169
4750
2305
8742
8898
4409
7031
5339
3914
9922
2846
1109
8968
4825
637
6786
6317
7343
7095
2044
2010
8960
3513
3427
7669
8059
1500
9192
5469
1291
5682
5288
5403
8690
3115
7401
7065
9461
925
7913
8041
7655
3284
2618
4214
7574
2694
9734
3569
4312
4934
4270
4742
9585
88
3785
6187
3896
1847
7325
8655
1166
4631
7925
3476
3536
9849
572
2893
9825
1783
5730
286
9701
9509
7749
9409
636
8274
1770
10120
3780
6367
1452
3248
2198
2796
10073
3579
7540
5033
3707
4021
7715
10047
7545
2663
6579
2823
850
4163
337
6523
3364
6206
3512
7883
3379
8675
5006
24
8423
5205
47
1710
217
985
3079
8512
9086
780
3350
9112
4544
2209
9870
3559
1572
9903
6758
3401
5567
6662
3749
6570
5958
7993
6014
5505
6816
568
6273
9211
7270
8308
6843
2154
124
5975
7580
3542
781
6170
6107
3753
5658
10211
9479
2012
10100
8810
2876
7226
3084
6460
3147
3029
2895
548
1212
7619
3977
8192
8817
7064
9833
1029
5966
1686
2646
5003
204
10454
9360
10254
6854
4919
7426
4040
10257
5253
8509
7400
5263
8181
2822
7252
9025
7746
1301
4743
3708
8973
5059
2931
5453
7112
10170
1466
3616
5072
4370
1956
1903
6216
1715
4852
3963
6959
858
1070
6185
2088
2834
7286
665
6704
1149
6324
4773
1100
3390
5721
6982
7576
4537
2333
4736
9532
7499
8040
284
5490
5901
5512
315
4748
8896
7716
2749
3184
5697
8131
8725
136
3993
8913
2373
9355
4947
3484
5514
8659
360
1436
5374
6074
8357
4880
2174
6363
4256
1964
9900
6815
6063
5967
7724
6702
8348
8190
818
4420
5911
8738
5857
3363
7861
9693
3236
5625
6306
7855
6139
7604
10020
9601
249
5765
8696
7680
5628
9478
1272
2988
6948
6833
3546
5150
9681
5185
4158
5066
8073
494
6336
4478
1897
7582
5824
6756
6631
1873
2973
3551
3481
2173
7067
4276
6374
8056
1582
9374
683
879
3129
8691
5501
3022
3166
9062
1594
3446
5508
5675
5885
3966
1820
9767
5251
5193
5922
1955
7827
3356
9931
3314
3243
4426
4412
6112
2084
9805
7530
2380
9984
1971
6328
6098
9225
1737
9996
1667
163
2863
8270
9309
4245
6853
5837
9915
5515
4840
307
3489
733
4587
5856
783
8230
8373
3723
4775
4663
6723
9525
9401
8548
237
4428
2687
5002
4808
1068
8793
10323
746
6532
6826
2812
2554
3879
2419
9177
8024
7301
3450
7659
6122
208
121
1364
9465
4782
10339
1573
2120
8894
1111
6791
8075
4484
5183
891
9677
743
9634
6755
4173
3235
1871
9016
5705
7607
8622
1484
3012
3240
4235
1657
9727
8557
2404
3681
9888
7617
10335
4953
7347
697
8596
1804
6657
3137
6621
6995
1822
3041
8920
10027
1343
3223
8661
654
8278
9083
9670
9782
5804
277
5479
8759
8657
559
5984
8739
3788
1773
6383
1999
1078
1116
7096
9627
9361
9141
5362
4733
7578
1187
8987
5492
5946
6690
8285
4414
8284
6968
6509
7923
5418
6348
2447
3286
4503
3420
5164
8332
4361
2190
8380
8442
4301
10425
7566
3595
2817
5293
10275
3594
9245
747
8446
6726
175
3217
7734
8325
2396
558
3857
4025
8778
7518
5676
4102
2320
9776
10408
5602
9875
1562
4928
4395
1138
4490
9814
5641
5258
7364
7722
9228
5295
4089
297
2239
7862
7203
1579
4667
4516
724
9337
1470
8893
10179
8815
9569
10345
1397
5303
10311
7591
6439
6402
422
3252
4329
4449
3341
6682
10417
7409
8522
8018
1387
5462
10318
5055
1040
18
6127
7125
8805
7496
9726
3414
2979
798
2018
3367
531
9893
1877
10025
3042
519
2746
8054
7740
4186
4972
7285
509
3445
2737
435
4216
461
5500
2738
7907
775
7081
3423
4017
5816
10095
3687
9341
2330
6307
6381
9857
10406
2524
1996
8414
1807
7532
10337
3194
2806
9906
1300
2854
9295
5139
5609
8209
4960
2028
761
6720
6205
9976
4386
7215
3434
8773
977
5426
2049
1678
4761
5928
1618
4440
3523
5590
4787
408
1570
2064
3748
8685
10383
6671
1760
9348
9503
2508
1740
1707
3596
3791
3494
1843
7011
8472
5190
4298
10157
6252
3151
6771
848
3838
8474
9674
1512
2998
2851
3917
7086
5264
3242
8744
8912
8094
772
3047
7121
1172
7776
7328
4684
10284
10299
4385
7092
10235
8271
9476
4877
6925
7699
5074
737
10437
5281
607
36
4447
8490
9264
4863
165
2993
5238
2249
9030
10443
5571
6444
5800
3991
4293
8261
5600
9293
9437
9142
1491
8526
2760
9448
1082
3999
5254
293
4295
10393
8251
117
2808
4806
8455
5985
1546
1340
2037
1808
9748
2875
2740
5028
5038
8573
1603
8605
9443
5750
4992
3941
7108
3143
7795
5871
8326
5397
1208
9254
6542
4182
1321
8035
10278
7443
3884
8062
7712
1861
5895
6839
2939
1954
9880
2264
3604
17
1275
4589
3747
704
6159
3733
5466
3688
10430
6152
3443
4219
5148
2031
8413
1533
887
219
3715
6656
1088
2756
9944
575
7312
5965
8864
9397
7814
7614
4921
4403
9615
6024
9368
9850
339
5555
5128
2055
212
5627
409
6576
4713
2322
8584
9001
8461
7156
1831
4770
4522
1462
232
1529
2757
7935
1174
4377
6343
5283
8523
7937
1704
7851
4948
5756
4006
7019
5081
504
5154
9536
6476
3361
4653
6789
1790
2394
8710
10285
5760
4448
8345
328
8630
228
5392
2246
2603
8484
7456
10076
1597
7732
2370
3395
8203
479
8277
9546
3006
930
5145
8569
7393
7579
7777
5331
4147
6929
7294
3969
8281
300
4062
6380
9550
6873
6707
2692
8151
833
7707
2450
7233
2103
1479
299
7498
3412
10455
6247
1633
8258
3819
1400
9028
4518
9212
4378
7371
3288
2006
6735
6753
3667
7625
5907
1833
7245
6599
5146
3545
1033
3108
9753
7069
7197
7083
5450
9680
4652
2134
7098
7383
5710
4317
6254
652
5320
7155
4625
8391
1209
3556
1024
5315
8102
9202
6179
8042
3525
3023
849
5011
2295
3880
5876
9949
5823
5410
9749
9039
7866
3702
10369
3464
9384
4838
828
9962
4044
6489
2627
4718
8763
3773
3224
3808
6971
6146
8824
4729
9291
10356
6290
2996
4081
6165
6655
5041
235
6865
4984
6921
7302
5284
1695
1816
9405
330
7118
10087
5390
2263
4689
699
82
9330
9871
6423
401
2590
7521
8888
8962
4939
7879
5698
1989
2712
2861
4188
7696
9544
95
4181
7915
1785
6036
1365
8561
6342
8084
8613
3709
8138
6149
2874
4055
1146
3637
9835
8733
1764
8079
7337
9148
8437
2201
8201
5140
5819
3643
2422
4460
5768
5484
5025
7419
492
533
10075
1276
4144
3294
6881
9298
6503
42
2625
5017
3377
1607
6708
9125
8572
2938
3416
8551
5217
3529
8706
2365
7745
370
10007
2604
4363
6805
4335
9795
7451
8990
1823
6983
9181
5659
6334
1196
7493
7939
1838
8434
3397
4737
4779
7503
9537
2309
7450
2030
4831
5543
3014
4592
6449
5239
7131
1357
4349
3731
4197
4854
1812
3404
8330
3140
6119
5077
3539
7903
542
383
7249
9056
5654
3269
10266
138
240
8346
1485
8803
6649
711
9757
7324
6169
5344
1351
1152
7992
6335
895
9787
1680
6142
9960
4352
5402
5937
5519
10071
9046
6442
8227
7428
6550
6285
8245
8150
6418
1502
5480
8162
1806
9132
7433
5960
1421
4187
4053
6233
7377
5971
3380
3120
8993
3501
8319
4297
2813
9333
3027
3922
4876
6636
10224
7573
9490
3563
1162
8835
1676
8235
8767
8231
6237
3466
2986
6470
9877
1946
692
702
7395
7448
7260
7830
5021
1183
352
470
826
7104
9548
3127
6079
2067
2331
7538
7651
2579
1194
7150
9620
1588
6903
5524
162
71
9130
4829
4327
5557
7800
4696
9032
4540
6585
4237
2999
6114
981
7931
3485
1089
9935
3541
1464
4771
1960
6943
6493
8867
3689
7170
8771
1461
4379
10004
310
9617
2459
3953
5690
3755
561
6459
8298
10346
4979
7250
6785
4552
4740
574
78
7895
5982
7253
6924
6803
5781
3777
620
6463
6536
3020
888
3763
5789
4052
6508
8502
5369
1604
3951
8996
687
6802
2605
7956
7365
5092
7529
9469
2111
7335
1959
4697
1592
322
3663
6678
10267
6718
3720
5222
5706
3900
2667
4413
4300
4399
10024
6793
3195
4599
2127
1189
4013
8267
8974
3938
7029
1444
964
9197
6567
4541
7185
8135
1646
2827
7662
1442
6421
9921
115
7182
7465
9567
7255
4400
7389
3863
5277
9411
1129
2261
3024
5930
5696
9541
817
1335
9422
6645
8063
1403
194
2445
3717
10414
2288
1615
8885
3373
7824
9545
9732
8656
9758
6859
8215
2492
9840
20
1931
9558
7173
4593
9377
7622
6593
4727
443
7821
9119
4875
9660
9498
1437
8504
6904
1115
7987
6963
178
10245
7731
507
5304
6396
4137
10080
6981
2859
626
3571
3822
5103
8459
3091
4132
2350
1486
2351
9966
7116
9274
241
7867
8044
4843
4902
10348
3786
448
7287
2203
8366
3274
1202
6529
6338
5674
8600
8354
794
3319
3840
2755
1825
9565
8610
5601
2824
6215
6451
3943
1563
7351
10456
4248
2325
2807
7559
10249
10378
2083
508
777
1060
9003
4515
9852
9303
6352
1459
4943
1962
1793
3742
6932
9352
6693
8727
5279
1377
1522
7967
6768
1886
8846
3690
8952
7449
4493
8743
3452
3583
6837
7453
7672
9321
3833
4065
9521
451
9285
5588
1599
6928
9027
8187
4833
7577
5125
6386
6699
592
2467
2229
689
6330
2145
8547
3327
2521
3615
7657
5361
3806
5759
4962
1927
2643
5796
1247
3739
7224
6364
6840
4511
4332
6475
1020
9263
2573
5592
8077
7974
2039
6062
6072
9873
2359
5430
8658
7502
4826
2950
918
5991
650
365
4896
10182
7028
1408
2908
3067
9167
8592
6184
44
839
7228
2831
8426
8806
9643
3714
3919
2865
3402
8425
1993
5726
1482
4435
1367
7773
6004
8297
5873
4571
2970
3394
8462
1451
6776
6972
2665
8097
793
3730
8505
6370
9235
719
5620
341
7605
10413
9955
6144
2259
5100
3487
5197
7073
2131
2321
6772
1738
9504
77
7207
2613
6601
2100
4153
8789
773
9106
2744
5144
5298
10021
6553
757
1026
2547
4985
5389
6069
7077
7565
5446
6828
792
2918
5866
2549
5334
5118
9002
1046
9149
5343
3575
1645
715
1050
6171
5976
3876
9320
5820
10183
6491
31
7440
3276
6934
471
6747
10361
8694
2673
1071
3202
10060
211
2429
9234
6864
5319
4886
472
2328
4058
5413
5712
2437
2961
7780
3597
580
2847
8516
2155
1087
9301
7199
9182
9183
8918
9223
8244
3954
9171
7044
5720
696
5815
7517
9331
5098
5597
7638
4334
1155
3678
420
2284
6186
9542
9458
7537
10263
9904
5408
1225
9267
3486
2371
6639
3237
2736
3197
2722
9967
7835
9566
10001
2543
3732
10067
5102
6990
10327
8282
741
1368
10180
7166
3049
7840
3514
2935
9034
5845
5758
4530
8563
8318
1523
4032
3609
4452
2425
8137
3983
5005
8609
6896
6086
6931
9777
6106
5447
5463
8161
7639
7626
4702
6382
4655
9184
343
2136
2925
3182
7670
5386
2708
6841
260
6941
6113
1463
802
6070
2798
1718
1150
9459
3056
8385
3376
755
5860
9281
6554
8253
10360
1708
3161
2503
4763
7663
3255
4963
2476
5271
8705
1338
9907
8323
1741
3970
9464
4874
5015
735
5
4573
5606
2398
4999
9851
4741
6870
2387
7295
717
9938
7090
7570
8361
7277
2684
3455
10321
1354
2685
4569
790
5326
123
8099
2075
8142
2932
3156
2496
474
606
4791
2560
3807
7977
2162
8608
1216
10142
9441
8495
2276
8900
8732
7265
5427
1672
4185
4801
4045
5335
5210
4701
10135
3888
10253
8693
4079
8904
2035
2516
7050
3325
3028
8730
7894
253
450
177
6250
6082
2759
5422
5375
5577
523
6734
2836
7599
7310
1289
8004
8292
3231
4127
5683
7143
6265
9306
3764
6835
5556
6834
4354
5452
6339
9194
4482
6379
8400
9710
4938
6497
9313
9568
2885
5299
6544
3264
5212
9128
5431
9502
2577
1220
4342
4799
1539
8753
10169
261
8447
7236
837
9630
6
2112
1310
10160
6281
2493
1534
8776
8621
3188
2699
745
3259
3124
9591
5363
3633
1817
6420
6051
8919
9100
7906
4445
2184
538
2094
6858
10062
9691
680
4933
6148
8997
6160
10205
4819
6140
1325
3638
2884
7739
8118
5581
1449
38
3988
287
1330
2716
6887
10069
1922
9110
956
535
3607
9417
2281
8396
1763
9300
9950
8811
1893
6623
6915
6784
4894
3360
5152
9210
4432
1312
7972
2593
197
9740
1941
5665
3322
10449
7222
7439
3729
1073
6323
8701
186
1915
7412
1874
8116
5455
1329
8038
7833
3623
2220
2941
7881
2929
1375
1346
326
3530
7890
10214
495
9174
4922
9844
2936
2501
9700
8007
7971
2739
5918
384
8664
2168
1935
164
5278
10096
4387
8160
6773
2903
4648
6453
8718
2522
5862
5323
6857
3233
2240
5336
4609
5065
5626
7644
2832
6021
9269
672
4494
815
8790
8878
462
8899
5200
5495
9860
4357
3824
4050
8036
8207
2920
9372
5049
5073
1798
4072
958
1905
1728
8458
8289
3096
3948
4348
7178
2790
5101
6126
2159
9669
3201
6825
205
1813
6527
787
6844
663
3417
1132
5027
2414
9858
3167
10403
5970
1965
3015
10219
9280
4383
2556
1910
8074
4254
8923
3651
2000
8157
4122
4688
7210
8266
9778
3170
8797
1532
8091
8276
9442
4049
9022
4390
9394
4951
9766
238
3686
695
4283
5411
5979
9706
3283
2845
5939
3992
945
9065
2254
6847
9579
1880
7164
311
7761
7975
5172
8914
4415
7345
4738
9387
8812
2974
4710
6992
660
7960
9821
7076
3547
8186
4800
5719
10014
3712
5249
10418
1629
3736
2768
6224
4905
1987
4517
3192
10010
272
563
1096
4085
9917
7251
581
7701
6222
6457
1640
6340
5865
9246
841
19
4005
10388
6293
4134
351
2786
5638
2274
7704
5396
1977
2472
2237
7541
4218
7481
1909
403
1133
4118
7750
2877
8498
4989
4914
1774
527
8866
5050
10177
9952
3823
4646
9169
6562
10429
3799
4870
3982
3591
684
9221
9102
3795
9890
10079
8351
10387
4824
6203
2630
5261
8262
1374
2340
4722
2205
5243
9929
1154
1498
2782
1687
4232
7504
3534
9719
10114
3679
7346
5218
2945
10036
3711
8404
2297
2658
9122
53
845
916
1474
7871
3203
6525
62
9419
6524
2848
1171
5761
9205
2888
4419
5650
10104
9421
3932
4636
994
10123
4683
5897
6964
10189
10221
1671
6775
5007
1883
10229
2156
7629
5817
5372
8578
10377
5631
9819
2975
5803
2791
4554
4353
9720
3573
4581
7016
10070
4019
6311
8328
134
9590
3980
1200
5731
1670
5978
97
3858
6432
2412
7590
2742
2329
2326
5738
3829
1378
5943
2909
1353
1988
8629
9977
1414
4164
8136
8254
9127
2581
4495
799
2548
1308
7133
7854
2471
5786
7911
2164
5858
3281
8895
9477
6740
5619
7163
25
127
9982
7793
68
628
2828
3996
5176
8058
2989
10434
248
8615
5356
7801
5167
10368
7466
3998
5432
8830
8901
1949
8188
5234
6430
5723
1868
1438
9492
1537
2417
596
7892
7611
7219
3093
7327
9675
6531
9543
8623
829
9641
5802
6566
653
415
5992
3178
661
4275
9712
5425
1290
901
9902
9340
1099
5532
7290
1735
7089
7770
2204
263
1578
5294
6762
4719
3442
3017
7634
4887
3239
6691
4665
2595
4009
1850
813
1054
8949
8673
3942
5572
8745
10042
7145
6434
7929
7951
9842
2741
4092
3904
3004
7247
3805
6075
8574
6989
8465
9809
7526
555
983
5722
836
7945
7624
9416
1125
4095
1270
8386
9501
3313
1509
8464
5949
9316
1435
316
7307
1639
6415
2631
6428
10424
1287
4161
6001
2639
1047
3157
8239
7399
9868
714
4476
4015
6302
4666
6168
8108
5280
7072
539
5651
6295
3867
3878
5835
4781
9013
8552
473
10228
92
3841
9592
6210
10344
6950
1203
10376
4978
7678
5269
3368
1721
3375
3189
1219
4514
9986
3249
7686
2034
10074
8946
4565
7137
2186
4225
3333
50
3821
7673
4154
10041
7230
463
4966
3765
3500
9289
8117
1752
9150
2561
7353
4513
0
1614
4320
926
1524
2460
4723
1105
6967
10302
1751
3163
6213
9007
8887
4347
3456
10447
536
9051
10381
9453
1052
2858
5250
7713
6431
15
1792
345
1723
4839
10431
10031
1598
8543
1828
3460
5257
1611
8428
8478
4830
6123
2217
6327
3457
160
3836
2735
381
6879
5219
4483
2438
6416
804
3728
8283
6246
6937
4170
6147
3499
5842
4094
6956
2344
5612
7491
8977
2146
2199
7646
3135
5599
960
5105
8173
332
6917
3459
5127
6770
3750
8586
4321
158
1786
9588
1917
5770
1516
5267
4506
5169
6399
400
1829
7071
9829
7586
6040
1521
1028
9088
7240
2878
5810
9000
6811
5104
7288
9045
1398
3344
4397
5872
4491
1841
8065
3206
9015
2588
10138
4136
1288
4508
2992
2959
8407
1242
7129
2562
1644
5573
6957
2922
6094
1777
6697
6487
7630
9974
3727
1714
2762
7743
1370
449
1839
1504
8549
3641
9314
7513
6537
2126
4069
9407
3603
9894
9642
9979
9621
3052
10309
4731
3265
3847
7074
8645
3774
2008
8948
7909
4338
10258
6404
1215
7863
6461
8761
4505
9971
10372
4553
9037
1758
4497
3602
2448
7874
1865
7168
416
5131
2315
4176
4113
1017
7823
8067
3139
4372
10276
7479
7664
8514
1787
3783
8311
2027
5954
6438
6257
2912
3734
9811
2416
3092
1616
3850
3700
7637
2904
560
7061
6268
8471
9230
5070
4020
8530
7473
835
1943
9385
9076
3585
10426
4882
1937
2349
6132
4776
2626
4404
9066
6043
3016
7045
9540
6373
5260
9104
6102
1978
9756
4818
3673
1411
4614
9628
8121
7641
8678
4265
6685
1141
6484
8175
5014
8394
8838
7825
10330
2589
9637
4252
3759
4927
4694
8003
8257
5751
3479
7309
3913
1167
1674
6406
5499
8167
8972
655
9846
320
4606
2860
4650
7056
6270
3964
33
8947
9746
784
963
8352
10259
9380
304
8712
7767
9287
2302
7791
7239
8777
7070
10246
8158
8309
5313
1725
3158
4442
4286
9445
3524
4844
3965
5040
5957
2048
5983
4471
6350
7914
6321
4104
5175
3304
8047
6294
9539
3142
6766
5199
1627
6027
4278
1454
9689
7334
5310
3849
7209
942
3897
8299
1431
2312
5046
2591
10324
2187
8098
6528
5173
9496
1232
623
5051
2497
1475
4384
8995
1918
8110
2444
4913
8677
4945
1636
6045
8940
5808
8780
8837
9722
3365
179
1390
1511
4580
7723
7368
2659
4441
9988
349
1093
3066
5747
929
2502
10397
1447
2324
1994
4250
8487
6271
6849
8344
8302
9602
8427
5473
9638
3088
7198
9678
3672
8069
9724
2282
2090
1506
609
1250
2981
1936
7950
4433
9872
3291
1261
10390
4202
2544
3318
1525
1791
4345
5019
6297
1015
4431
399
8818
8519
1426
1879
5115
3073
9451
6822
10415
4590
8752
847
4884
7280
6359
1218
3693
8087
3564
8511
9733
23
7693
6573
4662
10090
9881
9085
7710
3089
2686
2323
7425
5509
3103
2040
6962
6832
5134
9427
2835
3343
30
1560
4747
9836
4461
10326
1552
8439
2059
6871
7006
9972
9500
3928
1890
9936
2280
2208
754
7593
5036
6355
6502
7794
3828
1652
5000
161
9898
9186
4359
9965
7647
3215
8002
5095
4239
8654
4635
4242
996
2597
6577
8982
882
6976
6852
2628
9828
4968
8970
2523
8632
4802
1371
8454
8416
3865
9219
3095
6351
405
1930
2540
10143
5830
516
10188
7561
499
7151
8218
3903
6212
3021
6353
10155
9310
6083
1316
3152
9207
8961
8787
3490
10054
7654
1619
9334
7676
2400
8634
4268
1361
4778
9869
9682
4059
9432
5608
651
5196
133
4890
4576
139
3800
6181
2534
2446
289
7796
4909
1925
819
9312
6798
2346
6611
6220
8721
4411
7408
2727
242
764
8025
4542
4120
10015
8171
6417
6073
8575
1206
10217
6229
2308
6008
9959
2441
5670
677
8189
2250
2972
3031
8971
9072
2191
8148
2317
2500
3593
2047
4638
362
9472
6680
6287
9824
740
456
8591
6830
8050
9275
8176
2456
9524
4539
6452
8722
3251
7677
2301
5863
2475
5749
7930
1814
10191
8113
4489
3279
190
9019
3102
5944
2654
10026
640
2214
5715
8653
3632
2610
1053
2805
6727
9425
8419
10203
10146
5035
262
7008
5955
814
1043
5088
476
5585
3768
4272
7684
9073
5936
7492
10046
7988
1659
4042
1979
4310
5859
7834
8374
8532
3518
5308
5998
10034
5311
2347
10038
2594
2091
8525
3911
28
1104
8796
393
9172
1433
7476
1450
8517
7994
7041
2774
8665
4198
8801
4291
4316
9839
4659
8141
9094
1123
8195
10358
8367
5094
441
9035
8430
1251
7869
10242
8123
6640
3148
8016
2114
3696
8709
1395
1775
6128
8402
8807
2743
308
6407
10131
8221
3956
407
8643
7467
762
1654
1566
3826
3299
10109
9554
6494
7363
9117
7505
9450
9911
336
6530
10147
7278
2177
363
1178
7144
2868
4976
6007
4131
7372
7202
10269
7729
1143
5400
8874
8674
10294
9815
9750
8329
6310
7094
685
9834
2181
3933
5829
6195
7946
154
1366
10156
4647
2463
9924
5211
9644
5351
4668
9647
6499
7238
7039
966
4575
5929
766
2583
3790
6584
9484
7376
10264
3752
323
5384
6581
6606
7218
2147
657
3955
9481
9383
7124
2698
2287
9222
4364
9926
4263
3032
9854
1527
2809
1072
6880
3211
1176
5950
9359
919
489
938
6729
4977
2381
5915
9247
1027
7902
3510
6506
7316
392
10243
7959
2754
7152
6313
9909
10295
8
5875
7461
7263
1753
8376
2423
1575
2978
3864
1279
2206
6068
756
1836
6318
8388
2313
638
1056
9096
7620
6722
5116
4282
4139
10006
7758
1658
10158
1337
9616
7527
4641
8715
1851
816
8296
2115
2584
283
6575
6813
5888
716
3610
1731
389
8182
9060
1188
4305
6594
3754
5444
4199
9595
5195
8594
1230
7392
7583
7868
8387
306
7546
3986
2900
2995
751
5940
5959
569
4077
3769
1701
9694
8126
1727
7687
2564
7934
4325
4618
10127
1623
1369
9136
6661
7132
1186
8233
6000
9203
377
9596
7896
630
7653
10328
295
1976
10193
6851
3630
771
7856
7015
4251
9456
4759
4849
5725
3177
4289
9324
2087
10380
1061
521
9718
2065
2730
9011
2265
8191
6202
5330
2139
6450
7884
2086
4231
6886
5285
6433
5194
3063
922
5549
8589
4899
2332
7512
1440
2676
8362
3013
5085
9656
6737
2820
9097
2358
3467
728
119
1010
7171
2052
2069
6198
6411
2777
191
9768
387
674
2944
8111
6026
4705
1197
7547
2020
8556
340
4568
10061
9216
8795
8144
10374
9262
1559
2968
10148
5465
5107
4155
7508
3871
4324
35
8125
4891
2176
8667
7437
718
10165
7193
10168
4226
6427
221
10094
5570
3552
73
1953
7110
8039
8134
1424
1264
324
1585
9879
10192
4374
810
5493
5491
1852
6046
3895
144
4048
8132
7284
1392
7921
8397
2592
5746
7522
690
3962
1767
5151
1007
9473
8602
1985
6419
5031
1997
8585
3885
1840
8644
1551
1356
9270
5669
7480
6558
5576
5533
10251
4389
8236
3199
4071
3385
4730
906
5318
8417
7984
8635
6061
4674
5855
4918
7241
992
5471
8485
1932
5435
4924
1101
7242
7281
4236
5464
7558
1137
10130
1781
3076
2341
130
9735
591
1135
5395
3110
9589
1961
4675
10420
8582
7511
2413
5010
2621
1973
5122
9692
10140
899
8159
4468
4988
3419
2733
6291
648
10365
1531
515
5852
3984
103
4054
10012
5884
3134
8681
6520
6526
5023
5181
8652
3399
7501
744
6244
4669
243
8029
3898
2304
7441
10427
4011
4106
8333
4783
9605
6862
2921
4745
4036
4035
8991
3625
3054
5053
9480
5580
309
10009
7100
2869
397
9078
8861
2430
4634
7563
4855
1448
10371
3758
108
8467
9783
9454
5909
9144
1660
3598
3371
10117
2674
9277
796
2085
7741
9774
7421
10405
874
7812
5630
4183
5184
2750
9806
1119
4233
5645
4406
2469
3659
4520
10370
9913
5635
4774
8633
3278
721
10404
5694
2841
9057
167
10247
10185
182
1827
6569
486
7273
5644
1244
6099
6103
6521
8088
9687
2558
8593
7447
2881
2672
4273
3629
3034
2464
1477
6966
7022
1483
1333
9702
2585
120
2316
10435
1295
9832
5742
9791
2946
10402
6612
6329
2864
4608
8408
4613
5772
3614
1314
917
5657
6360
920
9012
7550
6110
9305
1108
10292
8303
7397
3207
8103
3104
9939
166
9249
3338
8169
4917
8491
4986
6944
2262
4866
3883
250
1826
1542
7126
4339
3471
8370
1864
4246
4204
3809
8746
9650
3722
9968
2518
5287
7135
8286
1211
342
1381
1273
7105
9155
3588
2025
4073
7017
4865
5621
2435
1303
9784
643
6003
11
6464
3946
9997
2994
3802
6320
34
1900
8015
9208
5024
6190
3631
3277
9491
5366
2952
5221
7109
3268
1432
10200
3741
2927
7649
1520
57
706
6898
7999
8488
7720
10279
6440
6779
9126
3886
325
965
1198
59
3766
10066
5332
528
5583
999
2468
4068
9580
2457
9657
9325
9074
9036
9382
1505
4051
7256
3936
5009
9323
4475
9131
5488
10005
7703
7010
9531
61
9625
6354
8735
215
2987
200
9933
7234
698
2180
1000
8145
9853
372
1892
7613
5252
141
10064
9199
317
9494
1179
1117
3260
4303
6906
3335
5224
1743
769
8698
8939
1869
5795
10305
6892
4644
7947
8433
9195
8524
6667
3086
8196
6675
7099
8897
3336
1063
1455
7180
3175
8984
3613
5451
8695
8747
7610
6889
1662
6472
3074
5689
305
8393
4096
5437
2681
1675
55
9698
6039
9376
4827
5349
1608
9140
3172
396
43
3287
3682
8232
7813
5244
3111
8429
8875
491
353
8857
4174
1274
4935
4240
5806
9745
8310
10101
8849
8684
5850
9251
9424
6909
5832
8967
3621
7985
4423
2765
1990
6664
9391
45
5595
1844
2693
4229
8580
9468
6366
9705
8005
6013
6686
2172
4904
3246
1643
5931
1824
649
6556
1711
2124
1233
3520
6741
8892
10308
5383
6227
1800
1555
7986
7305
8754
7384
9810
7917
9116
6308
3796
7048
2720
5109
1069
2270
75
7753
3804
4765
2666
7424
673
571
7068
10401
1746
4850
7918
9438
10093
8143
3852
9018
6369
4872
6473
303
7842
267
7775
5359
8224
8010
7706
713
3117
8870
7919
3131
898
9862
6519
6637
4018
3703
1185
10194
6669
1656
6549
4901
7860
3229
3746
6189
8917
7736
2363
7535
5428
6651
8481
3351
8327
8497
5459
6619
3496
2221
3920
2657
6101
4563
8500
3526
4521
1035
7464
6288
3830
932
4642
1904
3062
7030
4649
2058
10364
2032
3386
9742
859
5171
5522
7157
4046
6155
3535
1278
5767
7850
4678
4973
2661
8194
6012
5393
2461
4532
8829
6938
1260
2286
7454
5548
5707
2166
852
7976
9053
760
9607
3675
6806
2792
2228
5941
5158
5607
2818
9818
5380
3126
1567
9874
7500
3906
8877
4691
2192
7430
4754
5684
4538
5353
4858
1476
2360
1306
2655
1683
4584
1192
3407
8363
8252
1136
6429
1471
4903
1425
9070
9891
2294
8432
1324
9358
10283
8107
7000
10121
1253
266
7438
4739
258
10389
2723
7482
1867
6953
245
7615
9721
5805
9054
801
2520
4172
1313
6309
2390
6331
1744
2985
5831
4595
7097
8915
2563
1001
9255
6955
5717
6482
6660
5664
4627
7618
566
5642
1075
8294
3976
3090
421
6602
4422
7149
5973
5591
4597
5914
7367
8921
3173
271
5381
6515
9004
9201
8037
2537
7562
5880
1182
889
10161
5610
331
6848
9024
5282
5216
2683
4457
6877
2837
4624
8105
9927
2185
7616
7781
1726
3522
7075
1975
1637
7901
4888
7264
3815
5345
3354
4857
885
70
4410
7452
9346
4362
457
834
10423
9994
2077
4405
3302
10084
338
1860
4037
1854
6218
8853
988
3905
8238
1236
6200
4206
604
5316
5404
4258
5663
7887
6192
8618
9318
8435
7320
8301
1921
8937
1882
5956
7314
4156
10000
414
4145
2695
1772
2421
10256
9561
6681
9429
5368
8377
3555
10153
5964
742
3078
1441
8924
10398
601
5241
6824
1749
3324
8542
6769
9518
9344
3776
1545
2701
7688
6104
3227
4287
4860
4893
5927
2617
4110
1039
4407
6362
7557
8508
2838
8998
3298
2260
5534
2197
7455
8692
2082
8624
5920
4296
5702
1114
1199
10412
7063
9912
10351
627
2691
6010
6914
2079
4302
6228
9800
9816
8356
4098
7802
93
2484
1256
4180
4194
4889
2794
7043
2527
4805
8153
3216
6022
5769
230
6093
9514
107
2267
7248
3813
8559
7533
4717
7323
4090
7636
8216
5270
8086
9375
825
7809
949
5538
2175
8988
3590
8249
2622
9077
6683
8122
10239
4706
1494
4809
7405
6939
7445
9731
63
3798
9635
6034
2800
4086
6604
7005
5678
9653
7963
4
9087
9987
2420
10334
2532
1405
5062
9556
5699
1888
7114
6760
3256
9446
2119
1234
5124
1801
3537
4846
7754
6538
3704
2327
3757
9170
4958
2529
5300
6109
9794
9867
3065
7179
8534
6714
3949
753
6471
9157
1693
3652
791
1221
5700
2195
1113
10439
2606
4350
1057
8078
5008
16
955
7519
274
2252
7899
9594
2219
5520
4533
9667
9861
10003
7764
9378
8798
3960
2068
4247
9789
3317
4294
8409
7589
125
3719
9156
9586
5018
4211
625
1190
6208
10134
7551
4969
5321
7870
937
6077
9673
873
6781
1156
5881
4591
3498
3874
6490
9381
2066
3080
10296
6642
7361
5569
9714
7667
9957
6134
8976
1
7755
8669
10039
9399
10325
6777
7588
5977
6710
4152
1872
6496
7119
8626
4262
1025
5615
1518
5574
6298
6522
8562
4003
2967
7790
428
4528
2525
2649
2799
185
2856
2770
1934
2948
6988
9886
1407
5708
9265
3267
973
4284
2256
1112
6644
4546
7778
5734
5728
3465
4535
5568
10166
8749
2745
6478
641
4285
5087
5701
447
7735
4617
1748
6388
2477
3718
10350
7358
6211
1734
3789
4534
4923
6823
7829
3262
10133
2465
3839
4116
8503
192
2545
4121
10363
1217
5656
1246
4266
1019
5752
348
6774
10023
8440
6091
8909
8599
866
1376
4952
5972
4932
6409
7388
6425
998
3301
1406
2855
4223
6322
1042
9236
4196
3782
10333
5305
1014
9482
9095
1348
2257
3697
8723
731
1429
776
8612
6261
9415
9651
5429
8641
1795
2491
980
1855
8880
6325
3400
7689
2160
2678
7949
8322
9593
1549
10162
5083
1653
3779
3662
5511
10225
4656
3312
6468
4807
6700
1328
418
10202
5787
9404
1602
855
3334
4859
5869
6105
6346
9557
10097
8750
3939
6054
1612
3845
4695
9534
8438
6019
6378
269
1496
2383
6940
1581
7792
6178
2242
3581
2531
7235
229
8686
6884
8926
4175
8925
9338
9362
2307
2880
444
610
6516
10452
7206
3387
7058
2899
8112
7161
2596
8124
8510
10052
2600
5436
2283
4088
7552
9168
6056
4812
3640
7385
9238
3646
8603
5605
3497
7471
1344
9326
5407
8539
4623
9755
6603
3931
4255
9188
8791
3784
6207
4103
1620
5718
7262
10293
5309
6739
5905
3181
5153
9413
5709
5039
5204
3827
705
6055
2005
3176
6500
3794
1245
5433
1995
2021
6023
1895
5518
4716
5716
4375
8389
7661
1550
9109
7536
7497
1161
2046
9920
1981
6230
840
7369
7627
9942
1126
3624
6750
8663
5711
6986
8828
10011
6666
1336
7279
603
3674
4910
7560
2533
7865
4760
4306
7315
8764
104
5692
2236
3724
2098
1920
3433
22
846
2277
979
5732
7784
2298
10195
5240
3935
703
2451
944
5797
4351
5686
8499
9940
9345
2971
1044
6397
6356
2057
8628
5611
7313
2719
7509
5997
2481
2439
5357
7769
6625
5996
10118
3492
8568
8313
2382
6289
8560
3924
2550
2013
3205
10082
8724
7817
8779
4944
210
4629
9217
557
931
5886
7489
3639
5904
8335
3068
831
1730
5069
6510
7460
8546
7738
6255
7469
2804
6312
2536
9449
7261
1866
3677
3669
8341
9239
8689
321
5529
2354
6092
3273
9351
2703
10057
9845
2485
8858
10187
9403
3018
2279
10201
9961
1160
3226
597
9547
5594
1259
8540
4610
2700
647
7811
5887
3771
8365
3449
290
7390
1443
8008
8821
1382
4602
5547
7047
1317
1372
1889
8957
3978
7091
8520
6480
6410
6961
1702
8279
10035
7026
3538
10453
1252
6488
3293
5643
4971
2337
2016
9688
1515
246
759
8043
7645
2357
5560
2512
7873
3647
9804
1013
9747
1412
4281
9055
10262
9124
9059
9063
1535
712
8944
4550
4125
6954
8907
5811
76
8384
4504
145
9288
4480
1323
8359
6398
6588
1553
6454
5530
2273
7666
6866
1613
4477
2937
10446
7877
5714
9629
1066
1863
3665
608
8076
6217
750
518
4560
1913
6130
3756
58
5207
1682
1489
8770
8703
9049
2336
871
8211
1423
7187
9393
3413
9428
3893
7965
6009
2713
5847
8757
865
2819
7190
7147
758
9436
6800
2486
10396
8906
578
445
5513
1094
2551
5755
80
3567
701
7584
1342
9058
5091
10196
359
7742
7486
10154
7422
10422
6239
10310
9198
7380
4529
6188
7154
2919
3680
2117
8882
822
7201
7938
2882
3627
1606
2729
3820
5206
7515
1079
6751
8513
4897
3348
2130
9763
2353
10274
3812
1626
7276
1891
5735
8576
1939
7510
1363
5179
7195
5090
4023
2815
8453
5693
6627
4524
8859
2299
6748
3331
9075
6278
2653
3144
1776
4661
216
4243
6504
10122
156
7101
3915
7843
8985
2431
1074
6064
10037
2473
7982
296
369
5246
6820
739
4577
8717
7232
9603
3307
913
7942
5559
6248
2783
8975
2074
1916
8001
10444
7275
3292
6088
83
2557
6635
2769
6264
5986
2105
4056
255
4304
8466
8320
8260
4616
7542
5160
233
2409
6052
5029
8306
8782
8636
4709
3453
10331
9863
2647
7815
3038
1669
9608
4512
1355
2096
2830
2399
8707
8368
599
8255
171
1543
5688
6436
1012
6087
1631
6557
4547
3064
3030
333
2928
6684
137
8700
436
9604
2056
10237
8398
4393
8000
10432
9444
2898
8184
6235
5138
1694
3451
3974
3191
5209
4758
2434
7271
327
4841
5695
4341
2453
1148
2530
7021
3468
490
9885
7272
6376
948
5666
1460
3035
774
8611
7053
4486
454
5896
4343
576
2781
7093
2171
4657
6797
3744
9923
2368
4772
3778
3403
4066
5354
2951
9781
3772
8197
5841
6605
9510
2513
6882
10092
9489
8060
382
3072
1402
2132
206
3685
1856
388
4070
7176
9105
131
967
8788
8719
3856
9739
2063
4487
3332
5382
1771
768
9855
4119
8228
7382
234
1958
3454
7957
4041
8269
2816
4603
398
7632
6017
9633
4267
2761
7524
6933
5314
7370
2690
8401
3860
7556
110
6145
8149
1097
8053
7191
8234
2245
6030
4057
9807
10445
8494
3097
4810
6836
5783
6002
10204
10240
997
1705
2038
6259
8916
3186
8662
9826
7836
8994
8741
8737
8371
2726
975
3136
2504
8448
6991
2814
5740
4380
8290
1991
6746
8963
6242
7785
9622
8082
5736
8587
1605
10198
7189
6300
5846
4941
6687
7719
4768
9553
1540
9294
4726
4157
8071
6301
7023
9040
3418
9081
6150
3834
8679
2071
10236
820
6763
8809
10320
5208
6583
1255
7427
477
8395
8851
5648
7702
2568
10306
2231
7243
7223
6279
1835
4764
2810
226
1319
9865
552
5584
1226
5376
3650
9679
9031
10126
6912
2452
291
4455
8064
5877
1610
7457
4561
6304
6863
8250
2014
7516
2933
9646
4837
3532
8501
8639
946
7507
6767
7733
8583
1389
2427
3508
3921
890
5026
6716
184
2495
10315
4396
5123
9026
4744
2635
1692
1240
8856
2369
3612
6445
1810
900
8728
5476
3359
9572
7783
6812
5494
3622
6688
4496
4439
10241
2601
2538
6347
1385
632
4847
8115
3770
9440
13
5136
6744
2609
2964
3599
2566
2602
9661
7831
722
6808
239
5917
9975
9527
4421
5155
5838
4720
4138
8541
1974
3973
8954
3321
358
6874
4961
5782
2778
7681
9575
3503
4191
3326
10450
7300
4525
1473
1508
520
9581
1887
1911
2167
10234
6467
7269
9989
7970
2375
2811
188
3437
7922
8268
3930
3645
6414
4039
3250
2803
970
1924
1901
7916
6266
2362
6757
7927
5981
9512
5215
3462
1948
6272
1396
5727
4213
5753
10049
1998
9639
5086
7845
10316
952
3061
143
493
3578
615
3436
8529
8847
1499
5438
4450
8154
3725
6973
1648
586
1972
5057
587
440
8343
8627
8928
4822
8051
3369
4171
4725
5255
2153
8422
128
2802
7549
3620
3767
8566
6469
298
9993
6626
7254
1782
4588
7751
1036
7765
2991
1554
3958
5391
1271
6607
2144
6375
9730
4795
2123
7379
3912
2776
4274
4331
8200
5629
2165
4871
6910
7981
3040
8884
4368
10359
4277
2849
6730
3842
9645
10105
1222
2535
7989
8022
10136
7768
2489
5385
3818
1986
7177
9690
9418
9752
1497
4752
3817
3309
1285
2170
4193
2572
2393
4333
6893
2143
1557
7933
7339
2386
927
7612
8085
9883
4707
5834
8420
1065
276
2462
7683
3781
4813
3105
9410
5861
7066
4883
4711
4159
6676
5080
5550
8493
5527
8021
3994
9659
4108
1191
8223
9613
9319
6365
196
10141
8152
3396
2923
830
982
7804
6333
152
5301
2128
4290
1757
6314
8287
8177
7366
9619
5456
6632
821
2023
2474
8415
7446
10099
2342
7897
3384
6225
6829
7344
4954
8174
6551
1034
3425
9138
6809
10150
9327
10124
2640
6745
6552
6615
202
1453
9098
10103
1315
9827
5553
2352
9152
8979
3241
6543
91
7033
9163
4358
390
577
1912
8862
8839
3891
8048
8147
727
4630
100
2499
8969
2766
9946
8146
8166
1434
140
8372
3870
7888
8800
6028
3877
7080
9250
5477
2300
7141
8873
8256
8631
135
9364
1510
4975
4959
3458
1501
5854
7656
7079
7962
3130
5191
4436
3155
214
1750
6668
612
2247
4313
7961
4308
4012
254
5671
3036
7675
4210
1159
1349
5825
7459
6590
8026
3488
10033
5012
5307
4991
4444
1945
8247
464
7857
9402
9010
5235
897
404
9434
3934
5274
4994
402
6650
9785
9759
8477
3247
9576
7839
4479
6135
5961
9474
3087
10448
1805
5302
3441
84
9439
6609
5047
8822
7103
5379
2133
3979
2158
4143
797
4803
4632
7402
6262
2135
8905
8783
9648
7958
6589
2767
748
9365
4162
9520
7153
1238
7432
4527
8854
496
9483
198
5951
1122
1041
8411
3902
7356
482
8226
9793
2200
9611
10068
6377
5292
2210
4895
8768
1663
4177
723
7214
6275
2248
8833
688
4579
8304
8740
1263
1067
6855
4821
4408
3000
10329
7117
4220
8280
4228
4967
8590
5225
5542
9339
8953
7484
2222
488
9272
1415
6385
2705
3676
4926
356
6920
8355
1745
7003
7818
5775
8699
7602
907
4328
10050
2384
2151
3145
6883
3944
4828
3848
9069
7763
32
10175
3894
8120
5467
8479
3003
7311
288
2906
1267
6006
3553
3600
9279
7569
6548
8364
9499
5995
1131
5777
3592
9166
6372
694
5744
5613
2633
4337
5487
1650
6561
7665
6764
8095
256
9353
904
8089
2598
1876
9728
9369
3810
7040
7779
9006
4230
7679
6613
8538
842
2715
10116
9286
987
729
8883
3349
934
8178
5187
10111
6136
7650
5291
4314
5672
9551
1724
8140
5843
10232
1571
5938
8272
2443
9067
1595
9452
7188
3282
9357
2637
553
6274
594
1859
6572
478
6591
9135
666
3315
1815
7122
3408
1818
5564
1465
8412
8295
3517
2983
9431
7628
3626
6533
7520
7046
613
2710
4732
7514
8202
1030
9937
10433
3478
5724
5906
9533
1952
5398
851
2871
5889
6031
10208
2478
3046
9612
8300
5358
8565
3270
2963
5680
3737
6371
1846
1142
8760
8083
3515
1339
10336
9666
9901
9910
5892
2889
4676
5052
1127
5685
4470
5510
4964
912
480
9395
6458
7553
9392
6759
9253
6231
1103
7136
9137
3985
8222
3611
10190
3507
8860
2385
9992
3428
2426
7876
6721
10197
366
1544
4851
2455
1032
8606
2721
9214
4615
6936
5586
8399
3923
3550
5655
1107
3266
2395
9151
1145
2582
6116
3562
69
2870
9146
368
9111
3439
8293
7396
7772
459
9697
3044
7123
4465
6597
3531
4148
809
3549
6495
4501
8601
7004
2003
9973
6638
9582
9
5272
6796
4434
3907
374
1862
10199
7808
5440
3558
8451
4797
1970
10410
282
5048
675
2542
4936
3710
8265
2051
9343
4907
9555
1175
910
9856
4942
9618
5342
5387
5566
10227
3230
6044
4549
3196
9139
7267
37
10457
2268
2569
7340
1908
5441
7980
7760
4869
7115
1690
3482
6608
10173
7415
6922
7107
5632
423
2418
884
3528
5535
10354
2202
9563
10421
5640
3521
7826
7308
8903
10081
3393
21
2410
2615
8061
2565
1519
8531
8263
7864
7338
10181
257
7159
7893
3463
6916
720
7204
1933
4029
6665
3138
8492
1778
2960
3303
3280
5286
6942
9636
1213
4559
487
1350
2619
3726
9308
7990
10051
6706
9771
4467
5457
10298
6541
10338
3149
8845
7200
6296
8092
7174
6918
1201
1538
3123
10184
7304
3882
3083
7721
2078
7848
9218
8648
7474
4473
10282
5076
582
3582
6033
3070
6689
5812
5541
7725
6888
500
5507
1293
357
7111
6974
10083
2997
3002
106
9830
8704
3113
5713
7674
4836
5773
1487
3431
5525
8100
2099
10230
4382
8597
5764
367
2319
5454
8986
3901
6241
9273
9282
5355
6390
9488
8755
4264
1747
5365
1587
8014
6819
6035
7009
7478
7838
4594
2255
10399
3213
8816
7534
8183
9154
9560
7844
10139
5461
3554
468
4034
6600
7968
935
5521
1207
386
4454
8410
1388
1530
1006
1205
9213
8070
7127
3168
5409
6993
2913
9838
411
9640
6673
585
1121
4908
3832
974
8942
2567
6949
5370
1630
7904
2839
1420
9831
4949
4322
3873
5060
9892
8210
880
7928
763
2015
959
2343
8762
10115
3831
10319
5506
2897
5562
2660
1257
5032
7268
5891
3835
6345
427
1153
8731
3411
1691
8966
9908
3519
4601
5807
860
183
4604
1755
9685
6455
3392
147
2990
5729
6219
9780
7330
8017
4234
4671
6672
9919
6080
9336
8383
5757
1906
3058
2954
5448
5186
10379
5180
2924
9980
2956
4307
6587
5893
10018
8554
1684
4906
8129
4832
475
2411
8106
4319
5143
8390
7403
2734
8456
9299
5637
10375
4481
506
270
4619
8955
3653
1031
2036
6462
8950
7832
5327
1345
10411
7786
7418
3661
1968
3926
3470
5067
2901
7891
7752
5405
3695
708
7205
7355
8156
2076
7406
1258
2511
5417
5156
614
6465
6422
275
3636
6629
432
8055
5245
843
5401
6153
8666
5821
5360
2680
2801
2652
209
5449
9770
676
259
6368
5673
9729
5864
9866
227
109
10063
9843
1147
8702
4371
2949
8876
6477
395
2706
7694
1280
2026
767
8473
2271
4780
2677
1858
4000
7488
681
2840
4611
3429
590
2914
5324
7128
1410
9970
7539
5141
9047
2225
10367
9887
4207
4499
10281
4930
6705
9335
6535
2608
9775
7973
169
9176
5828
2183
5652
8646
3244
9020
6846
5822
953
939
379
2984
1051
6717
8799
9932
4620
6790
7803
8869
6511
6395
6923
3053
950
4146
9623
102
5157
2432
1210
5423
7413
7274
1081
8240
5443
9332
9420
4008
4746
9162
10288
8028
9703
6614
7025
7787
9367
9495
5202
1944
808
10167
2050
671
6987
8424
5188
2442
3668
8555
1870
3098
2969
8104
7183
2269
8521
564
1157
5945
87
4756
8792
6240
5844
10260
6787
9631
7717
1393
7052
9302
4929
8672
2763
3735
181
4680
5347
6592
8444
8775
1165
1493
5468
3761
5328
6867
2528
9686
1769
1413
2241
1266
905
6512
9233
9796
9475
8536
7698
5340
4443
6897
9676
2787
6984
8507
1193
9769
10056
1926
6151
7341
9876
8616
969
8139
2234
2314
3918
3945
5268
2632
6703
7414
5078
3339
8443
10385
5112
4427
5135
8729
2470
686
2651
5558
5223
14
4536
10451
6736
4203
6441
5064
2095
9187
6641
9435
2466
10212
6201
27
7165
5646
5754
1713
7543
8981
867
5545
7416
9559
2519
3684
174
6817
9668
10086
6197
5536
8476
4578
6492
8932
3666
101
9587
3475
4980
8288
6408
7554
3212
3330
700
2753
5745
142
2138
3929
4459
67
7819
3106
225
1086
1584
5415
6193
3605
3075
2902
7435
669
10255
8165
5037
10053
4993
7292
5947
602
2355
3495
4150
1064
8469
5848
5544
8804
6258
4698
7705
5878
6598
896
2415
4586
3909
8736
7194
10132
5870
8101
6814
9848
6778
2675
6568
7055
6029
6065
10231
3628
2224
1059
9107
8119
1005
3082
7211
2724
5163
6622
1784
6466
2374
6299
10137
6647
8865
2285
1712
9165
3316
2251
4259
8964
5075
1427
8470
8734
6053
203
600
9664
1590
2129
8185
442
5546
3122
2607
6280
8012
2188
3461
7601
279
3854
2244
1326
6481
749
7442
8441
1742
2378
6392
9433
8535
1834
3077
838
4401
6985
3787
1296
10151
9455
3760
6337
5165
2408
8619
7600
2029
2407
6861
6157
3967
6996
549
2080
5220
3218
2
629
8826
8392
7411
5890
6315
3925
5794
7697
7623
2867
8670
2377
385
10248
5498
4224
2494
7410
1589
1430
6565
3118
4950
4417
3572
878
868
7898
2843
5198
4873
1574
4796
4124
9624
5839
5900
9598
10058
1281
9328
497
779
8275
7816
7387
1896
4280
9071
6394
64
1596
1322
3101
3297
3424
7490
9463
8360
1938
4340
8164
10022
2424
9322
3308
3357
5042
3071
9652
8243
1359
6138
2061
7227
4753
3355
3193
1942
6895
1848
9573
8570
5874
146
6121
978
3606
10209
9373
1765
7303
1733
4690
505
670
8482
6292
7575
8307
954
2966
1517
4464
8072
5399
8314
4835
8544
7997
7333
9859
877
4212
10357
971
1709
5106
1439
9736
96
9304
376
4700
10218
5616
2296
1716
1591
8607
4111
5790
8676
1262
4141
1049
9584
10207
8172
8945
1811
8342
6084
6695
10213
7828
7259
3025
1628
1569
6041
611
5989
8871
7196
5849
875
1383
5923
9878
9562
8193
1391
7788
8714
682
4640
10152
7789
8965
7640
1907
7087
5833
5262
7995
583
921
892
5681
5338
7889
2788
765
3576
3116
10277
5232
5132
9041
1456
8241
6260
7423
1661
7858
6624
3657
10440
6172
3214
7621
2725
10272
8066
4557
9261
4715
6067
8518
2506
5317
9447
5273
8009
9108
6131
7718
2163
540
7567
7658
9744
5419
89
1090
2290
1446
7671
4394
4912
1803
940
1130
8614
1320
8756
5001
2141
2238
5434
9064
7321
10113
2789
8827
9798
1004
2866
4757
6204
827
319
8336
7120
947
4920
5933
4074
6018
3692
9662
6223
5653
4133
2915
7208
5121
10085
3855
6719
8571
6804
6715
2253
9021
4027
8020
588
1622
2910
1514
4548
9897
5119
8080
6850
2850
9684
7660
1016
6158
6403
5170
6058
6236
1102
8989
453
7633
2586
1445
9969
9985
510
2638
547
3160
10216
7059
2479
9813
5798
6752
6659
4996
8769
2043
6124
1894
10045
10106
3775
6238
8934
4510
1331
153
1664
3132
1352
8651
9412
6282
3112
2599
7348
10176
10215
9709
2498
9043
8340
9896
1681
2311
7037
1058
5482
6872
8219
8802
10382
7306
8093
1140
2752
3421
624
7648
4458
5503
7782
9258
9704
6249
8958
213
9240
3691
2196
659
6670
5589
10353
5840
2291
3438
3527
4998
9266
111
4430
501
4344
4201
5420
6513
5470
6696
9953
2623
7470
8588
1304
5159
7882
7940
222
7322
1472
4022
9817
2731
4848
1902
3477
1177
5061
2104
1719
2717
5598
6167
10312
8180
4862
5329
7169
9276
7350
3328
1458
9161
4115
6089
3447
5517
1779
3432
1642
7642
10428
3793
7139
9143
5516
726
3587
9206
8527
8872
6580
8114
5497
2118
9311
4028
4582
3153
1254
6090
8567
7212
1768
5748
2546
9485
6951
8625
8647
2148
5662
7213
2007
6412
9231
3910
2509
5987
1084
4566
908
466
9508
4063
1173
3570
4026
2092
573
7485
4643
3405
2962
2894
9005
10163
5932
9118
662
1762
5312
544
10072
9185
3825
972
2213
3254
10416
4123
9090
410
7462
5552
8766
9103
361
9610
3001
5539
5792
4911
4043
3862
4502
7652
189
1586
3323
5045
6927
6164
8317
9386
7685
7140
8212
8879
2656
1568
4792
4766
5952
1928
129
7837
7878
1286
5071
6095
4817
2140
8910
1668
9882
8550
6795
5237
8208
3699
3480
4330
1018
5868
9530
5561
9371
4983
4189
4140
2662
5762
2233
9570
9823
9790
4777
8496
1919
4311
2862
8273
6831
1235
3843
6071
3580
8475
6586
9406
6174
86
2574
9797
9958
7886
6616
1144
915
4519
2953
6047
6979
961
6066
4987
786
6326
3448
5120
1821
2955
6286
6305
6133
465
10220
8708
1118
3952
9227
49
6810
3190
7695
2641
4572
5162
2644
2062
6908
7078
8229
1384
3959
394
2821
644
4112
4931
3634
90
6163
3671
4168
9133
6801
976
3045
10273
2193
6977
6437
8506
6560
5306
4190
1002
4916
6413
7969
56
2926
6890
5114
244
9884
5333
8660
105
8840
642
2480
856
6545
4543
3584
3892
3039
9934
554
9462
6357
5661
285
9487
6875
7192
7051
4367
7747
6424
2487
3306
7807
2226
4712
3957
4160
803
7709
10287
5322
6391
483
4734
3171
621
3642
4469
5763
10391
957
7631
595
1507
8841
8891
1478
5276
4878
5826
9101
5953
9505
2775
9943
990
3474
9751
485
8006
5228
2552
8951
439
6267
1548
2179
7880
9091
1409
2212
9257
3995
844
6443
7523
8350
4974
7525
3506
616
6005
1830
9899
5531
6209
3574
7417
7220
9209
9229
6539
9408
3656
3493
380
2505
8468
6998
1011
7024
2689
8638
8682
3589
6042
7012
4823
3557
6032
2965
7088
9513
8929
3406
425
247
7391
2852
9042
9717
10008
8291
9889
876
2747
170
8820
5818
2905
8206
3100
437
2335
8577
8931
8834
8844
118
6180
8922
5776
1223
4002
788
9160
5963
3296
1853
6283
5275
7184
734
3619
364
4279
5089
7342
9519
5348
2570
9050
4318
4129
8881
7564
114
941
278
4531
3320
4751
3444
8358
3180
3305
5774
4881
5785
6263
446
10355
5617
10222
7102
4001
4373
7771
3210
5687
2106
3422
8980
3358
4299
312
10159
1021
2113
4030
2575
6137
832
5192
1170
5623
9430
3183
6935
9292
10343
10297
7013
7943
9978
4703
9716
2942
4356
5424
7756
7225
4453
8312
4151
4485
8246
10
6384
4651
3081
622
7429
5502
5668
6049
4024
6182
5894
4392
3721
8133
4346
7555
656
3440
1195
7049
3701
5788
6578
3389
8637
7297
6050
6426
273
8794
7528
6256
6221
2771
4622
5084
2001
2152
2797
3797
8049
5579
4925
4868
8978
9029
1789
8620
10280
7002
1593
4253
5414
9370
8716
7082
9048
4466
3347
9945
1360
2258
4080
2934
7991
1120
2853
10442
7744
579
5485
2102
9164
5528
9528
2406
5994
1347
2392
2620
3415
8595
1666
1095
2517
9099
6732
9215
537
6574
4492
5703
10317
2318
1794
8155
7258
6037
8785
1418
1332
4087
3099
180
3975
4167
2758
617
347
1914
5624
5809
7001
1528
7932
2440
3200
9044
1982
5108
8784
785
1302
9671
3881
5079
8683
220
3968
8321
1106
2634
752
2108
5478
5214
7134
3716
8405
1558
7905
4555
5265
4474
1881
1180
2648
3908
4755
2216
3544
4200
9115
4438
4061
8941
6780
5341
2780
1003
6885
2514
5827
8808
9715
3057
2890
1488
1080
5133
10373
6868
1754
1249
9535
7635
3263
9093
1969
9803
6016
2334
2482
6447
8170
10144
6965
8711
4820
7506
1083
1940
5791
3713
6214
9191
3511
1386
10210
1951
7477
1038
1649
3310
1992
4981
5412
2576
3869
7875
5054
2116
2169
853
4261
1457
10392
4078
7146
4060
902
7544
79
