173
651
233
791
328
219
59
1315
1012
1344
1134
241
153
390
1250
910
436
455
611
934
577
213
410
806
816
1368
1103
126
281
1137
26
724
1207
481
1195
1154
1373
504
1298
737
170
828
1088
983
971
992
431
1209
1081
998
946
147
819
54
74
177
403
1391
41
1241
829
89
288
1112
346
1304
1360
1376
855
1061
1339
1395
110
1124
28
1267
871
564
273
369
1246
931
959
40
849
877
1096
1163
1090
1168
1079
300
997
201
609
648
898
999
1078
30
1311
1072
344
55
472
1129
181
661
1003
452
24
772
1156
1291
152
1288
1192
243
81
209
572
12
1203
461
562
804
674
1021
35
543
554
746
141
427
886
882
109
673
1165
167
1143
786
411
1
1049
869
447
677
1406
1276
154
920
569
745
821
228
1149
104
847
981
350
512
136
1214
1142
199
991
192
1132
696
744
513
531
1189
6
645
203
355
1397
92
560
1341
291
252
949
1404
396
725
382
1050
185
533
150
1306
580
848
146
964
97
27
457
618
156
250
106
1223
506
1020
1053
1307
703
2
1227
809
1100
489
957
1333
1167
464
1190
982
1005
297
534
765
1194
1104
748
135
1382
1240
837
1055
10
1353
968
1145
948
50
1102
597
887
113
730
245
1210
321
575
911
1286
498
275
1264
1022
743
549
984
750
1174
635
29
87
514
545
1039
1198
716
1324
38
166
1233
58
1242
178
820
678
1188
525
1069
952
159
586
518
482
18
308
926
669
1253
646
206
479
1259
844
966
63
386
500
662
902
1042
43
271
741
1007
807
45
1265
1048
176
742
1255
664
1334
708
1301
520
239
57
407
793
17
9
220
866
1280
1258
218
60
8
731
414
623
496
939
378
761
180
374
788
1073
406
51
289
578
261
1248
1387
693
169
1026
1025
292
722
488
164
698
556
264
494
274
1378
334
915
473
1015
1041
977
884
1157
394
627
377
183
1115
1056
1094
120
309
542
347
945
776
260
372
1252
637
65
517
1170
1296
303
442
412
710
1340
1314
3
466
1127
76
1059
721
162
1144
441
158
972
93
1297
582
1299
757
548
780
566
649
655
363
845
357
672
1313
1305
1398
202
171
116
465
633
1347
385
370
978
1380
928
617
1327
1399
1383
834
225
231
295
921
1031
353
1075
1108
1374
1279
460
1228
1367
330
1335
990
1362
935
1106
1369
1085
456
1193
675
117
143
371
238
1066
753
615
573
691
601
19
262
1089
1027
222
316
632
857
1044
258
584
1400
773
900
138
207
507
71
387
909
559
32
541
755
478
229
227
91
640
483
607
1151
712
36
822
1001
301
589
856
665
727
42
1071
99
1172
511
713
1312
808
1244
1054
1099
1392
740
34
462
892
296
682
49
1173
1390
605
1325
680
1004
676
364
1153
1292
954
576
608
493
551
1302
131
1408
1274
1111
1175
825
690
581
1235
335
73
90
777
558
1120
88
988
327
230
811
970
904
72
735
467
795
621
1135
1166
1008
1386
781
769
326
1287
1131
1118
1257
118
792
79
796
1109
937
1237
485
1320
787
1030
1215
175
962
914
917
1348
1067
259
1092
812
1293
1349
1064
872
817
684
967
85
688
1284
739
606
955
1272
1063
942
803
916
1148
527
836
729
736
437
401
1283
105
398
599
186
5
846
953
47
733
883
351
634
190
565
858
484
395
823
622
1197
11
679
986
1130
405
244
1051
1321
13
702
256
1342
70
469
268
1110
318
1337
1310
1119
312
899
717
1038
285
123
311
68
933
832
874
550
125
509
818
515
1225
918
1352
1359
529
752
69
767
348
1082
951
433
602
445
22
738
1328
1032
1354
638
657
1270
163
246
779
838
756
1239
402
709
1037
1351
642
770
867
1070
860
339
1218
927
929
502
595
521
319
995
101
255
1159
1208
538
906
720
878
23
827
236
1113
269
1338
388
486
1249
480
592
1384
139
1318
1234
1045
446
470
332
48
217
523
425
1060
276
384
596
453
1331
938
1231
1040
368
423
652
697
103
111
989
216
1230
853
21
893
128
1176
310
1401
1146
919
711
1247
399
1034
600
365
474
1136
1000
620
294
700
290
749
567
362
924
366
435
965
685
389
1052
1033
758
774
1161
345
1181
1326
198
810
539
766
896
888
331
516
1350
4
448
950
46
799
1010
644
759
1216
61
232
193
56
630
1162
1128
505
726
221
975
895
417
53
747
960
223
1047
925
876
568
1133
1184
660
1117
813
805
794
212
16
375
912
1122
1329
670
1123
546
1222
1006
450
1346
305
985
1014
1238
226
1332
593
1028
1269
1087
1098
1091
940
1074
1171
323
1180
306
1093
751
689
367
253
340
1024
901
1160
754
95
833
686
490
86
694
1191
875
1266
182
553
338
557
1084
439
1379
1002
666
283
764
1396
1179
947
1393
1357
0
889
122
304
415
251
1273
583
552
1407
408
121
1029
1080
96
1202
996
333
775
1213
1083
124
522
1150
174
1126
1062
1282
797
930
590
625
1356
108
137
98
802
687
1236
376
77
184
1309
1011
778
1262
499
409
165
668
1101
588
1260
1403
908
1275
616
416
1221
763
130
1043
195
302
783
840
279
129
610
650
639
864
454
1097
287
325
358
1076
352
397
277
1381
1363
1152
444
1220
879
314
1377
547
1389
1164
1317
714
824
782
976
254
842
1114
658
1077
1303
82
994
208
969
706
526
859
771
519
800
1147
270
631
1226
861
1217
420
613
392
160
636
1018
1345
784
624
973
762
890
789
1211
1183
1201
1281
266
1086
1319
1068
704
492
1057
383
956
1219
234
324
1185
1251
1229
313
315
1268
798
941
434
31
379
656
715
224
1385
191
540
870
157
1278
307
64
78
532
1366
598
112
852
1116
528
1155
320
426
979
897
1141
1372
1016
343
587
179
142
102
148
1095
204
785
1199
612
205
237
459
360
854
865
39
843
683
438
293
885
1013
699
814
151
1206
356
501
52
134
197
1224
1019
94
44
265
242
272
1323
1364
841
424
537
422
1205
503
210
354
1121
1182
790
1261
626
145
430
249
1139
418
873
1295
471
476
1232
604
458
83
561
373
524
614
432
1294
341
1107
574
286
413
393
723
1036
707
267
961
1263
663
1394
1187
1178
1375
119
298
80
1158
943
449
7
835
993
1405
619
1370
263
257
419
1358
107
1065
629
1138
284
1204
1243
172
850
497
189
944
830
667
322
421
1105
200
1196
133
681
1300
1365
980
1254
491
728
1169
654
536
235
1402
440
570
603
701
643
463
194
477
653
579
282
1336
671
1285
215
1245
247
317
429
127
144
381
718
801
187
349
1058
1371
475
881
734
862
84
555
33
530
1009
37
196
443
1140
404
692
132
1035
987
1388
571
510
695
544
1361
922
1186
495
1355
923
831
508
451
66
391
868
115
336
1125
280
1290
1289
114
851
760
1271
214
974
248
563
468
932
628
1343
907
211
361
585
155
240
591
1256
1023
815
161
719
278
342
140
958
428
732
1177
67
149
963
839
1330
1316
1322
659
15
594
768
168
641
487
188
891
1017
1308
1200
75
1277
535
894
905
647
25
863
14
705
380
329
359
62
826
337
20
1212
880
400
936
913
1046
299
903
100
