247
1736
1692
399
1639
970
1734
2074
1750
2081
2376
792
2207
1681
696
173
2181
1065
2400
1119
1552
286
1955
1607
523
1959
2443
1831
1786
1696
636
650
465
1675
91
2228
129
1631
2035
611
1270
631
521
1121
1806
2005
267
2273
84
1134
1605
753
1709
1451
1068
812
1978
183
2420
1953
1297
1315
2180
1766
1457
404
587
1164
150
9
263
1841
813
2174
1153
758
606
861
2274
1546
1651
1502
1042
62
2295
2496
855
390
654
1417
148
2168
2432
111
1390
1720
976
648
1223
2399
691
2343
1812
535
1217
1273
1722
906
193
1555
2449
59
1673
1719
1200
1528
229
449
1840
999
2375
1738
2391
1301
2057
1330
1996
1058
1389
1367
2229
708
1392
1855
1290
1150
436
819
1213
1768
915
2282
2433
470
97
80
1773
1052
2312
1415
335
2463
273
801
739
2431
1583
429
19
1040
1512
424
627
182
392
1096
625
1384
2053
282
684
1203
1460
1098
517
274
1127
2003
168
993
858
2495
138
2024
100
2272
843
2058
1713
1434
1155
359
376
2271
2106
2464
2250
1274
1156
1362
287
83
765
347
620
912
1085
2165
405
2418
1167
660
795
1921
1819
741
700
1611
333
1926
954
498
1551
288
455
1811
2470
1054
1084
570
1783
1982
1646
937
432
1815
281
1207
1189
1934
2341
664
1874
1789
1079
807
453
1930
1329
1550
2465
2294
40
220
2155
2034
1027
1972
1707
727
1000
1307
928
1294
1310
871
343
1357
663
920
388
1254
1917
1183
1945
2245
1570
744
1381
1336
1838
1668
854
776
223
2061
1700
734
2471
485
180
530
1857
1912
845
1871
1674
397
2427
1122
927
2367
1529
1458
1236
1209
1397
1409
410
642
412
1149
1487
2041
2378
2276
1572
373
172
143
66
1509
2298
1858
1334
1433
1901
2429
221
1259
1291
1044
1234
1141
1890
1566
572
1892
394
2109
1560
592
1238
69
1420
2325
714
295
2290
1920
1208
1960
640
1739
1232
584
2234
885
707
1077
1493
501
5
2458
122
902
341
1264
1305
364
56
2293
154
1453
574
644
622
724
1682
910
141
982
1769
226
952
47
1014
2009
560
1965
1938
1856
2063
1620
231
248
2329
310
849
1066
2056
1923
1578
210
1644
2306
2442
991
1915
1012
1143
438
1250
2110
2178
2156
345
1562
1496
760
1378
2139
1114
1624
945
643
196
1007
1157
2223
1575
2213
2050
28
1199
1632
1363
491
2138
2309
1036
876
1338
1802
1763
922
2314
2310
2182
278
1777
638
167
308
1882
2377
1022
321
1634
969
895
57
327
2233
2066
652
1142
898
2101
1067
2466
342
617
1299
880
595
781
1477
272
958
346
1190
894
1430
1317
1576
249
1205
2478
1524
2379
1851
1788
35
2221
1133
2256
774
58
757
1170
1758
1535
1884
1818
749
1735
1081
1533
964
2313
1544
1780
1023
1349
1728
489
751
1880
949
2060
1685
1731
219
1981
1285
189
1105
1271
844
554
1503
1774
2284
1002
1175
64
761
246
1947
1326
65
2484
1622
186
1910
1352
1370
1446
1144
785
32
115
1252
1386
1123
1606
371
1210
1558
1268
1660
1869
448
130
647
2316
2472
2019
1702
1082
783
1648
1120
1500
2359
1561
1212
411
2115
1228
805
525
1784
520
904
1300
887
1059
2300
1956
2353
1749
357
1272
770
1740
1490
445
1465
478
599
732
1760
356
2236
2370
1876
780
803
2075
1231
790
492
682
1849
1172
2304
206
146
1538
1878
1368
1011
1308
608
653
2022
2445
1312
1708
1859
968
529
1556
1612
2285
385
676
1794
275
863
1862
2262
2125
1664
2116
1569
2018
1518
634
1895
1792
420
711
2052
1830
747
1374
943
2398
192
179
350
1427
1193
1519
2328
348
2487
161
899
1907
2027
735
1220
1196
1224
2148
277
174
1161
2173
1633
1495
52
340
2123
442
808
2434
1102
1654
2490
1914
796
1807
504
832
107
70
884
2184
2127
1445
719
1574
2441
15
1609
806
482
988
1994
1050
907
1053
2437
474
1515
2252
2337
353
624
1321
539
1343
238
2214
1602
360
1964
2380
1003
1476
756
208
1483
2131
1537
2483
2394
79
1358
1073
1992
1618
2037
883
1508
1888
951
1603
431
1287
618
2417
1640
1137
913
2136
2137
591
1925
330
1051
2323
1854
126
1359
29
2334
2055
1564
2159
2146
1107
866
194
328
1517
903
1341
2344
2267
2278
2212
235
1703
1676
2020
891
1159
1747
1479
10
1173
2415
1379
468
1459
1937
962
2416
1162
960
1049
81
1796
114
1531
2048
215
847
461
425
93
1751
228
1498
2122
1941
2467
738
2012
1588
1599
2088
1129
1103
534
2307
646
1699
1396
497
2194
464
699
1466
1450
889
2014
1967
1419
1045
74
2095
1836
568
2320
1798
259
2238
2091
2493
1762
1204
1046
1686
325
1277
553
418
2491
1376
46
1401
862
426
1541
1885
1579
313
1444
726
2360
1814
1372
121
304
1523
980
1138
2254
933
1467
1125
2345
833
1455
1704
2385
2171
362
506
1006
1263
1429
666
987
1160
1485
1366
0
1037
460
496
1185
2411
1186
1710
1539
2336
1946
1035
815
1504
2187
516
656
2448
1041
297
2447
2321
1218
1598
2319
34
1350
590
1206
26
290
2239
112
324
1031
1145
2040
156
1932
1870
499
1936
85
669
318
1725
437
558
566
709
798
1486
673
537
2451
1260
1488
48
637
1883
1005
1860
2230
163
2218
2338
1469
25
1320
715
2299
2292
1865
2235
177
2351
536
3
125
285
2030
2105
2409
302
2080
1752
1086
2488
2104
1351
291
1056
2462
1266
1803
406
1078
2160
1269
427
1852
158
1361
1015
1340
797
1693
2087
300
2339
72
352
2151
2241
672
2152
630
331
2206
1919
655
363
2051
2203
1753
389
120
105
164
2356
1847
358
336
92
1471
1424
1514
593
314
857
639
613
76
1191
1726
2248
2225
264
822
551
874
2172
800
1809
1597
1247
1047
1601
1087
1001
567
165
1491
929
930
2352
2424
351
1013
1400
423
2461
99
1407
2083
2198
462
2286
2186
1499
1472
1911
2000
178
8
992
2065
203
1900
2164
1093
548
1548
454
1464
18
1875
712
1987
1715
824
2481
184
136
1898
518
2425
22
2453
1672
2311
600
1604
1492
2076
1846
1506
1825
1335
1779
914
1438
1168
2158
170
750
705
452
1192
2301
1094
1645
873
745
2167
1695
2263
1505
71
1146
585
667
2264
787
1998
1797
212
1276
1313
510
1816
2084
717
860
1893
1293
759
2396
55
43
1201
379
2413
1324
1393
1227
408
1879
1416
940
2007
1627
2090
201
2237
1642
961
1344
662
1111
1729
2349
1360
2120
2492
2026
1748
1746
939
555
986
619
271
547
1810
955
934
686
2121
693
1931
477
1821
1630
1877
944
763
2054
782
1655
2144
1957
965
1074
1130
2269
1242
1677
456
942
1985
1171
1026
1889
320
104
1520
95
900
1647
2289
1095
1697
973
1080
49
1318
731
2227
2242
2196
2279
311
668
2189
816
918
1635
1211
299
683
950
2199
989
1621
2002
1916
2404
68
467
2162
2072
434
1195
2096
2085
975
1179
1587
2494
1962
2346
2217
2195
752
463
1126
396
540
1813
974
1521
139
1403
514
526
877
17
315
1543
119
398
1755
1165
768
2249
502
777
218
41
1452
443
2275
1113
1075
4
292
1348
2305
1591
1298
1808
1187
2098
88
191
1215
1219
337
2068
1741
1402
2077
1010
946
1494
332
233
209
378
1650
490
260
786
580
1364
2141
1342
508
387
2079
1237
979
205
531
1616
2176
1776
562
251
1395
2130
197
200
1834
2450
1089
1226
1767
1029
2032
1554
1178
94
1117
1924
214
2281
1018
2017
538
1586
1375
1116
142
1405
254
2371
1933
1060
1304
1421
956
2216
1501
1525
1239
160
2188
1772
1345
1997
2412
2135
1262
2073
896
1887
428
224
793
262
1253
2153
1843
2166
2008
1188
354
1733
374
289
106
839
240
2405
1567
2260
2388
692
1461
1394
1258
2170
2070
604
1283
1781
1333
1617
480
1353
37
1404
1527
1961
494
305
1388
1928
484
1306
42
1778
2475
2456
677
1782
1281
2291
1323
1984
1835
476
2327
1257
1638
1152
2108
1431
145
116
2247
108
1222
1691
1154
2386
368
2455
1986
1256
665
557
265
2143
2224
1169
1585
681
610
764
680
1906
280
850
216
2497
1286
1787
409
830
481
2082
1202
1822
1004
1314
199
1380
1174
509
1712
395
2361
1076
87
2421
1418
947
1255
2350
1891
1497
1474
1775
73
2469
2355
848
296
1316
1099
2015
339
1861
2489
1679
671
118
2067
1016
2333
2283
1971
2403
1785
1132
596
869
515
972
127
2253
1942
386
641
1659
488
157
799
2177
380
578
1387
2335
433
457
1025
811
1383
195
2270
61
1233
1033
366
1894
2384
2043
1468
1
258
2044
447
1694
1101
1284
1730
767
1139
1240
1573
1949
1197
2208
211
1249
269
628
1718
326
2436
1557
1584
2426
2154
2257
694
1902
1963
472
1028
791
2428
381
589
1553
762
966
746
1958
30
545
736
1124
2064
532
2201
495
1665
1369
2381
2457
2268
1976
1881
1771
1072
505
1568
1484
703
1641
1425
931
1296
645
2476
2459
1436
769
1935
601
1940
626
1565
1406
2126
838
1721
995
522
2362
2486
2392
826
1135
1723
132
1513
458
1547
614
1927
2
2006
1244
144
1988
773
1356
1280
1090
1057
1510
721
864
1866
1309
2231
2259
1850
1833
2042
1827
1688
2220
1790
1432
2414
615
2383
842
294
957
690
1216
1745
1980
998
1868
1896
1462
881
1795
2209
1377
908
1248
283
439
867
312
1770
2317
2038
1024
1115
479
1267
2261
2363
828
1184
569
820
2059
153
1008
401
1017
1062
31
301
1968
527
369
1071
953
435
629
2280
2440
377
1975
169
859
809
983
1061
1977
1328
317
1194
2134
1112
128
552
923
879
2092
882
635
1791
1456
1473
2016
1765
1241
2372
1711
823
2128
1289
134
1355
2439
2277
1608
270
789
1904
597
53
1181
415
2149
1872
2444
675
2222
921
2240
2266
1759
361
261
239
86
2287
701
892
1489
2093
430
393
133
1055
1571
959
2133
1864
978
878
2211
1278
513
2408
1990
1590
771
2402
487
2368
1354
1311
1909
162
1275
1974
657
1331
1897
1064
159
985
140
870
2010
152
1754
500
1347
905
1666
1151
1905
2330
2029
1743
1844
720
2117
316
1413
1680
12
135
2315
1110
2374
241
594
176
1443
1973
1663
1589
2265
698
2258
2480
1559
2382
222
564
1428
659
1251
171
1339
1979
588
542
1303
89
417
1371
1832
1649
2011
603
997
1805
102
1671
1243
936
2150
1824
1091
441
1470
2045
706
309
2390
1800
2089
2119
743
2373
1756
2169
2046
754
541
897
1140
2288
1705
1801
1661
2460
67
1678
2297
827
2498
1147
2129
586
718
230
1656
1595
710
2197
794
1399
941
1619
919
1592
2348
1435
561
1411
511
2204
2473
2332
1475
2397
1414
256
1511
2340
185
1951
1214
1549
2118
16
528
1447
2023
1628
1034
236
1532
577
1626
117
2001
1408
1235
1083
984
20
1600
90
1944
1839
1706
1764
2004
1867
524
814
1118
779
2094
2406
1969
563
1577
1100
413
1288
1229
400
852
804
2389
916
1038
901
1954
2191
293
829
1540
1610
649
1426
27
307
187
1198
440
2028
1727
1481
1322
1410
2407
917
2047
1580
414
1398
697
1939
2013
2086
1690
1563
227
1613
75
1176
1637
2161
1422
868
2232
1948
63
755
2452
778
2324
54
841
651
21
716
2071
124
1439
2419
996
1667
872
971
2255
1899
1441
382
1701
1177
2099
2354
217
419
925
1714
483
1913
2145
266
1629
1221
370
544
1823
2215
1950
963
151
2193
1365
407
1088
851
1995
670
856
632
674
471
837
77
137
23
2132
685
1163
810
1698
284
2474
1643
1853
1423
2112
605
571
1966
2401
1625
1724
198
1526
1545
123
2031
113
678
1391
623
935
6
242
2205
391
1826
565
1158
821
98
2246
2219
2342
257
1989
383
865
2395
36
556
2113
1593
1265
546
1596
1019
834
166
14
733
1346
1658
2124
730
1463
110
2036
2049
2025
722
1020
1717
2140
911
2468
1437
1070
2302
886
1128
1863
2243
723
225
2358
784
1817
213
1943
322
766
2438
2200
1886
2326
621
893
1908
559
1757
60
268
633
338
503
932
1636
1582
1261
1449
543
365
147
846
1282
2365
994
78
276
1136
835
372
1873
1829
2190
1108
740
375
1480
2097
493
550
581
1983
2078
2454
2069
2210
349
1440
2423
1454
1166
303
1837
1684
473
2039
1246
24
2244
1922
2102
2183
1319
1614
583
990
1302
1382
836
2179
1929
788
1744
576
245
533
2202
149
101
1507
1845
1669
2482
1918
1482
2485
1097
679
2430
1109
2387
403
1021
2410
1516
1820
402
1522
840
1670
367
1903
2226
817
1412
450
1182
451
2296
775
82
2477
2157
1828
1327
924
11
1039
1761
573
981
444
1292
2103
155
728
1373
1999
1337
1952
51
948
549
1048
475
232
1069
1180
2192
853
661
2322
1991
909
1063
1799
1245
469
190
255
384
687
598
50
1106
2114
1131
2175
39
1009
1793
967
1325
1536
2100
818
1689
329
252
2393
579
725
612
103
688
1043
742
250
704
1542
2364
1530
2062
109
1279
204
512
1230
802
234
2357
486
1032
748
2107
1478
1295
1737
702
45
355
1716
825
519
1332
416
695
616
1581
1842
202
713
2422
689
298
2479
1534
658
1732
2185
1448
38
466
737
1970
33
1804
279
1623
334
253
2147
2369
207
2308
2446
421
831
319
131
237
96
1225
459
2021
1653
1687
926
890
2331
1148
1092
2142
1030
602
1615
2318
1594
2163
1442
729
306
582
938
1662
772
2111
1652
44
175
2347
609
2251
2366
181
13
2033
2435
1993
575
1742
507
607
2303
1385
888
1683
323
875
7
422
1657
344
188
244
1848
977
446
1104
243
