2310
867
1600
543
1699
2725
1007
2567
485
2717
2662
1655
2458
859
1011
1965
1213
1651
334
2434
493
21
1850
1179
1135
2692
659
1319
191
2402
986
2254
1572
1640
511
386
966
607
2538
718
2613
1875
1748
1170
2313
2028
1672
340
2118
1556
1455
2112
723
1693
645
1020
1878
75
542
660
1080
2533
408
781
1757
585
816
2520
2547
303
1416
1804
989
2658
792
664
1122
63
2590
1025
66
1247
2499
2493
2031
431
18
1550
2168
2427
1017
838
632
1207
2002
1663
40
1891
2463
2602
251
271
519
2277
2505
2064
2130
47
1460
2569
455
549
2542
70
2600
2693
214
798
1356
2609
1306
1881
2565
2288
2471
178
1048
2669
1638
1257
797
1753
1622
555
987
1208
737
2713
290
2652
52
1779
1304
1849
2373
1769
373
529
2185
924
3
1537
729
197
719
1938
2418
324
1142
2020
692
210
2039
145
458
2081
2093
2550
604
72
892
1848
86
2716
2568
141
775
1218
2750
43
2416
374
2260
1061
1328
982
1592
2583
2306
1812
1901
2627
2361
1387
463
852
879
416
849
1182
1816
2399
641
1827
247
1073
469
732
1057
503
2699
964
1301
1206
2242
2417
580
2724
2383
1194
1332
1700
1723
951
187
734
1215
2067
1227
1413
2225
740
1858
1275
2536
1300
1278
2309
1830
2486
2296
1029
2631
535
1645
119
1091
747
1935
489
1001
175
2162
1443
2382
1685
1313
1081
410
2356
2572
802
1520
241
847
484
1063
1498
2640
672
1279
668
420
2316
1503
41
920
2453
689
1786
20
348
262
550
1489
2549
1608
2649
479
1586
2235
1908
754
2626
212
1937
1147
2438
1490
1376
1159
2116
2421
1559
2448
711
1168
2696
2349
2138
2408
1271
520
2094
935
1978
1311
789
2247
1255
1961
2597
450
1353
2375
2688
1270
801
2579
1495
629
1335
427
30
242
2384
2161
1934
1634
823
330
652
142
1226
2537
923
299
1352
1
2732
2115
1792
1838
2289
366
671
2577
905
721
1869
1925
173
900
260
1442
1422
939
570
770
1485
451
130
1535
261
1426
2062
2715
1437
2077
942
1136
2689
1623
2314
968
2060
1104
1765
2511
1432
1705
1646
56
917
2298
2165
2176
1295
2666
1049
1167
513
2256
465
1565
1729
2530
817
298
1077
1096
1461
5
281
1317
1726
1242
1478
2061
2153
985
895
833
1954
50
872
1953
60
151
1687
2015
1609
2221
2367
2132
2674
2593
1473
361
997
1117
1781
243
2167
183
2426
1761
566
2653
320
677
526
2263
2691
1684
2532
1534
882
1777
1931
2502
1101
540
421
1783
1879
1599
1857
653
2698
2042
1256
2149
961
2552
612
452
2244
1629
2276
1990
2318
1616
2213
283
2106
600
474
2197
573
233
2049
1952
940
1337
1512
624
2301
918
793
2030
1472
508
39
2210
2451
559
1566
2351
1889
1405
525
1977
2396
2709
708
1365
2005
1129
2473
2751
1580
1181
974
1412
1309
381
1664
673
863
2264
2029
617
1538
2303
613
135
457
1407
2711
2681
235
768
1310
284
2534
609
1204
2610
1958
182
211
616
1776
1173
1582
499
2341
618
308
2329
2623
2344
1343
429
1144
606
978
563
848
592
2216
2671
554
2076
2126
679
17
1674
433
1379
1065
636
26
11
2374
1050
1984
1468
333
1273
1224
2726
748
2294
10
1023
467
1367
353
2241
1346
1312
707
1861
2554
1796
691
767
1040
1888
2236
249
315
504
2357
58
976
1339
91
954
638
2147
784
840
1200
1151
2660
1770
1417
1944
875
2440
1825
272
656
537
1441
2355
1459
1555
601
1249
2477
2580
1019
826
637
1902
370
2140
2643
1105
2720
1652
140
1893
237
1899
2070
2299
446
806
1544
2690
454
648
1425
363
193
1012
1260
226
1386
287
958
1197
213
2539
1500
1529
307
688
1108
915
2551
1731
782
1973
1244
541
1034
774
1819
389
1100
2523
314
855
364
2363
295
1921
1526
2745
336
512
2229
725
925
1375
1553
323
1161
1013
2585
960
2482
2673
123
2441
2175
1799
1957
168
866
1794
955
1463
240
2508
2333
1918
831
280
738
1675
814
1123
2481
2529
1780
190
884
560
1579
155
2741
682
1823
821
2075
773
92
199
1086
1527
132
2305
1238
1102
1536
321
2734
2337
1133
2121
1632
407
1408
1809
1985
731
1449
38
2612
88
587
1653
2297
1619
1945
759
115
2148
911
159
582
2719
634
2013
59
46
365
169
1070
2632
722
84
94
430
434
1397
209
1421
392
970
2635
785
1398
2389
2535
878
2728
2307
372
594
357
2369
2491
2747
2127
1680
1095
1900
1854
383
2119
107
2320
608
93
1453
379
1742
1701
329
820
1054
2137
578
2676
440
2540
860
647
1718
274
1315
1778
2192
745
1654
2046
184
117
873
2072
2390
2099
1290
2446
832
495
1843
2218
1738
2641
2269
1380
930
1016
1494
221
2381
1486
2503
64
138
2707
304
1897
13
1043
1773
1307
231
453
2009
2188
29
934
776
2011
1378
706
200
61
1767
546
2603
1982
907
626
1558
367
2282
1189
1471
116
1190
1885
1808
2008
2731
1132
1128
1366
302
1131
2581
1385
1966
137
681
1372
347
2321
1665
576
1369
136
438
1415
2091
938
2368
2701
1411
1350
2088
701
351
19
2053
27
697
1202
1116
2484
1784
2370
2654
649
9
2494
973
2584
222
2110
640
1323
538
2392
2317
1660
2285
2136
1191
441
908
316
818
544
1156
360
1362
74
494
382
2146
717
902
128
2252
2651
2404
1298
2036
1269
522
528
1821
1568
1052
2571
394
346
890
398
650
2409
571
2150
1905
1562
1508
2238
561
456
1525
1673
815
1604
53
1266
916
144
1712
2615
1545
273
2436
2270
2144
2483
1666
2068
1617
77
2304
1212
2727
480
2324
2485
2259
944
1517
1109
368
2637
2686
1621
1727
786
909
1456
2169
2558
1749
1513
1286
1457
461
424
1469
750
1216
746
1912
1832
2587
1075
1841
1887
201
945
1452
703
1388
1890
572
1611
567
1435
2400
1196
1940
486
100
1219
517
411
1420
89
252
163
1231
2014
185
1597
1763
1736
1563
507
2215
1466
1334
1587
1118
1892
80
2582
749
1419
1995
482
1926
2159
2377
2047
337
674
435
871
146
1289
459
2684
2518
2754
1166
1922
1475
1949
2078
1036
836
2043
82
2679
665
1483
515
661
783
2284
1667
405
2054
2622
1943
2633
2350
2365
104
1497
294
1354
1692
1923
108
2243
881
2257
584
2611
402
2080
2063
475
1363
1035
2024
696
1140
1754
2648
819
1265
1919
631
1719
1393
1119
928
7
1006
326
2465
1186
2661
2495
531
2466
322
2685
630
1037
377
2628
2231
1785
1976
318
1481
621
992
127
663
1708
1941
1126
590
1552
2209
172
1155
2104
1174
1088
2589
2111
28
1392
1071
922
1327
885
2280
1840
1803
1058
2102
1252
2266
403
2258
2364
393
1999
1856
1199
1831
87
1198
62
834
48
1045
2052
1942
2201
2736
1344
466
2740
744
565
2353
1287
2003
1842
676
1015
943
1361
1706
487
1828
491
1588
670
680
704
2405
2362
1377
179
2601
2019
827
192
633
447
828
2394
1855
471
1139
1010
1032
1414
1424
1933
2462
2659
1818
1069
2354
2607
468
941
1154
675
2230
1496
296
1060
106
936
473
1292
1741
2468
263
1195
1522
2706
2274
1044
1795
2617
1454
1451
2057
1002
1948
2566
1606
1087
1055
1389
1595
44
952
2414
1916
425
1254
1349
2512
445
1636
1318
518
120
1000
2467
2059
1585
2339
1877
497
344
2630
2598
356
1756
1867
1884
1837
642
227
33
1157
1947
2445
926
1165
2275
810
1210
2395
225
1676
2422
716
1067
628
2022
2488
2387
1683
591
1745
2616
655
1752
113
2435
1805
1733
266
1910
1671
1930
1233
2528
2664
1340
219
2752
395
605
131
2295
1434
2021
1038
2186
1924
2226
1627
2334
950
76
2145
2182
112
1979
2199
317
2340
2668
599
709
1384
1470
2564
2179
993
2312
162
1543
37
1299
1423
2492
853
2291
1316
962
2190
204
2191
306
118
2267
1872
1583
811
388
788
2591
505
1787
1079
79
1506
2222
2625
1531
2315
2184
1539
1282
1713
1505
1991
1656
481
1474
1696
1624
2517
2174
1444
1980
2200
1288
2513
1716
1549
2500
1342
1998
1390
1030
203
2311
1302
8
1427
1209
180
1915
148
1024
255
2501
390
2166
1499
292
761
2322
216
1371
1594
2515
96
658
869
415
1602
31
712
14
808
1395
1662
1630
1880
350
279
865
1548
1042
293
807
2497
157
733
1859
98
444
2172
899
532
666
2646
2012
341
1171
133
2644
1211
2423
1093
2449
202
1860
1720
1904
2248
1336
919
443
2575
1569
1557
2459
328
1833
509
1004
2657
1097
1866
355
126
932
581
1703
588
506
24
1185
2573
758
57
751
2027
2069
483
2097
354
2272
1983
812
1502
2283
2433
947
1072
1956
1714
2319
309
1234
2455
125
805
1751
667
1248
830
1758
1433
2636
2134
583
122
23
2034
2181
369
1724
267
1446
1262
1320
349
1607
623
1618
1022
2358
1682
2656
2509
956
1358
406
2667
2100
2262
1950
301
1863
2203
1610
1871
2705
1440
2109
1099
2131
771
2065
981
1793
1774
2718
1235
426
1584
1338
2056
1438
1951
139
1258
914
2246
743
258
2255
49
1515
1436
2108
2753
1886
1066
644
739
769
1305
1650
1203
854
1826
152
2249
1689
726
1330
2331
1396
2746
539
2401
1180
2025
690
2454
755
1085
2018
898
404
1974
2378
598
857
1399
1815
864
278
1510
325
1732
208
741
1772
791
67
2
894
1511
1589
312
428
1164
477
2055
2234
2237
1906
2560
2164
2113
1914
2228
1447
1524
1637
2559
1997
1766
1882
1992
991
478
1658
2330
2574
2744
843
1613
310
2281
2735
1230
2000
1120
2527
514
868
1281
2090
1439
1172
1462
498
2604
1516
1383
1082
1487
1141
384
1939
1834
2621
800
2348
1728
464
1394
845
2202
378
1564
436
476
1176
1810
2578
2561
1759
1677
1578
2129
206
198
1967
1883
177
2708
1994
2464
2194
1056
236
1205
809
1401
2198
2074
643
2519
2292
286
825
2544
796
253
1103
1491
2650
2683
391
906
1465
2017
1598
1596
1033
2429
1382
399
553
2253
1996
562
1528
2608
460
1813
1149
2180
1178
2722
97
2424
510
1560
2588
2543
720
2345
889
265
2694
2478
2250
1641
25
1232
332
1626
2245
2599
1263
1969
1986
359
2219
953
401
103
2442
1402
564
2073
787
622
170
972
42
965
2410
1932
1547
248
1137
2398
2504
1649
888
1345
524
69
300
2443
556
2586
277
245
224
1824
156
610
1418
1744
1590
1259
448
1026
1681
1239
1989
1160
1046
937
1193
1909
1894
189
2325
149
2748
437
1274
2026
699
1276
1730
362
268
502
2050
305
2232
533
1018
1047
1107
1615
662
311
2516
110
2594
1348
1041
1835
903
2729
1152
2385
1760
270
527
933
1567
1094
1775
1874
2419
1325
1341
2195
2336
2084
2206
1970
2461
0
1771
949
16
611
1959
1911
2413
1936
1896
1661
1217
557
1322
1704
1089
129
257
1647
2071
1845
574
1308
1285
1635
1021
967
439
835
1836
2372
65
1297
186
1839
1106
1245
921
2212
2522
1791
1125
111
1464
2730
2450
2154
1039
1542
730
765
627
2397
695
2037
1962
150
2614
710
375
2721
523
352
1648
232
1222
285
1064
2576
777
887
862
223
1360
1277
1573
2570
371
217
2452
1740
2224
2016
891
83
1008
1329
1628
1430
1574
1975
1876
385
766
2035
1492
1987
521
1928
1532
1241
1291
1264
1062
2447
2058
2233
2045
1303
2629
166
2371
586
1228
2386
417
1076
1981
1695
1476
492
686
78
2105
165
575
551
1746
2170
896
778
1321
2122
568
844
1482
1507
1707
1644
2208
1514
1561
1068
687
174
342
229
147
1272
256
2700
979
289
595
2460
893
167
1488
1668
1051
756
2695
794
1169
829
205
246
1183
996
2092
625
1223
432
2680
2220
837
2217
2004
2214
1546
1477
2327
32
2239
1458
1811
1220
912
1326
397
2548
715
1577
220
1686
1702
693
2742
2510
2193
1711
1820
2205
195
2332
1971
215
2557
2556
2323
2335
2085
1368
2128
2525
1253
2183
1501
772
2187
2141
230
1243
946
876
1625
2496
54
181
1801
2545
2040
1521
669
874
1355
545
2343
2489
602
51
757
2271
1114
2605
577
34
1146
269
2163
2638
839
1993
259
2406
1963
1406
851
2639
2432
2048
948
846
753
883
2135
742
1946
1601
1145
2151
343
101
1523
780
1554
1698
2675
2411
1873
1324
2704
2634
1530
2103
736
2125
984
1187
1374
345
702
2293
558
683
2120
1540
2470
1293
983
442
1184
143
678
1642
1296
2480
1735
2328
596
2211
790
822
2001
2096
597
2196
380
1929
988
2173
2749
2672
319
2737
264
102
1467
2431
228
813
1391
500
2023
1381
1581
339
1429
1822
1445
1570
2178
657
396
1657
1519
1083
2342
2006
1846
1750
1450
1428
2521
2171
99
1090
593
1003
234
2107
1814
2087
114
589
1972
534
2308
2677
105
803
2562
2086
2347
1853
1764
1201
727
2624
1480
536
376
2142
2595
2472
2379
250
1864
2437
2326
73
2714
850
1214
22
409
254
694
1852
1113
2083
1829
1678
1261
2469
2476
1053
804
651
2273
1150
1737
422
1603
904
603
998
619
646
194
164
2663
1722
1717
569
2514
2155
1111
994
2177
2360
1898
2251
2425
2338
1988
886
413
2352
1721
1691
1188
971
2420
931
858
2388
1788
2051
1960
1798
910
2415
1844
2044
1009
2265
2553
1927
1074
358
45
913
880
90
1620
842
1158
1410
700
2479
654
1710
1806
1357
12
1862
1409
2645
1373
1715
1913
1225
2743
2279
36
1163
238
134
2286
2620
1709
760
2152
2117
418
957
1593
1639
412
2647
1694
2428
2697
1115
752
1575
1688
196
1092
1541
472
548
685
2702
779
2596
1059
176
2139
1364
959
297
244
1631
2223
109
1175
639
1431
335
239
1229
1571
414
547
724
1847
2475
2506
1124
1690
161
1509
1028
1400
2444
2114
1697
1148
1005
1734
2346
2300
2498
1084
714
990
870
2240
158
1284
824
1370
2359
2733
1851
276
1143
2380
2703
218
2678
963
85
470
1903
313
1331
516
1968
2507
1283
2156
2474
614
2393
331
154
121
291
2487
861
735
980
969
1130
1014
1679
1747
1236
2712
423
1027
1251
2123
2376
1078
2007
387
2555
1240
2290
2439
2738
2655
2158
1246
1162
1268
1110
762
1031
449
35
615
207
6
1612
1768
2723
1643
1153
1755
1670
501
1789
160
153
1591
1802
282
55
1404
2619
977
799
2143
171
1098
2687
2665
897
2541
1504
763
1518
1964
2739
2227
698
68
2066
1493
552
1192
1739
2546
2189
705
1743
496
2079
1250
901
1127
2366
2278
1267
2033
71
1351
1237
728
2302
2407
2490
1551
1576
1479
2524
275
288
713
2204
1138
1221
1280
2032
929
400
2010
2207
1533
841
2606
338
1359
764
1790
2430
2391
1484
1917
4
2682
124
1121
1725
1134
2287
1669
488
2038
419
1895
2710
2041
856
1112
1955
81
1817
1633
1762
1314
2457
2642
2160
1868
579
95
1920
1294
999
1403
327
2526
795
2124
1177
490
530
1907
1800
1870
1807
620
975
2531
2592
2618
877
2403
2261
2268
684
2456
1782
1865
2082
1448
2133
2563
1333
1605
2101
1614
2089
188
15
635
1347
462
2095
2157
927
1797
2670
2412
2098
995
1659
