710
662
63
145
420
218
667
199
434
5
246
693
12
592
593
397
235
570
321
401
193
96
291
559
454
294
545
567
678
58
120
252
314
640
515
521
701
552
376
191
538
655
473
495
87
134
334
28
428
114
670
489
525
107
357
130
440
356
672
584
629
172
250
646
508
358
73
47
389
579
41
271
465
547
162
153
382
561
625
412
474
81
497
386
699
614
71
16
719
575
226
14
680
469
435
237
463
558
500
240
142
718
621
714
214
110
425
452
254
111
623
100
506
385
443
205
377
167
234
315
132
78
657
210
402
10
181
289
74
212
687
353
178
374
468
93
530
98
544
597
17
253
682
354
543
457
262
64
387
336
269
675
125
216
19
554
1
689
65
86
331
673
447
723
510
365
663
644
482
711
126
585
438
146
690
453
233
276
221
113
351
539
395
643
346
140
534
650
627
696
37
616
505
109
138
367
320
309
503
721
347
151
20
61
475
491
698
177
53
174
319
459
185
187
278
52
144
478
341
215
403
208
44
633
32
487
622
89
163
164
442
202
519
30
713
611
45
60
39
524
496
393
702
504
55
436
603
268
323
59
556
83
595
591
105
27
590
514
68
8
259
51
523
154
206
518
720
704
137
383
586
227
326
286
654
313
394
517
679
293
421
328
266
531
149
257
213
329
615
306
695
366
620
669
537
617
391
324
490
119
706
618
466
566
697
124
565
322
50
338
480
588
355
651
486
551
69
665
316
127
115
399
549
335
88
405
327
426
609
152
448
685
36
666
373
717
484
392
636
299
160
200
56
2
477
712
92
388
659
700
471
417
344
256
285
57
526
267
85
694
156
173
62
370
317
691
263
244
255
295
13
91
325
380
148
194
183
529
11
190
330
681
21
171
121
507
241
677
601
43
332
103
562
501
572
270
605
260
596
225
709
414
258
297
461
108
122
211
350
339
139
76
359
645
4
38
231
333
135
131
550
290
310
116
180
410
467
502
635
610
337
479
281
176
411
170
236
630
445
304
542
628
555
204
147
195
439
29
432
422
136
715
664
533
203
308
26
553
578
348
499
77
287
23
716
219
653
349
423
511
302
437
450
72
668
168
608
82
261
568
277
498
48
676
188
274
512
574
583
600
446
189
363
343
143
707
307
273
179
0
661
607
18
404
80
99
390
416
535
35
456
660
360
217
42
594
311
476
684
22
228
95
232
249
708
481
106
128
375
118
229
133
361
587
703
292
582
159
581
305
494
158
418
557
528
280
688
46
441
251
94
198
238
230
79
724
419
112
599
301
97
40
433
560
245
186
648
222
345
34
637
576
6
619
54
516
207
150
536
169
66
220
632
493
722
522
520
264
279
243
296
548
102
300
7
532
472
573
9
409
649
31
197
429
602
631
483
352
580
33
129
284
462
577
3
90
598
272
613
378
413
265
166
396
209
638
362
427
24
223
371
569
415
485
318
671
683
641
424
192
458
364
175
123
282
571
161
372
451
606
288
298
686
368
84
634
647
247
652
242
431
248
527
612
379
540
546
275
444
224
492
624
564
642
406
155
541
342
656
283
67
604
196
449
705
658
369
407
184
25
165
312
674
101
239
201
563
400
70
141
470
488
408
398
157
381
509
626
692
589
340
430
455
75
513
182
117
384
104
639
15
460
49
303
464
