6179
4105
910
1624
5445
6574
3111
6939
4968
4895
1127
250
1718
3892
7428
2489
3685
5154
6166
6703
4945
808
4615
1132
1392
6018
4092
5320
4182
4780
1661
714
839
5500
4130
6491
1427
1590
6651
526
494
6102
7182
1495
3092
2353
3822
4360
6937
5693
7488
5490
2148
29
167
2722
200
1746
3763
1455
4664
7359
6619
3739
7279
991
4905
2211
2548
7132
1161
1441
6304
6131
1360
7057
1321
4263
4527
4463
5911
7204
3204
4197
7184
7556
6823
12
6887
6745
2694
7467
5331
429
6750
6965
5049
6397
6517
6832
2445
2026
632
4209
6007
3888
5696
5325
5242
2874
638
4540
145
7589
6195
7289
4764
1057
2500
3140
3796
1408
4401
4300
2044
6315
1017
7701
6418
887
4794
4985
4869
2494
4948
3555
258
6775
1231
4739
5628
4511
262
6461
4801
3900
1129
7208
755
4902
1826
38
6657
5716
2534
5391
1491
7302
4007
5595
1165
3141
1257
1467
5367
1990
6163
7174
6413
4503
3189
6971
5872
4330
2312
475
6427
5237
2020
2405
3015
3211
4099
4318
125
5579
7308
5364
379
1679
1322
621
455
6169
2481
4952
6383
948
4103
5971
3973
7422
2362
1538
7706
2560
2775
3399
986
5255
466
3062
7373
1378
1516
3386
4693
4956
4465
1533
1410
2664
6191
7518
5953
6417
1704
5411
1483
2418
2190
732
5894
1263
106
6485
2342
5124
341
1054
2329
1843
6767
7484
1043
1003
2502
793
1400
6016
4071
138
3227
2821
2956
3650
2314
7348
5916
2193
1024
5740
2828
4215
5902
3963
3806
3795
4317
1440
2170
7237
973
3622
2143
3170
3175
7377
3312
978
2648
409
2588
2002
2111
1755
6037
7281
4534
5929
5908
5804
4202
1640
3069
1832
6741
4999
3968
683
4571
885
1190
6452
7539
689
3108
3773
368
2074
4595
1632
6209
5806
6029
1960
1376
4984
3224
1502
3781
6753
6129
2988
933
1883
6683
4611
7114
2425
1085
2422
7682
3889
4607
5428
70
3816
2514
3052
2776
4496
2836
316
5330
5375
1542
1687
6841
2870
4160
1287
2332
6027
6592
1424
1740
5855
790
4528
7650
3494
7118
5484
5881
5541
4851
2310
782
4494
339
289
1891
1213
3942
759
1925
5425
1142
7357
5382
4886
4722
3587
1983
3630
860
1484
2753
6186
1337
2196
4762
1767
3103
847
1522
4089
6243
6881
2214
4808
598
6314
4576
4820
4521
2167
7004
5104
3024
2204
4000
3045
6770
6438
2875
2826
3171
3210
3558
3765
3149
5046
3301
516
5722
6814
7026
108
6966
4253
5999
5906
7562
2773
3705
592
7249
5058
5191
3752
3458
2688
561
329
244
1571
5279
5492
2703
6616
208
7378
907
3569
1004
3136
9
4457
4084
1200
2770
7185
974
6241
4050
4067
2451
5448
435
5757
823
5221
5781
708
4925
7294
1506
7596
7627
184
2093
3873
1783
7111
1650
6319
3985
5884
4706
7531
7623
1518
2273
6632
4126
3497
7037
1437
1018
1066
52
1810
1362
2871
3877
3837
727
5883
2678
6923
2915
5300
4234
547
4413
5957
4944
2125
3139
7288
7495
2469
7584
7077
6760
6856
4932
3099
6261
2778
1515
1521
3539
2837
315
7098
6287
7025
2401
1459
142
1081
4037
5613
7002
1458
3088
496
7115
2442
4240
2464
2496
5393
1778
1166
3027
1403
2208
2732
6712
5708
2032
5836
4006
4570
5143
3823
189
6836
6600
7219
4391
5753
666
6077
5734
4947
3389
1477
4053
1096
4621
6874
5450
2624
570
4559
7274
2472
6126
830
7323
7190
894
126
105
2735
1719
575
4280
4959
1049
4846
6974
6991
1768
4584
5057
418
1702
3572
6099
1973
1450
1028
6993
4734
7645
743
3168
746
3491
6263
6605
5349
2039
3420
4770
3209
676
3962
4028
2529
5070
1244
931
4448
3019
2243
1342
1589
1214
4228
1670
1947
2315
2805
1250
551
5900
3531
6639
1867
1945
5864
1344
2277
6545
1606
513
2745
7206
7598
7318
3446
761
563
3897
6658
2799
6310
3311
178
4560
617
3738
99
5896
6761
1464
5179
3726
6441
7641
6670
4993
4009
4024
7655
3749
6160
1162
2717
2973
3440
5236
1105
6259
4662
5119
549
3834
565
1921
1413
2287
1153
3910
3049
1029
5128
314
2780
7023
4881
6609
5017
2327
5859
5646
6875
2295
5939
739
3629
7639
3039
4487
944
2546
963
4914
4108
1222
399
525
199
3815
6625
2843
4500
2320
232
2251
7401
7238
2215
626
2171
1566
3848
4915
4278
5002
5558
3644
4164
810
2769
2720
6470
864
2618
6538
6024
4433
251
6687
5337
1656
6071
1674
4831
1776
1927
4849
1247
5317
6349
7045
4873
4835
5372
1573
3489
2498
6834
4698
537
1873
4788
5400
7383
1759
5043
7498
6125
5033
7159
1367
5787
5727
7299
524
5682
3142
5694
6292
5931
6955
833
1448
3083
5841
3854
7193
5261
2139
7661
4815
1098
2533
3376
624
2138
2328
5947
7147
5647
2189
3263
804
277
5358
7068
3202
1375
5826
5958
1389
5310
1984
149
2491
4971
5061
2231
3843
5085
6177
205
6550
93
6353
4631
4288
3838
502
6295
95
7225
654
1299
5679
6973
6012
1224
3708
3769
36
5640
2151
2754
7069
976
3707
1534
1553
4271
2392
7259
3791
7038
3184
2716
1365
7033
6583
7425
7557
4692
5453
5353
4583
2885
1232
4249
6212
7652
5645
2925
7385
3519
3242
54
2725
4656
5107
1739
7372
2088
6371
4683
7013
2484
3089
6252
1000
2901
2178
5225
7088
3419
3134
4082
4646
7301
220
671
6445
6835
5660
5295
2630
6360
7423
5385
6205
1036
5357
1511
5909
4040
5675
6738
1235
4723
3788
1795
1735
2501
2522
2878
320
4861
6373
1782
4445
26
4707
2913
3584
1709
1466
3063
892
7362
4934
2018
5793
5632
2412
7563
7306
6421
7453
4003
1245
254
3851
5022
4566
5172
6103
4674
796
7393
408
1461
3665
2197
3290
2233
2086
7256
1204
6474
2997
2083
2122
5131
4363
6884
381
7113
5041
4640
2475
6758
6988
6979
85
2367
397
6642
4755
4736
5993
869
1126
82
6433
3557
4896
7233
5373
6862
2045
6253
3117
4814
431
7035
5441
2097
6522
1645
5662
4120
824
1617
2476
3975
4569
5714
5361
6663
5343
2738
4454
2820
5868
3852
5924
4582
2177
6916
2791
5338
6219
4346
1895
5728
6411
4866
2453
3686
5467
7576
5578
5366
3754
5938
3951
13
6218
1091
3957
3385
452
6406
4575
1799
6082
4447
114
3404
2601
5176
489
1961
6459
4731
634
1207
4231
2420
778
4919
1170
2051
312
283
2790
2941
2158
800
7404
462
5899
2561
1340
4580
2832
2415
5015
1731
6978
2591
719
3258
603
7386
2142
645
501
3247
7620
2351
2527
7574
3704
4327
2003
4125
7528
6390
3758
1756
3091
6341
1285
4862
5653
7263
194
7613
4321
5763
3254
1390
2610
1720
5404
7150
2114
4033
726
358
4039
1948
7218
1473
1910
4529
2619
2813
4850
4185
5493
2815
2272
5020
15
2651
1637
7694
6552
7520
6028
5736
413
1668
3694
5230
340
4432
6593
960
2245
740
123
1693
1706
3425
5569
803
4923
4222
2258
1472
6539
6895
504
318
1666
2361
4086
949
1565
7418
2390
711
3652
3979
5241
119
3289
2763
310
3771
3009
5397
4331
1863
1309
6511
1103
7605
56
1680
5551
3831
5352
2916
5140
5817
6273
4464
3283
6130
3329
3061
5219
3431
5383
3441
287
5789
5274
4490
372
882
5115
6495
1273
5129
3525
6291
4184
4427
6752
4909
5926
6006
2924
5840
2686
3501
6010
222
3094
2279
6064
584
5145
3079
967
7063
5394
4768
1102
4473
1970
499
517
3243
4154
1935
3454
4842
1260
3185
3286
1087
4394
7672
5102
1889
3336
4519
646
4617
2653
577
1627
4964
3893
4375
542
5691
2931
398
3280
4678
7082
2352
819
1794
6855
3217
1092
6548
4927
1039
5738
7607
4357
5788
6075
7194
3970
6220
6033
7644
4863
4884
6501
5263
5297
4940
2366
3695
43
1525
4619
5821
6950
5038
1528
1649
5907
7496
2307
7438
6934
1884
2267
1016
2150
2219
1192
6036
4139
4598
6575
3882
3673
3021
558
7139
2012
6002
942
3346
6846
7227
5681
4843
2169
3007
7535
2882
4561
5205
1303
1872
3115
7691
3598
156
1724
4907
1664
3445
5459
1710
2852
3658
939
3429
4045
1187
7367
3761
2521
7030
6912
571
3256
7337
1980
6650
7062
5811
3571
6136
7497
2856
3239
6922
2024
529
3279
2057
2741
7129
1474
6953
326
7421
1471
7178
3042
414
5004
3203
6692
3504
6919
5825
2683
1742
2671
4933
4029
1869
6458
841
6744
4878
4167
5256
5160
2959
4658
6686
2711
2168
3259
3201
5853
7622
4781
333
5443
3030
1581
6197
5169
6785
1586
3778
7533
2162
5055
5761
6720
4078
6249
733
7201
2573
3581
5813
4312
3750
307
1496
940
4196
7558
1497
4483
1966
7270
4891
6878
1211
2262
183
3821
4935
6318
920
5324
4625
3609
7117
7254
3438
4390
6667
4525
6208
7452
3605
1909
2180
3847
3432
6543
1223
1423
2266
1958
5239
6751
7066
7568
67
4763
519
6863
4273
6274
3976
1907
6286
751
1943
3741
3612
7234
2566
337
902
5440
2555
5542
1880
6313
2015
90
7601
3368
5159
7240
5065
4096
760
2339
7597
7396
3074
734
6193
3666
1503
6987
762
4950
3176
3575
1201
3827
7700
2736
1694
4659
4942
7006
155
1387
1804
7494
6128
2224
3770
6826
4564
3801
2787
5067
1748
6742
7252
3421
7625
2221
3104
2374
2919
6596
5704
3947
6774
2278
1689
1220
4430
4206
6951
4889
4113
4600
1529
3562
5246
4047
2662
6515
1623
6289
7327
1796
569
809
5835
5810
5335
2274
6584
5583
2126
4877
1354
7569
7647
490
567
2542
5719
3025
1868
4628
4479
5765
2911
5994
3347
5267
7317
5963
207
2819
1304
6242
5381
4501
4774
6422
2804
7686
3959
3268
3683
1280
1660
2079
1620
7567
4701
2297
1725
2721
1457
1487
848
6338
6455
7361
6111
242
658
5064
2806
7525
3518
2109
4809
4590
731
3321
3067
1385
564
4398
5688
5461
4898
3409
5839
1130
7267
6783
3524
6083
1406
7458
5889
7341
4282
5773
6368
4128
185
4187
2814
3199
3677
3273
6068
906
4112
2620
6213
5998
2414
747
5173
7457
5401
878
6095
1393
7624
879
1411
3360
7229
5032
3800
6579
6162
1374
2413
4399
4189
4558
2133
720
392
3538
384
1369
4408
1741
700
6084
4868
980
3762
4648
6400
5466
2838
5341
3229
6494
464
2381
3213
7462
4155
4972
2572
6821
2845
2707
6737
1075
2230
6052
5819
6918
1879
1308
7322
4586
555
7698
3306
5960
2485
1154
928
3401
7656
3276
2900
3160
3331
2783
7065
4796
7028
113
3589
2661
5488
7300
6393
182
214
3150
6299
3002
2305
2321
2391
3011
6525
2581
7586
2835
2000
5747
276
6446
363
1479
3174
3784
2071
6456
4460
6641
6570
6106
586
2058
3803
2462
523
6460
5276
6504
6200
4097
6324
5227
1412
4265
1621
6472
7262
1570
7134
4252
4836
375
404
2660
1490
6189
5031
3721
5636
5834
500
2146
7344
2108
6685
4036
3162
4901
5405
5228
5108
1076
3566
3391
6938
2975
1197
423
6272
3799
2638
5194
5574
5209
3965
5726
6148
5925
583
5218
786
3153
7543
6281
2163
609
3332
1159
6419
4686
6116
3437
923
6694
5935
3520
7415
5973
3159
3878
1675
6375
7489
7410
4966
3200
853
1671
3600
4336
6214
6528
4509
5759
4716
203
2302
2968
4957
5860
5917
2797
541
6041
5188
6849
3740
798
5470
953
4309
6850
6977
3885
1117
7246
3938
1143
4314
6880
3278
5948
2313
629
4799
2958
133
6531
5157
4109
6382
7087
19
5344
7283
3373
3143
769
5828
7266
3540
6325
5937
3777
1626
5455
1384
6150
4455
977
6307
4244
4719
1315
6589
6424
1829
6854
4428
4591
4250
1015
6557
7463
6236
3231
3251
6792
2504
3284
3038
979
2006
7474
3192
1433
6853
1507
4765
3624
4482
703
4756
7051
2228
2865
298
3725
2520
5844
955
5142
7285
2513
4548
396
2582
2539
6902
855
2622
210
3297
934
1815
2005
1444
6725
7316
3648
5378
2676
4710
4995
6284
7153
4608
5457
5416
1114
301
620
2891
660
5851
7326
2034
741
225
3577
2989
2110
4387
161
5137
1429
2517
2081
5849
3924
4305
3839
321
3858
717
5486
5215
1155
4613
3798
6499
174
2604
1055
6058
5420
4806
5503
636
4066
7515
5151
35
3653
2141
5184
1061
3313
1775
3234
6216
5229
535
3328
6093
3810
4371
5005
5232
7296
1828
5792
4786
3492
6838
2510
7612
2571
5084
1918
6560
3845
4138
6532
80
2938
3776
5545
6448
6256
2355
3448
299
6975
5537
3319
388
5554
3375
2458
132
3177
1291
6729
7149
1353
2831
4004
1442
7014
3611
2317
2289
1052
4431
5477
6168
5895
7380
3868
45
2906
913
5768
1708
1723
2767
5731
7465
7213
1329
1562
6486
1798
5807
2796
2846
5472
4135
737
129
880
266
6035
3023
6123
2740
1612
7232
2423
6412
4497
3138
7354
6178
336
837
4976
682
3112
7571
6347
7197
2606
3532
158
4223
3812
5454
4890
7478
121
2360
1930
4837
7503
5281
5473
4347
6999
4973
4883
3797
5791
6798
7169
4017
4606
1549
5026
1805
5287
331
1932
3516
5220
533
5208
3369
4378
6369
6866
2635
5936
3879
1498
6266
4543
7050
6176
716
4667
7309
4051
1942
1959
3608
5235
7480
548
5120
5710
2132
14
1009
3669
7516
3929
6882
3656
4183
6534
422
7500
1236
127
1849
1312
4670
4928
7606
3071
5135
5508
4958
6808
5328
405
1148
3359
1579
3980
6355
5499
6171
6791
1587
806
3124
2577
4539
3271
1603
163
1349
1022
3772
3479
2256
4924
3659
4657
4303
424
5600
6577
5524
2950
2087
6674
6894
2225
2335
151
6779
3926
3459
6004
5519
5146
3059
6268
7156
7175
5952
169
4746
269
177
3887
5315
3483
1604
7636
2556
4052
6415
1758
2822
1643
6907
901
5284
5224
1152
2102
28
5668
5642
2096
3734
4826
6042
6198
6947
4748
6952
1070
6599
5045
6396
5638
5037
801
5174
3638
6312
6402
4724
3718
428
256
6030
5282
2647
6888
4266
5552
7155
1870
5532
4787
1370
4353
6351
1414
7036
2595
2872
3320
1557
6070
1420
1345
4080
4245
691
7427
2932
706
6722
4277
5515
6822
2739
4949
6958
7126
2762
1446
3264
4824
7406
6608
5019
889
334
2893
3523
5210
3366
4526
1462
2699
6831
3433
4913
4542
5967
1688
7273
3642
1047
3000
6181
7648
6845
3855
7551
2371
5068
1504
5587
3643
1610
5370
5720
951
718
2888
3344
5234
6816
6477
4825
7591
6454
776
458
4322
568
6645
470
7024
4274
1089
5419
7331
359
5187
3357
3680
492
317
393
4926
2372
5669
6956
2294
5784
3371
7
3664
6932
4301
297
7446
904
1972
929
3046
6640
2611
4991
5380
2363
4740
3919
6124
1407
279
4700
7475
3120
4596
4396
5007
7360
512
4592
2382
4068
3020
3990
580
7668
5518
3813
4531
2330
1272
3125
5050
7487
1913
2907
3499
198
4518
4207
6054
5796
239
495
5576
1063
3588
7561
2980
3631
831
2894
460
4777
3559
6296
4475
2952
3318
5079
4323
5657
6711
426
96
4874
6309
2892
7687
1791
6659
1082
5290
3435
3655
4587
699
2216
5903
6618
4817
4793
7196
6733
754
3196
1659
3874
2602
3583
600
1999
6364
2349
7408
1363
534
7168
4081
73
7034
7226
7067
5581
2292
2936
2795
4136
4733
3767
4749
1770
2368
4554
3326
3534
1338
5873
1871
1683
2760
2041
5922
3003
5399
3068
6464
4469
7538
4953
5006
4779
3591
877
2562
2922
1512
2625
2657
5342
3999
3689
2470
4920
4791
6311
311
4832
1488
7541
5816
445
7093
2540
3148
7058
7152
7651
391
5479
3028
3808
4141
2240
3356
4134
7459
7492
5919
6945
1279
6321
7353
1644
3233
589
5733
1478
6520
6147
275
3790
2516
5449
5028
6581
5512
5206
6964
4229
2375
1145
1364
2326
5365
465
5250
53
1560
856
2164
1744
518
1903
875
1259
7703
5482
7666
6174
3824
958
3508
3936
3387
5170
1665
2692
5410
291
2341
4838
1578
3222
2456
546
1296
4341
3715
5706
4865
4285
7250
1226
4650
4512
1835
4705
3597
3969
4652
6644
7379
2019
3814
7145
4275
3832
1641
1957
7521
5913
6697
6478
6159
6634
309
1428
6768
2696
2881
1118
6173
3809
3902
6110
75
1790
772
3350
5897
1177
7039
4742
6626
2667
1952
5299
7431
2733
2205
3221
6188
2346
4342
7239
6471
4218
4054
988
6105
1111
2978
6229
3701
6704
4038
4168
509
846
5979
3107
4117
4681
6246
7334
5746
6542
1856
461
3118
346
6877
6161
5795
4217
7460
6857
5303
4268
4634
2518
7365
6335
5421
5147
4019
3380
410
3807
2637
3606
7176
5567
5654
4121
5879
3896
6348
5577
5446
4446
3402
5396
540
1821
5374
6842
6708
6954
1540
4423
7031
5201
7328
7105
4622
2070
3490
2043
5047
1120
389
7278
255
2431
1277
4758
4840
1404
2627
33
5247
2785
2923
935
6467
6597
4520
1048
1202
5257
725
1803
7461
6298
6143
6994
6652
4392
854
3927
3506
6172
7619
3619
353
2685
2583
1609
4523
4697
348
1149
821
6665
7704
4754
5954
1678
619
5770
3260
472
4507
7116
273
7392
5605
7626
4070
204
3541
3921
479
891
1996
474
6490
2487
3475
1108
1993
1631
5850
2210
7135
4841
4072
4122
4900
4493
5180
6264
897
4550
5350
3051
4020
89
521
5959
5639
2967
2459
4258
7313
3075
6941
7148
3470
5563
3310
1861
1554
3905
3744
2899
1600
3982
2750
3135
7086
4495
4411
5661
6167
2444
3866
226
5471
1642
92
3363
7485
4484
6069
4931
58
5144
5149
3272
83
4969
1760
313
7437
627
5359
3392
5306
6194
6818
5402
5590
4965
3717
5965
4573
6354
39
2981
2055
1008
2438
4486
5408
6285
2552
4325
3225
616
1585
2380
5362
4854
1189
6803
143
128
6825
773
587
6238
1667
5582
5755
2966
4685
380
417
7445
7580
4201
5114
5966
2954
4805
2089
6696
6606
5739
6647
4904
7003
4636
6740
2525
1700
5340
7350
2103
7617
5426
4115
723
497
4057
1630
1920
6847
3923
5060
1341
6366
2568
3270
1394
4524
6754
7303
467
5264
2847
187
7100
3374
6498
2646
5291
2285
2186
3365
5387
1987
4441
5921
3614
104
7400
1240
3972
2825
4714
1816
6933
6098
7112
3253
4150
6005
4091
4085
3509
4882
3345
2549
3787
6447
1677
4320
157
4110
6604
990
7696
7593
4980
3249
5495
4289
2669
7522
7633
4123
1261
2117
3037
2463
3486
919
1072
3757
3121
7315
6451
5575
507
2598
2069
130
3733
3450
7616
5424
3869
23
5634
4505
5384
3493
3461
4510
6554
578
4254
2859
3119
6271
2255
6721
6149
2265
4310
4760
4283
4941
5690
2447
5014
5878
1991
2402
4107
2486
4419
608
302
3246
1968
327
1636
245
5606
3830
7374
787
5021
814
4388
3436
1771
2999
6709
3602
3709
7140
1234
1676
2597
5750
4712
3414
7430
3194
3712
3330
4410
6529
4908
7634
2633
7228
7473
3078
2584
3022
5658
2407
2477
3054
1757
5003
6059
4169
3105
1480
6536
4261
21
2135
3122
2985
5914
4237
3736
6496
2969
905
7391
7640
4147
1929
2862
1605
2408
6661
2201
371
503
6537
753
611
3946
2435
425
1451
3930
491
4114
446
6381
5544
2446
5101
5723
4269
7123
3257
6860
508
3182
1517
6896
2014
709
5347
6631
6112
2075
1707
5013
4538
2986
2185
1432
3190
2690
5880
7224
1753
3197
6096
3675
4807
4210
4974
4879
2200
3274
559
1032
1030
5961
7642
3154
7271
350
1206
2354
2165
6653
6282
6339
6389
5701
1772
811
7433
6337
7553
1986
5621
1301
5475
5949
867
3594
982
3455
5307
3844
4535
7275
2322
5805
97
4001
736
49
3223
4577
6051
6530
3266
6141
5721
3545
7578
7125
3728
5743
5240
355
1422
6900
1436
3285
5985
2187
3977
7292
2429
3293
866
3495
4349
7665
246
3903
6777
6746
557
1203
136
3342
2823
6255
1010
4899
1651
6936
862
2023
443
24
6541
2004
4492
150
7280
4477
2450
1885
476
4533
7007
2191
2364
1256
4211
295
40
3983
4735
2113
2976
6139
6684
2857
1567
1136
1592
3535
2505
5548
3835
6590
5339
664
6671
6420
362
2746
1855
6050
5987
1218
303
2752
2457
3484
7637
5158
1975
1692
7450
3145
259
7532
5039
6107
4069
6662
5615
3978
6300
5075
1614
3692
5830
6250
6217
1838
4178
641
4194
3691
2181
3282
968
3110
5867
3782
2628
5623
6982
996
6183
6561
596
2544
1208
5893
3183
2159
6714
2153
7370
1727
1951
4839
4076
7343
4055
5217
1131
173
323
7402
4552
3165
789
994
7615
791
1561
118
3095
6889
449
5481
4828
7611
5190
704
698
1133
5829
5972
4137
4368
5363
4975
2898
3811
4514
945
4556
6032
5474
554
5585
6317
7081
7398
4811
5162
6851
3955
2252
2490
2641
3894
7599
3291
2183
1572
6350
5875
2188
5890
1893
4802
3178
899
3679
1137
6730
3277
5882
6062
3716
3427
4270
6154
3325
5886
6303
5976
5982
6564
5434
4175
60
6380
5523
1800
5589
1174
236
5497
4699
3422
1182
3964
1874
663
2701
2319
3098
7221
1924
3895
2594
6275
304
7059
1599
1489
6598
2749
5223
1543
6811
2268
1083
5346
742
2532
1493
4402
5076
4255
4279
65
1330
5302
7298
5885
4651
5489
693
5531
2493
4638
7483
7345
6766
6280
4691
7507
2336
1253
6960
3883
1963
690
442
6049
3560
7124
4090
4332
1648
1817
1807
7376
4876
6555
1777
4350
6138
117
2492
1865
120
1997
4299
6613
5066
1302
3472
4466
7090
774
7564
2076
5540
438
5438
5588
5526
4352
6157
543
1844
7501
6980
5666
2643
6747
270
2060
4894
2124
3720
6573
196
5273
1469
6244
5625
840
2378
5644
4612
1171
79
4149
2876
1062
478
69
4034
6731
3488
5517
5780
3018
3212
6992
4439
1074
6585
4637
6108
4203
735
7291
2991
4988
615
7389
6961
7352
6727
3187
7099
213
1967
1368
7043
5371
2007
3804
6180
3012
5153
1916
3657
4311
325
5277
1613
3753
3617
2912
5989
5799
7199
1733
3430
6202
3502
1937
1164
6756
4918
5812
5772
5618
868
1332
0
5403
5596
3967
7547
4018
7195
3416
3413
3186
5510
2331
2253
4553
4537
477
4044
3714
3324
2396
1325
1580
2570
7248
756
2849
1834
4242
6146
5760
938
2223
7434
1559
6114
6436
3961
924
5280
2850
18
6700
2565
4508
7594
74
1271
3984
7403
2027
5607
3634
602
3595
2839
5815
3641
6506
386
1122
5078
7001
1476
4065
6940
650
88
7707
5197
6392
3338
7527
1894
1258
4380
2430
7160
995
1711
827
6607
2810
2207
5794
2333
7621
2706
5266
4541
1662
1801
2001
1569
488
1019
3696
4568
1158
3180
3722
1774
1878
3216
1350
6409
5928
7179
3780
1227
647
42
712
7021
1463
1311
5608
5071
2564
5622
3939
2441
3041
2615
1994
2576
3909
7320
828
6416
6203
6278
3316
1555
2009
1151
6239
3792
2448
5106
5123
1210
1313
5469
484
1041
1618
6516
1278
950
1040
715
140
7519
6897
3245
5778
2949
593
3779
1527
1859
7220
5024
7078
7216
2645
6892
1633
5674
6426
3473
730
7222
5156
7424
6118
2553
6569
5869
3931
4452
62
1787
2036
7587
5955
7321
3214
2182
4680
5649
1786
6439
2337
4885
6479
7083
4418
370
6156
7536
604
3510
1167
4272
6414
3864
7223
3820
6844
5988
6109
2100
857
338
3334
6370
807
1067
1241
1591
6588
1418
3774
2631
2161
722
3076
6260
4751
2784
4921
4813
7565
1033
752
2567
3960
7094
852
659
3958
6192
4687
1749
4440
305
4711
3590
3682
6145
2684
648
4146
7577
4677
5683
1793
2406
4366
3394
4775
2829
5684
3055
6410
7230
5627
4219
4304
2105
3515
579
3056
2067
4227
1343
5824
4008
1541
2801
3676
5555
2992
3043
992
3992
5025
6927
2324
6868
7312
6691
4143
7570
5698
6617
3667
4151
1124
3849
7290
6755
6872
181
5314
6861
6043
7512
98
2674
6086
4224
1179
5125
7205
6502
2798
7699
3954
7012
6568
6833
4239
2712
3468
2449
1175
6806
5452
6672
1270
5516
7311
2726
625
76
3547
6509
3828
3522
7638
7544
330
5762
5109
4294
4544
1509
5730
3081
6430
5535
3654
946
7048
2920
1229
4362
2930
4718
1453
4478
3870
623
5288
7172
403
6873
4517
5422
5543
993
7260
3628
2655
4333
4563
4467
5097
5116
4635
1095
6920
47
4208
2979
5650
2284
7092
468
6429
4911
1556
514
3670
3469
4062
3317
2099
5270
1116
2868
2048
2536
1788
538
367
2800
2343
4761
3747
6097
166
1327
3856
6066
2743
2465
7070
4604
6276
7251
7675
41
3550
6443
4783
2016
5629
5283
4970
2286
713
1191
5764
628
3604
861
6723
3649
6843
3415
1275
4116
7191
480
1380
3986
296
679
6544
652
2935
6580
5312
4348
1106
3451
721
3097
7684
4906
6572
6891
3966
794
2909
5702
3208
1021
5571
6215
111
3113
7188
3935
7477
3485
1547
3748
4585
4172
5803
6080
6643
2884
6489
176
7441
131
6008
1196
6675
6047
5533
5442
3172
3130
7158
2157
218
7163
2640
6100
240
2184
4094
2306
5871
4572
1695
661
2261
2238
1093
4132
5456
1818
3398
672
1088
2939
6297
4087
1417
1056
2022
7181
6122
2511
4747
2357
522
5584
813
4960
7629
2452
2235
607
383
865
2786
2772
2358
2121
1183
1065
4041
6226
2199
2248
6475
2794
4177
2897
2904
6926
812
1558
2259
2982
4119
618
1519
6254
6484
1696
3940
2782
3226
7049
2227
1494
2663
883
3853
4641
3997
6164
673
2082
4530
2929
4140
6804
4795
5155
2116
6067
4293
2970
874
3228
7566
7509
820
6638
3710
3250
5181
5769
4412
836
4704
4374
966
954
5514
5852
2029
4618
2479
2247
6622
3464
4319
2416
3570
4373
6739
1300
5970
6890
7397
4359
4338
6404
7432
4442
701
1377
3719
5651
3766
4870
345
154
6270
5887
3875
710
5940
7265
3592
1025
7247
3016
115
6245
3944
6442
2254
4456
1713
5570
6117
1933
2890
2680
1717
148
7499
4804
4295
5296
4032
6132
3352
6595
5092
5483
6085
1940
5904
1595
2202
7305
4192
4334
206
1944
1981
2918
5
5501
556
890
2530
1449
4593
1238
5685
4437
1886
6265
1530
5785
4513
7419
4351
3496
667
2344
5846
767
5414
7091
5798
5200
2681
1135
2512
4536
581
2303
2409
881
3637
6819
6374
1339
2275
7336
493
3871
4449
6
5945
3660
2369
6379
1840
5415
7236
6204
7439
6230
3950
903
332
68
216
2908
677
3035
1465
2650
6655
4871
2854
7443
5080
6635
6221
1634
1505
1596
544
3476
6680
4165
3775
845
6915
2506
5435
2334
3466
2379
2095
6942
6320
6763
633
6807
2309
6802
3994
6331
4778
7481
2993
5901
1073
1045
1139
1439
2263
635
2545
5756
1625
2460
2715
1882
3381
4688
4772
5074
3132
5360
4156
6963
4426
5610
6248
3164
3358
4434
2863
2155
6493
4248
2365
4095
6385
5083
1265
1607
5166
5616
1023
585
6434
2064
2867
6736
6547
7041
1031
7455
6563
3627
5093
2737
7472
6133
1267
2519
498
1115
4031
175
1577
6022
4750
5637
1284
2587
6045
5258
3640
5767
7603
6921
2937
858
3724
5707
1099
5751
2220
1188
1157
6316
1779
5863
4766
610
1510
6344
5389
3166
7032
3026
3131
5248
264
6914
4491
5132
4213
4522
347
2946
284
3503
1068
2575
3109
5496
6401
7511
5034
7592
5521
1876
7203
77
437
2134
4954
4328
4281
981
7688
5376
1917
1326
7241
983
343
2080
7122
1544
5538
3513
6405
6728
6222
2234
7435
5601
1763
3169
6048
3275
4614
3323
1239
7590
4632
1482
1100
4386
2808
3621
4744
3662
5561
6140
5133
3846
1902
7264
1728
5318
5687
4771
1168
3507
6990
2887
3240
1475
7542
4800
2246
3230
6388
6497
3553
7575
4630
5251
2467
1391
5507
7010
1669
2689
5559
6207
1060
5672
1317
6251
3841
7559
4903
707
2323
2612
684
3269
6893
440
1773
241
5196
3713
6718
1113
1454
5412
1837
6482
6196
6867
6510
5968
6094
1652
6911
3907
78
7420
4515
2789
572
7161
4665
2104
3460
5932
1697
1452
5164
4893
4616
6901
2626
6431
7324
4989
5923
5289
6715
3706
4290
4284
6558
1366
3001
1747
2077
2636
4888
696
3457
870
2592
4256
1897
4010
1119
3899
5630
3601
6021
5752
50
1831
1020
5059
591
1914
7349
5171
4562
4810
7677
432
6976
2424
1318
6886
6453
4856
1923
826
2731
2809
235
3004
6621
7293
3426
5103
7692
5680
6507
2433
6201
1685
5216
5758
107
5285
2649
2264
5611
1576
3006
3478
7504
2410
4633
3884
5663
5175
1426
5619
4830
3064
5779
2120
4337
2728
5612
6428
2509
6060
2340
4005
6227
3911
908
268
527
3066
5833
6090
4180
4365
469
917
7581
5048
859
4226
4302
2605
5182
3093
2061
4179
5087
2541
6546
783
2864
2443
1379
5207
4549
6656
3309
5975
4161
5918
3511
3087
7554
5673
2998
5527
3756
412
805
6660
1854
6000
6233
17
6113
2144
1331
1860
1941
900
421
3702
4098
1934
3396
4860
6917
4030
395
3913
4834
1438
2115
1721
1421
601
5309
6031
573
6322
2419
7416
6025
3993
5275
7107
653
1324
4655
2921
7649
3017
237
6771
2691
2964
5150
319
5016
6624
6970
4367
4821
2866
2387
3456
1701
763
5797
1751
7211
308
957
7015
3482
378
850
4555
2851
5127
419
520
3090
1110
781
5062
6483
6092
6578
4977
64
5888
3065
3684
7411
3863
5801
1730
6587
2957
2137
3384
834
7573
3603
7020
2426
2397
1896
1046
5671
6864
4684
1026
202
4324
6063
5557
4158
5573
4436
2229
2777
668
7595
192
382
3362
1682
4100
4400
4642
6437
7454
7109
2593
1276
4847
553
4291
4296
4785
1104
6989
5599
5465
4403
4626
4574
4422
5245
1535
7106
1814
6359
165
6329
1064
10
4845
6910
1639
27
4994
6997
288
2198
2718
2149
4922
5051
6425
1388
2160
4344
2880
6959
5505
230
1898
2877
1550
595
195
4551
1802
6943
3949
6701
448
5392
7442
5447
3528
6968
4421
7579
2427
1156
6403
3599
6908
1887
7356
6462
1629
2766
7138
656
5944
2824
758
1264
2827
5603
61
7167
2383
5398
4867
4827
4230
3578
6905
1316
2046
2526
3428
4599
3533
4199
2802
6088
7545
640
1789
1348
342
2094
4326
2563
5485
6801
2299
3616
6995
5594
3859
3688
5513
5942
3303
5597
1351
354
5336
1824
2666
4660
1295
4578
6724
6869
3481
6144
1243
4083
1911
1371
6813
2478
5678
4853
2554
5641
896
7127
4406
2742
6023
4532
481
6463
1792
116
209
3554
5808
1988
5549
1647
1939
5091
7258
5233
6789
2308
7417
20
3987
7277
1460
162
1209
3914
2288
2192
7680
2886
7658
4152
3582
2318
1431
5077
6444
921
7325
5506
3671
4624
447
5098
2658
7513
7027
7654
3034
7448
2713
1781
2704
7332
7287
2166
5980
1320
134
7076
5725
6549
5670
4276
5749
1147
5214
5823
4236
3928
4
7369
454
4376
3620
2042
1836
764
1715
444
4982
4967
1109
1833
3048
4797
3353
278
3335
2644
3237
5253
3442
838
6800
1520
1185
5562
5294
6308
7177
37
505
5301
1806
6679
6677
6199
6503
2454
4470
3480
1090
7192
3548
2428
4159
1358
3439
1419
6115
7464
5260
1608
6211
6676
450
936
972
71
4259
6601
2947
5633
5522
160
6279
6327
1955
3542
2257
3477
1985
5604
6612
6962
1922
4157
5096
110
3010
506
3593
3128
3029
5089
2547
6702
4046
4088
6669
4397
7671
3206
5617
5329
6689
6293
873
1729
6840
2586
3544
1443
234
4709
5185
622
6142
2723
328
6288
785
3292
4673
2175
829
6524
7653
1584
6078
4728
224
247
1435
3096
6343
390
2944
2152
4694
7310
6234
7470
6046
2781
4015
7585
657
3904
961
7084
1425
7253
2942
6790
2590
5977
32
7044
5226
1140
7493
1977
2807
7017
324
3880
5126
7517
5905
728
5556
4048
5536
5742
5202
4653
849
5413
5163
7338
6998
66
614
6072
6749
4605
2377
1732
3294
3424
2376
6376
5436
4429
3818
5744
5395
7669
7072
4645
1989
6001
2803
744
4042
5000
560
6610
2933
5861
5122
2131
2280
3364
3073
6799
817
1602
6817
7173
5941
485
7183
7505
6828
5212
3645
4424
6526
975
400
1274
922
2
1173
30
631
914
1877
4715
2996
6904
3060
6944
3922
1890
5368
6699
4251
822
1078
7614
1281
7426
1193
7582
6038
4444
2917
3163
5995
1101
5418
4663
3070
872
6357
766
103
164
6759
4162
7409
5460
4753
1823
2260
6384
2455
3372
1269
5990
3265
4961
3842
1086
3723
1594
4937
7209
4377
4986
4792
4910
6223
694
7245
3219
4198
4335
3434
2629
2037
4221
2123
4588
2524
6906
5729
7162
566
959
2053
5547
3742
1908
1333
4339
3596
5186
3
5700
6055
267
3086
3390
1328
7074
1982
5478
3082
2128
3546
6981
7508
5643
3786
5677
6646
3127
5848
4629
2241
5030
1225
6837
5511
6481
1356
2977
6769
835
186
7662
6870
7695
2404
590
4916
1862
2765
261
4644
2578
6009
1058
4671
4417
1663
3238
3988
6824
4257
3760
4743
4056
7466
3996
597
965
3941
5476
6119
3551
6781
5304
1172
6693
1006
655
5782
1077
999
3743
2025
3287
4732
1176
2951
6705
5243
6473
4818
463
3462
5498
4193
2281
2995
3232
2902
7524
1352
441
7009
6017
6972
2693
172
4451
697
7368
4789
3735
6946
5748
2394
5086
4381
7690
4790
4012
3568
2291
8
3417
5624
2101
6678
4025
5598
3129
2934
6576
3295
997
4951
6716
387
3378
5269
1764
6356
6812
249
5168
1722
2173
2580
5874
5776
2579
6637
6488
6879
970
48
6540
4979
2417
6782
4077
2744
7444
2535
2021
1361
7514
1716
2994
871
4649
2608
893
536
2434
1526
4073
2218
4502
4267
6629
5177
4361
2439
31
2616
1811
4672
1059
139
5920
7510
3901
416
2195
3463
651
6101
2399
1146
2848
1965
6435
532
1598
2779
2068
5345
6780
3920
5073
6681
5468
4027
7414
3906
2119
771
3915
3697
2841
2538
4243
3729
2172
3144
1928
4773
5165
1737
5964
2771
7231
2840
962
5042
352
2940
6762
1808
3552
109
5709
7476
4481
5105
1672
5620
364
2499
5703
6087
3793
750
7705
1347
4313
5326
7008
7550
221
5259
4002
863
5713
1044
6820
2853
3943
5832
5854
1857
5094
2054
7346
2507
365
5386
6809
2833
7272
3351
2883
4823
1080
5379
545
1839
1797
1936
6512
6500
2345
4506
6361
223
3299
3527
6562
669
3615
1180
2816
1743
5659
3465
152
1430
3585
1949
7526
190
7339
292
1881
180
1027
2531
843
6333
2242
3573
5322
1657
6765
7171
3215
4389
3367
2599
6232
7108
784
1686
360
5429
6591
4963
1976
3474
4912
6898
2488
2283
3393
1858
2474
5134
5664
3690
3410
112
4782
2613
6328
5802
943
5327
5053
5112
605
7060
757
6040
2471
1198
4978
7534
5983
1071
6134
1588
5388
6649
5946
5203
2290
1212
91
3700
1575
3157
6909
4601
7284
233
1038
1314
4074
1298
7702
2761
4174
3158
6620
552
248
1938
644
4581
2084
1992
3819
7375
7214
5933
956
1582
6565
4471
6358
5831
5072
4848
3033
1112
1500
2421
4035
3500
4416
86
1830
5686
4450
5667
7546
685
6224
5138
675
5877
7600
6773
5323
1851
2895
7693
7071
941
7560
7471
3013
2085
6056
1237
1005
5997
6636
7186
7119
1998
4880
2212
5211
765
6848
4798
1268
3543
2758
7198
4833
2325
799
2670
4676
2844
2632
6277
6523
4620
5054
2031
777
5023
4816
2793
7130
2812
3343
3126
2700
3314
2432
797
909
912
1405
5069
5118
2679
2311
550
5652
925
3487
3850
4385
5837
6859
5463
1307
1953
7335
1286
6935
2389
6231
1866
87
5509
6386
3340
7143
4776
124
2734
1416
815
4453
2873
1294
1144
1397
4695
530
4669
1950
2928
274
5530
3337
4014
6535
2656
6170
1216
4340
2130
6395
6757
2896
1335
5286
7447
6827
215
5711
688
6476
4064
1754
1037
1762
7685
4262
6732
3370
1395
7133
6065
926
3077
4784
1228
168
1698
989
4962
5433
7056
1726
2682
1712
2301
7046
1178
665
2730
3080
3377
3146
2927
4725
4864
3783
1974
6810
3764
7120
5494
4829
5278
3151
1969
2008
2338
5464
3536
539
613
453
5838
3307
3836
6630
2359
5525
3198
3737
5775
4623
471
4204
3956
6187
6237
4939
3084
5741
6057
4148
1310
3244
7333
4720
376
2179
2010
2203
7657
3453
7103
674
6120
3908
5692
6664
361
1601
2961
4892
7079
4472
6829
3207
898
4675
4212
1346
2914
5891
4153
6996
5238
1194
7019
3382
4852
3989
2751
2677
1638
4063
2063
7261
6363
6262
1282
4093
137
1654
2440
4329
6020
3937
5451
7659
6210
4859
7683
4992
2543
606
1841
6152
1552
6713
1705
4145
2855
4021
4589
2748
2550
5566
5355
5008
7371
844
4702
2073
5437
2090
7674
7395
6628
3302
366
2112
3556
4703
7530
1513
1305
7583
191
6719
7506
7540
6839
4297
971
7137
5912
788
4420
6377
4306
7340
984
6706
81
4887
1359
7549
5332
3840
4822
281
1128
433
3618
7678
6967
7235
2759
6326
2385
6929
5528
6258
4485
1574
2206
3912
4858
2727
5035
3917
670
1820
7146
5152
4379
3467
11
4166
1262
231
3865
179
7040
6513
7358
4875
2176
6323
3886
4727
1809
4241
5732
5293
285
1888
385
5423
1372
3444
4405
1780
2672
1468
7479
16
3647
5715
927
2154
6688
3785
7660
2889
5462
2411
5737
3305
2271
6627
427
6408
2483
3565
7486
5178
2528
4287
2955
1415
5774
72
7681
5029
211
5334
5432
574
4022
4173
2386
6778
5148
2393
5458
2710
6039
25
2356
286
2729
3881
3281
1012
1769
1931
1184
3235
3471
4844
6332
6346
1221
724
5121
1546
57
4023
1827
5502
6492
5847
6986
6594
5950
2974
5858
2232
2983
6423
141
322
2708
6228
1962
6615
5407
6301
7110
1635
7697
2673
1852
6633
1079
1169
4292
6190
5969
7018
6508
4308
3633
3727
6185
1563
1611
2609
5857
1323
3032
3114
2652
2482
5252
1822
2830
7217
374
6151
6698
7449
4131
306
6567
5593
2869
1766
7089
7381
4668
459
5161
6334
3248
1819
4474
2585
1979
3745
5564
2623
3005
6815
1658
3981
2194
3825
2659
2557
7676
5777
4058
6153
702
2503
7136
2668
7436
5553
1919
6519
952
5956
5790
430
3147
1915
6225
7632
1035
7166
3262
5568
2698
998
5292
3327
7689
5192
434
5631
6247
1409
300
6015
3308
4666
2156
678
3872
1069
4682
6175
5898
4232
7268
6556
4983
212
7412
630
6883
528
3802
3252
7482
7555
6505
7552
1050
102
3333
1034
3746
2675
4647
2249
2617
3241
3339
2049
7670
84
3646
7390
3932
4026
4987
5843
4936
4998
3564
4382
4238
243
7164
5866
6514
4181
6283
5546
5986
4354
3610
4759
3693
2817
3681
2558
3580
2764
5390
562
7189
2508
5539
6367
4812
3452
2574
6885
5862
5491
7347
5809
5609
3751
748
6158
406
1673
749
3623
5865
3355
7144
5580
692
2066
1813
1699
2621
1456
5550
6450
6184
5099
5427
4461
5648
411
2559
1845
2756
4409
7073
159
2515
7011
1150
7628
802
969
1283
2480
280
1825
59
7121
3058
4043
1447
7215
4233
4102
6788
5565
7047
7104
5735
4565
6362
55
1001
1690
6182
4713
576
4729
3137
6805
2347
4468
5052
6306
5316
7610
1252
5520
5745
2078
510
6365
7529
1597
5305
4075
351
7187
5934
7154
4225
612
5195
293
3106
4356
7054
4061
2709
3406
5814
4661
3261
2642
5665
6852
7319
3530
3711
1217
6330
1765
6074
6571
2858
2926
6269
3411
5082
4016
3512
4897
2403
4929
2589
3953
3934
4358
2695
686
6797
122
2903
2209
1233
2461
171
5356
7382
1736
257
1622
3181
3732
3173
1842
7491
2106
7548
4176
3549
6551
6480
415
394
5974
5100
5560
3952
3315
5056
6734
3167
7097
5027
6518
3218
4191
3661
6013
5354
705
5697
5699
6707
7643
825
4195
3447
1254
3768
842
1306
4415
2217
6928
3405
7451
5689
451
487
7257
4163
5431
7394
7202
7604
2984
4370
3579
2788
1097
5193
1292
6553
5480
4246
1905
1402
3418
7405
3205
6235
985
6903
3636
2127
260
4264
745
1523
5655
7307
3195
7016
4930
5800
4011
456
6668
1053
7631
5136
5783
6135
947
3625
3053
930
915
373
3945
4981
1691
1531
911
4639
227
5592
253
6533
6695
3057
6061
2065
5272
3400
5586
1
7210
1470
1628
3805
886
5504
3626
228
7064
1761
6305
4298
2373
5298
2603
3925
4996
3789
7243
170
4717
3668
3537
1564
2304
3395
5984
1002
4855
3613
7602
3133
4696
34
6104
1297
2719
1219
3635
5110
3759
5915
2965
2136
1396
7304
3674
2569
2033
1290
2270
895
2953
7212
599
6089
7165
3193
2013
3031
6582
4144
5487
6487
4557
876
46
987
964
2861
5010
1926
7157
6735
3639
7329
6465
1255
344
5011
1892
2687
2348
4726
637
7456
5962
483
1398
3161
4990
4315
6710
3698
5892
6794
263
1524
1160
2834
6372
1251
5529
6743
3687
851
486
2316
4111
7330
2400
4171
3514
7286
3918
5534
2768
2129
3288
1134
6748
1242
6602
4546
5249
6654
193
4547
7055
3521
4393
5614
3974
4407
6876
531
7000
6079
7142
2724
2388
6137
2755
3296
3236
5081
7663
5009
1745
6387
1912
4610
6984
402
6398
1508
2147
6044
1401
4721
6858
2050
4364
6949
7102
2140
7469
7061
3890
1593
1357
916
3322
5717
1568
1853
335
4235
7364
2963
6726
63
2818
6302
7667
3179
1051
5199
4579
4013
1399
6034
2174
4079
1319
7141
2384
1900
7468
7399
4142
515
5724
7128
1011
5189
1445
1195
4767
1784
3407
5198
5204
1007
6764
135
1138
3529
1848
6948
7242
1266
1084
6449
7085
4343
5430
3341
5635
4355
5044
5213
5167
1248
643
153
2062
1964
4627
5943
4395
4059
4247
3155
1548
6345
1653
937
2092
7618
5271
4643
779
3354
2960
6026
6566
6985
1481
219
4443
7630
6527
51
4216
7042
4104
5088
3526
2654
4404
1373
2395
6899
3826
738
4594
1545
642
1646
780
695
377
4458
188
6053
3857
100
7384
4819
3443
3607
6127
1249
1499
6795
3050
3829
4372
1616
3731
2757
1107
3861
818
4545
7276
2398
7572
6772
5222
5265
5369
1123
2774
2495
7413
6793
7407
6614
2792
2523
1681
3505
3971
6521
4488
3047
6340
768
1899
1215
2118
5406
4060
2962
7608
1042
1386
3267
5754
1750
2282
4345
1205
6648
1434
4737
680
4049
5308
1971
4220
4133
1121
2990
7052
6394
5981
5012
3794
6776
2047
5377
5090
294
1336
3403
3998
7282
4803
3397
3576
3085
5319
4129
6931
2747
4127
3298
3833
3008
401
6469
6155
5822
5996
3408
5827
6121
2497
1978
2226
3862
1288
6586
1125
3632
349
3388
3116
1141
3100
1181
1954
5333
7490
265
3663
3361
4769
6925
3672
7314
3867
4384
3412
4200
5656
4459
5417
4118
4190
3563
4369
420
6690
6717
6091
1094
5141
681
2879
6003
7096
4186
6682
687
2072
1383
4260
1355
1615
816
2145
3703
3036
2665
6865
4307
7537
4106
2237
6830
5705
3423
2537
770
3933
2842
2276
7342
2300
6206
144
1752
7673
5572
6432
3517
3755
2059
6076
884
4602
4603
3860
2705
7646
594
3349
1334
7679
6611
1904
2028
6019
4101
1655
3699
2098
229
7080
7440
3586
7609
7029
6294
2714
5439
4124
832
5321
7101
649
5991
439
4414
7502
3916
4997
7151
146
6342
6786
3383
1501
7295
7255
3102
4946
4938
5409
4738
4383
5786
6871
1785
2987
932
4170
7244
2436
3304
473
6930
6957
3898
2030
2971
6924
2298
4489
1539
6913
6603
2596
1381
1514
407
7429
1583
2244
282
729
5712
6336
7005
4504
4205
5818
2269
1230
2639
2943
7523
3449
662
7366
4943
4286
3567
1850
1714
2600
1864
7387
3948
1684
4730
3072
3379
5001
2035
888
5910
5040
6399
6257
6014
5113
2236
6081
1163
6673
5695
4872
6011
5845
5771
1246
1995
2296
918
1956
238
7180
5870
4609
2350
5063
1846
2466
7588
5951
3995
7075
4188
482
4745
3574
22
5036
4462
2091
2213
2910
7351
5018
6784
4480
1537
7131
4425
94
1186
2972
3014
511
5117
6466
5254
6391
2905
356
217
6240
7200
4438
1382
6969
4476
4498
272
588
5244
7095
6407
6666
3817
1734
5978
3220
2040
2038
5927
3991
1014
6378
197
3876
2811
271
4741
6073
2634
3188
2293
7022
4857
5311
7170
5268
369
4654
1289
2056
252
2945
1703
3255
1812
1532
1551
101
2437
7635
1946
3156
5602
2370
4435
5842
3101
5876
4499
6352
2468
1875
6559
201
357
6623
1013
2017
5130
4597
3152
5591
7297
5856
5095
1536
2473
1738
1847
6787
3348
3498
2948
3300
290
7363
4917
4316
7388
2011
4752
3040
5766
2052
5718
2222
3678
6440
3651
6983
2239
5139
1485
4757
4679
1619
44
4214
1486
5820
4689
1906
2702
1901
5351
4516
147
5348
4708
2250
6267
7664
4955
2107
792
6468
6165
1293
4567
5262
1199
4690
7355
5676
5626
3730
2860
2607
5444
436
775
457
582
7207
5992
2551
5111
3891
3561
7053
5183
2697
5313
3191
3044
5231
6290
6457
639
795
6796
5930
7269
1492
3123
2614
