1071
103
717
1221
196
1088
18
707
545
173
293
864
229
1407
836
1402
779
582
1035
647
109
1131
356
532
313
1063
106
403
620
1374
389
204
437
1162
366
7
21
241
1115
1329
667
625
1355
943
1314
1082
297
700
490
100
1093
11
1061
611
1390
1225
580
396
28
1247
40
1039
422
928
935
282
133
1203
195
191
340
166
412
860
805
954
983
1190
823
135
268
423
1210
251
973
1279
56
680
996
972
165
1140
523
1052
384
127
917
468
1296
1382
831
1166
456
203
331
1385
849
674
713
804
547
1223
885
1380
1151
890
1179
914
58
88
218
549
544
359
1299
934
294
120
815
383
1201
448
216
979
334
578
5
906
424
1352
1336
326
553
1175
363
233
428
478
515
85
818
81
562
1028
682
586
593
669
71
206
1044
29
1155
298
769
886
686
1324
1068
349
225
1077
1369
729
79
871
183
1087
354
640
951
6
1048
462
339
673
283
1320
26
915
518
524
372
99
602
806
722
1226
388
1003
1020
344
591
9
1350
261
1192
1097
571
1372
180
1167
273
710
731
4
563
1272
1119
1163
80
765
1399
409
200
560
314
888
920
66
123
1094
522
1107
1337
22
1219
1346
327
932
89
895
1334
835
907
223
96
1104
1123
609
1274
1270
742
323
1121
125
1269
1392
1053
467
1244
1376
1135
250
358
1075
465
475
555
795
848
54
235
990
615
176
1148
756
921
493
1033
1273
574
1092
865
724
1243
982
394
182
287
725
838
1256
434
965
519
1158
1054
585
179
517
1404
1160
1236
543
1271
158
275
8
999
883
1070
1197
1045
1253
685
514
13
527
368
772
480
1143
654
1312
222
1000
1007
701
439
1128
1235
247
1168
336
1134
1276
15
168
152
1396
1277
1111
316
1172
146
1282
446
949
386
171
1181
167
718
531
1349
39
825
712
33
429
174
661
984
509
880
638
34
139
881
931
595
1232
995
513
1251
608
1091
892
714
1284
175
47
869
1042
556
348
889
194
492
1100
538
427
463
442
1030
260
1288
134
659
1126
453
444
220
138
720
1356
797
391
155
411
404
672
655
253
534
551
794
1178
690
445
958
63
994
347
1083
1229
908
828
807
800
762
1298
50
113
162
126
1024
599
376
1078
529
882
542
1019
1242
541
796
781
605
711
1327
626
577
1027
17
450
787
408
664
925
905
51
821
236
471
1333
723
854
1319
557
1371
62
968
856
1136
1275
902
950
1
122
1359
744
670
38
1116
1227
1037
1114
766
177
1297
819
1189
341
147
441
500
367
642
964
405
1195
833
1249
976
1152
977
753
533
1008
31
477
1321
1234
1085
1120
75
114
810
381
1011
459
1004
957
1387
1406
116
1361
107
1246
923
1062
1304
520
153
1150
181
516
1133
936
784
956
379
636
1233
457
1348
1323
961
528
829
747
853
1241
644
1341
36
243
1330
436
415
668
1147
140
292
53
536
896
148
1015
1205
635
137
1036
489
927
1173
1106
414
715
430
1001
653
280
947
1228
802
41
263
939
645
144
150
20
1118
118
706
1285
325
1290
909
1034
302
683
1351
309
1261
739
1014
1182
402
1164
1306
1328
317
189
1064
315
1165
759
209
572
443
262
652
87
969
832
676
1388
809
1055
205
1239
749
1149
752
237
594
1193
310
1339
151
474
1112
1230
911
785
271
1216
337
397
485
504
143
1302
78
866
1177
1139
1317
900
32
269
566
1308
940
746
452
416
332
234
1358
360
1043
623
1331
750
699
946
115
14
1184
1156
1117
754
844
299
1366
771
878
108
94
1017
814
924
373
311
757
418
215
1076
663
1124
249
867
870
539
598
1141
1300
91
296
1401
149
1073
839
783
300
57
677
604
525
813
521
98
1286
695
278
1095
942
23
991
993
52
342
793
657
433
185
1357
876
569
929
362
607
1222
486
438
919
1207
704
913
788
186
1021
432
1363
320
254
210
1079
464
382
352
1187
19
546
130
1145
417
136
733
629
1263
375
716
142
221
338
119
219
564
228
576
24
121
1370
989
1287
1183
1099
387
952
938
589
145
782
370
696
124
988
980
399
304
730
614
745
583
1326
10
1029
472
970
622
1154
1130
481
1293
365
357
69
48
732
986
198
506
252
242
741
1408
104
1345
1344
505
1231
843
558
476
1250
1212
859
190
211
658
1122
343
1368
967
494
324
727
217
1200
767
511
1058
1049
548
483
355
734
1186
948
90
3
1050
1281
691
44
231
616
157
1089
16
201
817
1208
588
1400
454
156
708
112
955
1005
461
1375
306
692
834
1211
37
498
735
918
1176
227
491
573
904
1398
1096
1138
307
164
632
508
1313
111
773
786
1137
259
1209
898
451
401
1059
660
941
240
1016
410
987
1258
1084
184
592
257
559
60
328
1315
1220
884
72
1394
985
755
778
841
1343
1198
877
288
751
290
1305
662
333
507
1180
1303
912
12
852
618
407
1109
842
992
1325
230
1041
1381
499
861
1259
763
1383
737
891
202
702
374
1353
926
0
565
1397
770
1069
1188
792
61
319
1105
1060
1098
503
1213
953
540
930
1132
568
1335
1018
188
1012
1301
1347
789
385
776
791
897
488
1204
1191
606
380
419
1067
369
596
1364
172
554
353
530
688
141
610
129
830
495
76
35
1391
901
68
447
321
1159
922
1031
470
945
650
801
1264
689
55
345
974
1238
630
95
97
187
1307
1267
266
1248
1080
777
1066
552
264
256
600
561
132
1291
101
286
102
981
1332
845
526
361
1217
1113
502
761
656
208
937
487
212
649
30
74
698
279
301
874
239
1169
959
1202
1340
1377
70
289
1393
1185
812
1057
1245
1047
1051
624
1010
199
192
1218
161
736
258
1265
364
846
1311
1252
214
684
1338
567
1038
1023
1103
1215
998
1127
65
1379
1157
350
420
1214
1129
435
131
803
726
1224
1255
392
77
862
274
603
619
875
1086
768
760
248
1257
1260
612
703
1365
774
826
46
1026
822
1280
1206
1309
92
105
1268
1025
232
639
291
295
1065
824
1289
245
431
1142
740
110
1194
738
497
617
1002
816
728
764
1240
346
1125
887
473
1342
570
681
45
496
1292
978
537
1040
1196
512
1022
469
83
510
482
651
894
170
272
587
584
535
1294
962
335
400
997
1318
780
550
329
944
1090
197
308
312
224
613
1108
49
575
872
840
479
641
377
84
837
371
1171
960
643
213
1072
910
1373
627
1283
1237
705
694
628
318
916
743
1146
67
873
775
43
303
1322
850
351
1081
281
1046
226
82
1389
458
330
966
277
675
284
27
1316
163
395
1009
1170
758
1161
633
1367
244
665
721
455
1110
637
449
719
1144
128
484
1354
879
646
666
86
390
1262
285
857
2
1384
899
963
597
671
425
903
42
863
1174
501
868
246
893
1405
393
413
1254
855
1013
709
440
1378
808
1056
1362
1101
1006
178
160
267
687
207
648
466
634
748
426
421
460
406
1295
851
159
820
933
1278
1153
811
975
697
169
798
276
799
601
154
25
581
398
73
1403
322
679
631
1074
1386
93
1032
378
827
790
270
64
847
265
59
117
590
858
193
621
238
678
305
1199
1395
693
971
1266
1310
1102
255
1360
579
