2503
2254
951
2224
1736
2227
2505
2562
769
1825
1193
2246
2032
2678
1058
2628
1076
1072
22
1689
2261
1670
1459
403
473
129
716
2573
2424
1676
496
1276
701
1271
2499
511
953
2324
227
2655
887
634
640
460
10
671
2189
2512
2077
1621
2508
612
1209
292
477
2038
151
2070
955
2327
1958
601
1021
1264
2595
552
911
999
2239
2088
1502
236
1470
941
1763
225
1486
785
851
1581
2260
383
2353
531
674
335
2741
1987
2448
430
1659
2345
1284
1590
2217
1399
345
1113
1646
171
758
254
1364
1121
507
1183
2563
361
1623
1475
1026
1155
770
2137
1499
920
2530
1213
2466
470
1219
1180
1103
1625
2375
2075
1083
650
1989
9
2223
261
990
519
2359
2458
218
1327
586
1450
1928
2139
435
588
1821
2049
1042
1430
2660
1715
726
651
897
27
854
1863
865
25
41
1393
124
1440
449
86
121
1066
2574
2695
84
2402
83
1477
2020
1767
498
1792
724
1373
2249
787
762
2363
2008
525
826
1720
193
98
363
843
1788
2735
1605
779
1991
1824
1803
2483
2498
1710
1142
516
431
527
2699
1793
2490
2033
2282
95
2153
2649
2090
2428
3
163
16
238
1260
112
404
2419
2531
56
1918
149
2673
2144
1629
2634
2107
547
1478
963
2190
1838
948
472
1389
824
1357
14
1841
982
1263
2519
1828
1500
161
517
322
2433
2665
657
859
255
1015
184
2491
2248
2019
1382
919
1253
615
1059
1079
1380
332
2708
118
2367
1819
1513
1082
2364
2557
965
422
2743
1025
1608
1177
2199
320
310
1503
434
1102
1056
1598
152
904
2198
2051
617
1474
2487
2114
2478
1060
63
2206
2174
1206
2464
62
2148
360
2300
1913
1806
398
1940
722
1472
717
1149
412
249
1221
1934
278
367
1886
2528
969
1388
2694
300
959
107
1839
2580
1732
2543
1492
1268
2030
1080
1693
2269
2546
2439
1181
2129
2043
33
2116
147
852
2029
1567
1768
764
2555
2312
488
1747
975
2123
2703
2073
2221
2348
2311
912
1642
2284
1047
420
923
1272
58
2590
1192
216
2002
2486
1145
1945
401
2046
2592
1391
806
648
1173
572
2194
331
702
1099
1579
206
2507
1124
2168
156
1384
584
2308
2333
2586
2023
2279
2149
1086
1065
1346
979
226
1179
1981
1948
2518
146
2155
2415
2064
1672
1445
1211
2500
2620
2565
347
2048
2611
1750
1882
1852
2442
1146
2515
2588
1775
138
1655
598
2207
719
1583
2071
1811
497
90
2074
1089
391
620
2679
2622
1120
512
1815
2704
1381
1441
429
1460
4
19
667
1467
2102
2480
1136
1855
1966
594
2417
1215
763
2323
2316
1422
683
757
1006
735
182
1526
2368
2339
2597
2664
1930
1641
2290
2629
1109
917
246
319
203
983
1681
1517
2627
2639
2429
191
1017
2599
485
128
1778
1316
414
1409
2441
939
1053
2233
906
301
2648
1722
1964
1795
845
943
1292
986
2235
2575
1188
850
1773
2589
228
389
1890
2687
137
2132
1566
558
2058
2716
595
281
1749
998
1967
1862
822
1442
1403
145
2310
656
2253
2255
1528
1896
2738
1378
2257
692
1123
1481
1876
2297
1129
2723
243
761
2407
2667
2295
2270
464
378
846
2158
783
2396
1510
609
2067
2012
878
597
31
67
256
571
646
2100
1401
49
1599
153
484
637
2318
1115
2484
677
1437
2109
162
813
1847
2707
1315
1246
1789
1160
2165
827
1869
2180
2108
2304
157
625
1771
2325
270
966
643
209
43
2717
2228
2022
2750
1127
70
60
424
99
1746
2176
665
2740
1091
1461
279
1290
1730
454
2133
1584
1118
1539
510
113
2651
1205
922
585
263
1426
2185
740
1041
2372
841
1020
2384
1781
954
1030
1903
2430
934
962
715
1455
540
177
2747
1597
534
2215
2614
1600
663
2394
861
956
2591
251
1675
313
1416
2438
847
1831
1602
2492
538
1164
105
1156
1916
842
221
1521
1996
1489
560
957
870
1444
2449
111
1721
1654
556
2315
92
2047
1569
1063
1699
2328
2291
2457
2674
849
1713
518
1224
1705
605
250
1001
548
1014
2230
2234
2376
2400
1033
2154
2724
2393
1057
2187
1703
343
2715
1697
2452
1926
1558
79
2202
768
268
1576
468
2182
611
1110
2319
476
2081
1994
1665
639
1266
1523
1536
2454
627
880
232
1227
1167
818
1755
1993
1549
2427
1011
2009
1285
1128
1685
1765
260
1387
864
1909
1413
426
2662
961
2558
1878
1282
1805
1133
2183
830
450
2178
580
1807
689
2321
2469
2567
1666
1723
2041
892
2024
439
700
1680
61
294
2669
1615
1288
1112
2549
1695
1267
1505
96
2619
751
583
1538
1175
1279
2243
750
721
101
1417
792
971
348
796
2335
6
708
2096
1950
2086
1408
88
1019
2672
482
675
466
2489
795
1075
78
402
2054
1343
2272
2017
1648
776
1482
2334
2350
901
742
1686
1261
2274
2526
1973
288
1273
122
1671
831
2361
2130
905
1258
2444
1568
1785
2749
178
258
144
2488
275
2293
327
2630
2208
686
365
1653
2714
1728
1717
1609
2358
582
1921
2618
307
1240
2572
991
2722
759
416
720
1088
306
853
2163
158
592
2099
909
2371
265
632
2392
2754
2748
960
1744
235
1446
223
2606
725
1532
1134
1946
767
823
2554
1367
670
1392
980
1965
170
241
2520
1087
1861
12
0
1832
1374
1150
352
2445
1900
2534
1252
669
1901
2504
2357
574
2118
1594
672
45
526
633
557
1551
773
440
807
1888
2040
75
710
916
799
1575
636
1234
167
1498
2164
1331
97
1235
608
2514
1096
2160
2244
2110
1395
2585
2156
2437
2169
2450
2641
2470
1473
938
699
110
93
2721
65
2510
1893
1495
2559
1280
273
1028
1347
1037
1138
283
2607
1624
154
1752
262
2386
1923
1802
2125
877
1342
1952
1892
421
1753
1084
266
172
2408
989
1707
453
514
1944
2068
1850
1610
1522
2681
1938
2037
1542
2493
1742
709
1578
2115
202
1471
346
1351
1339
1097
679
2004
427
1857
120
1554
1237
1783
1433
1004
678
1186
946
1591
1291
1837
1278
794
2042
801
2050
2691
703
591
1424
573
72
187
1524
1069
1157
2684
789
1955
2731
2093
2266
810
1887
136
1682
2242
834
1130
494
1307
1350
1147
844
2195
2143
2746
875
2653
981
698
994
1592
109
392
2179
1563
2462
2666
2035
204
2151
1949
2082
1851
1328
1466
587
1012
1431
2374
2646
2145
2702
1038
2601
2633
2225
2463
1412
8
280
1960
2138
2657
1119
1447
936
893
134
211
1740
2014
131
2598
1884
2365
1191
2162
1883
1296
988
937
2525
2197
463
1738
2307
2142
509
1062
839
1619
2453
269
631
1107
1247
1911
2390
2447
1308
2259
1891
978
2167
2432
621
945
2670
535
786
1368
910
550
1606
1040
1761
1879
2404
2010
1951
1376
2322
1932
760
1643
2250
2732
2718
1733
1537
549
165
1411
2593
2582
47
2267
2476
1889
753
2286
616
2000
1612
903
1875
2157
1924
1289
340
1651
443
530
704
1679
1531
201
317
952
2431
487
2103
376
1552
1998
423
1421
658
1714
123
886
1637
1867
244
533
1022
930
369
1833
1812
2003
705
2113
436
1228
2548
1340
1132
505
2701
835
521
272
1077
1126
1458
654
2494
82
626
1333
2642
1902
1423
1190
1265
2624
2191
259
214
2354
168
2360
1166
2332
884
2425
1137
1217
2733
2409
2309
375
2091
1627
970
874
1141
1101
2730
2236
2209
1739
2083
1525
1936
462
1871
2161
2366
328
711
889
2604
1254
2055
2467
2263
1533
513
1324
2405
2413
2537
2411
2719
1982
139
2369
1436
2637
790
1162
2550
1496
2401
1185
390
1649
1464
2502
1259
1111
215
858
81
1822
2636
372
1990
2576
159
1073
1035
2625
840
2688
746
778
199
1196
1910
529
1439
2076
57
2121
66
1780
354
1029
29
11
311
2126
1917
1556
1614
2395
569
896
2089
1634
180
1820
2496
2087
1933
2569
13
1644
879
1927
1984
1153
1658
1352
2513
1724
2341
2568
71
2596
2421
486
1735
2378
2213
1244
2078
2482
1152
2686
797
1877
614
388
1814
1054
397
1929
1593
1898
330
302
718
1834
2680
2204
2481
1168
805
2659
1210
1434
48
1716
570
333
2277
1947
40
385
480
1463
1501
1613
563
2517
1639
428
1509
1667
771
2541
1661
1507
866
189
1024
532
825
1586
267
932
353
1865
554
399
2560
1359
2612
935
2532
1904
2021
1061
2294
432
676
964
1085
1954
357
2652
155
857
316
604
600
2303
1349
459
2643
1479
881
1204
766
1664
1977
1694
891
2737
1885
707
2535
1560
2251
1428
1650
2616
987
732
1182
94
1999
1
1607
1358
2306
2533
748
1497
985
188
2706
287
85
1719
356
2127
546
1405
17
2104
336
731
341
1588
46
1184
2693
2382
277
691
386
1823
271
2136
91
624
1319
2538
798
321
613
1677
1345
1880
641
374
1362
318
1326
2479
2141
860
195
902
1161
1094
1457
1754
30
224
2356
2120
681
1985
1269
35
536
1232
2739
409
303
2305
2288
1712
2423
1297
2566
950
2752
240
1760
160
2222
1448
1915
364
628
213
1000
564
2173
899
1846
150
1216
2610
1527
997
1872
1840
2203
2175
1759
2188
2331
2539
64
2412
940
126
2578
1897
2085
1480
471
2720
565
882
837
752
1849
655
2011
1543
1337
2166
2436
1968
297
596
1046
298
2603
577
1870
1064
231
1922
2317
1804
2465
2391
1274
1640
1601
212
1377
872
1200
2485
832
1432
32
1483
593
2613
1490
1245
495
444
589
780
1348
728
1122
1229
1494
1208
2186
2296
1692
784
895
1051
55
2059
1159
1684
337
36
727
1864
1979
2564
87
2511
836
2626
2146
2084
1971
1318
1541
2501
2016
743
1827
1540
355
680
1657
54
1859
1314
233
660
2352
914
1718
607
992
995
452
900
290
2262
1906
284
1406
2677
1631
1488
2725
410
2551
491
1154
1555
181
2193
207
1983
299
2540
1131
324
2131
220
1925
2094
1300
1741
1344
2301
863
1504
2397
1908
2495
2600
1574
349
205
1169
925
1616
1249
2434
1198
1225
815
2631
1125
69
1711
433
1962
1813
2516
638
465
2377
1845
2005
2063
382
788
230
1361
2218
1957
1618
1784
2471
1772
567
2069
1242
1116
883
2
176
2229
1683
1404
1562
2240
247
647
1854
1465
2095
325
1239
1383
1256
1534
395
1257
2057
438
2092
1321
1016
2337
602
2440
222
103
451
248
1963
1117
2729
606
1702
21
2527
1826
1360
1031
2697
2278
418
34
1078
1151
1283
2726
747
885
2025
566
1844
869
1836
1202
2018
185
474
1302
2326
132
164
1779
1580
285
1559
1690
1626
2689
475
1008
1034
1596
1325
695
599
1939
166
2044
169
2340
1311
1453
2027
629
1371
775
1023
921
2098
2456
772
2644
2007
1074
1652
2742
358
1356
1187
942
457
1830
697
1748
1355
1816
1329
1511
907
350
1275
1961
1435
2238
2542
2744
685
1766
141
1303
2245
2299
2692
1729
1090
2184
2414
1818
2147
1585
1700
2219
53
2728
2128
2344
1770
1407
1743
2226
745
1443
2124
706
2753
237
1635
819
736
1942
2506
2561
1243
417
338
1565
829
590
949
644
754
2196
1174
2383
2214
2475
2472
741
2101
407
1214
2343
855
2426
1791
115
2682
406
749
1571
1848
1529
100
2615
1372
744
1519
445
1163
1195
1647
50
1354
1322
2418
2320
2211
508
1797
1514
1972
483
2159
2302
1572
242
738
974
1757
396
1943
1013
1688
1379
2581
524
1573
1207
1899
2751
1561
2675
2379
1975
821
1332
1487
2053
2700
1553
2347
1969
1165
1535
362
2122
2584
562
2727
1298
264
1438
186
1418
1170
1104
888
1171
314
2711
690
1941
2734
1425
913
1287
972
2524
394
733
400
1978
458
1611
968
1706
664
415
2403
2683
661
2192
696
291
1696
645
1386
114
293
2031
1320
2349
1920
1176
973
1055
2036
876
635
2201
26
1093
1330
2355
405
2140
51
520
455
2451
2497
1071
791
812
1758
1052
2658
1937
2252
2617
1550
2709
2416
1338
2745
1912
553
2663
522
1049
1745
2587
622
1317
1313
684
659
1336
781
1974
142
366
820
2381
1787
579
581
1334
1375
2271
2039
370
2435
312
2460
1506
1396
289
252
756
653
1829
1429
2056
1817
351
2529
2285
1218
1415
539
2135
1456
15
802
39
437
551
1140
777
1914
996
958
461
619
44
456
1622
734
1935
541
1777
239
561
2536
1992
2066
1726
217
1427
927
1895
2443
393
1294
1108
2602
2001
408
1633
1262
192
2264
1385
2237
1220
2232
469
1801
2216
1737
774
1222
2112
868
1468
1764
2006
2292
2117
765
2181
1462
1281
2281
1363
1201
2545
1241
1045
196
24
135
1238
2387
890
2061
1956
1410
1070
856
208
1144
2329
871
2705
867
1762
257
713
2265
37
2570
28
1589
729
2212
642
1894
894
2389
2640
1353
1557
1255
1709
479
808
1858
1400
2013
947
2553
793
2638
104
1304
2661
737
1881
542
2034
245
1673
2623
1868
2028
481
1866
1774
1402
1809
2473
967
1365
1306
723
555
1734
1009
1139
493
1231
2256
1530
2177
1873
1691
1976
2152
2544
1725
1390
2547
359
578
2594
2298
694
926
1105
1098
1236
803
506
1106
2119
148
2385
2351
1515
198
2399
125
305
441
1796
2289
1223
342
2654
929
1751
1043
1548
2713
282
499
1731
1230
143
1669
1704
1469
2609
2241
295
1782
1194
175
1545
739
1172
2523
1853
652
1874
1628
1039
1986
1067
1663
1493
2583
1630
2668
501
918
2210
618
2446
2671
2105
1309
2380
814
425
1005
2346
1027
1452
2509
1341
1988
296
1995
1454
1512
1570
2220
2736
1199
873
377
2477
1295
190
933
380
833
326
379
1233
74
2268
1708
2650
200
1790
2370
2577
2205
2521
504
119
688
1860
2621
387
1420
2690
503
197
80
2461
1698
130
2579
323
448
1286
828
38
2710
2373
1212
1250
73
662
730
1143
2388
2015
1959
1484
1810
898
2258
528
2106
2045
1687
523
183
2062
276
2698
1582
2522
1794
77
2398
140
1727
1301
373
1678
1520
1660
682
809
2200
1800
1953
568
106
2645
1036
1197
668
1277
712
2336
2712
344
1776
368
2280
848
1808
2171
1449
2065
2338
2556
1003
1248
1919
490
442
714
1476
18
649
2342
1595
687
309
1419
1335
1305
1397
2052
575
173
492
447
219
274
1095
1310
108
339
559
782
2231
133
2111
1508
1451
1100
2247
1769
1674
1044
1178
174
515
1092
1997
666
1270
2455
1002
993
1018
2275
1189
2273
1299
1905
915
502
304
42
630
446
1564
1414
944
2608
5
1068
2060
976
1604
2330
2685
1835
543
1293
413
2072
179
1323
1620
1312
1970
838
253
1856
817
20
467
371
1485
2026
2170
1081
544
116
7
1226
1007
800
1636
315
1366
23
1546
2134
194
1516
334
924
2459
816
1842
1369
977
755
1799
2696
500
2552
2097
1662
234
1638
1577
2314
2283
2571
2656
59
2362
2313
1032
1544
68
411
229
2410
1931
1010
1158
1048
537
693
1756
928
1050
2287
2468
1786
384
1203
623
102
1907
117
489
1135
127
2635
1114
52
2080
1656
1398
576
1617
286
2632
381
478
1603
2474
804
2420
603
1148
1491
89
1798
862
76
2079
1251
1980
1547
1645
545
984
1701
673
2647
419
610
931
1587
908
1632
811
1843
1668
2676
2150
1370
329
2605
2172
2422
1518
1394
308
210
2406
2276
