571
403
709
466
99
529
485
55
471
72
52
424
193
469
498
238
501
308
146
21
344
695
162
156
532
57
707
225
716
185
446
661
514
566
720
354
535
441
263
190
583
112
613
616
161
634
95
76
78
588
114
405
297
273
538
721
195
172
464
533
261
407
342
125
63
662
685
572
418
410
106
637
710
33
609
142
421
178
586
256
388
105
181
20
447
301
255
494
621
669
457
8
232
671
517
115
275
34
325
582
165
265
611
259
120
492
422
504
443
526
272
537
116
207
274
58
240
563
603
556
682
139
244
295
101
557
92
167
549
476
708
610
227
434
680
528
646
689
309
335
140
606
235
522
664
577
380
35
652
228
269
62
659
692
581
723
82
419
203
110
322
555
651
375
245
217
385
318
630
158
513
130
159
576
53
196
201
65
438
371
188
287
27
157
187
247
416
246
237
168
691
623
84
425
626
91
615
102
699
31
719
37
266
108
338
104
604
524
568
66
398
408
645
509
540
461
417
668
426
561
369
192
592
286
487
358
213
282
147
429
18
704
638
28
687
594
573
343
605
445
211
473
531
544
666
149
16
618
173
480
360
330
484
370
667
260
636
639
202
121
180
352
204
640
390
205
628
541
428
414
264
11
123
345
502
364
129
179
339
315
198
163
649
170
440
477
336
657
42
570
327
194
647
67
631
347
249
379
271
470
199
280
210
679
558
270
550
413
595
153
258
643
290
564
366
39
189
80
627
712
334
219
144
4
230
97
214
47
36
412
316
283
483
132
596
554
98
510
420
478
439
86
311
454
60
633
717
303
444
512
353
233
75
363
482
486
10
553
22
382
279
331
463
500
545
387
460
490
620
598
291
208
376
127
506
401
79
516
6
546
164
678
250
94
87
467
525
644
7
698
306
351
672
612
107
70
527
632
433
515
124
677
503
496
304
574
49
452
686
326
497
701
488
521
176
25
267
670
175
607
216
399
642
600
41
650
462
12
432
724
394
559
676
126
61
455
449
243
465
71
450
177
654
374
154
386
625
19
569
268
350
402
409
543
251
186
608
278
184
580
113
474
300
319
511
693
590
629
690
458
109
404
206
648
357
277
302
44
665
393
0
117
713
361
653
14
715
284
702
118
64
392
50
507
601
367
155
32
254
224
257
567
239
138
299
171
307
43
436
499
281
136
694
48
400
622
321
54
591
437
468
111
585
215
448
166
579
45
536
262
329
681
697
15
684
641
602
349
332
77
296
292
337
143
534
128
508
384
9
231
2
90
593
688
13
182
248
221
145
696
453
150
313
518
340
389
530
137
722
200
451
700
119
160
539
122
197
220
703
397
183
51
229
472
442
100
372
706
547
324
624
234
427
56
191
597
236
479
656
88
655
89
356
355
348
619
276
562
141
383
373
519
323
135
456
675
711
152
242
377
430
599
293
493
96
83
23
38
69
305
495
151
253
368
317
718
320
252
314
148
1
30
359
489
391
658
103
46
285
395
674
548
68
435
635
475
683
134
673
174
346
584
381
241
218
81
328
17
415
423
85
505
341
209
542
560
223
578
298
294
312
29
660
565
169
411
481
617
222
714
365
74
73
3
575
310
24
491
93
705
523
663
520
614
552
40
333
459
288
378
406
59
131
431
226
212
589
289
133
26
5
587
362
396
551
