318
1066
640
2165
2431
1007
1663
1801
1261
726
120
1450
216
2125
1310
957
2494
1705
1026
87
1247
2329
1734
1500
2096
629
2009
1216
1628
646
1738
1947
778
919
675
1646
1676
823
2001
718
1238
1791
2482
1964
2349
1509
185
195
1758
2405
1857
2128
701
588
25
1987
496
1467
229
2356
1010
1413
2156
1091
43
1881
1976
1366
1536
1256
854
1797
385
77
1842
931
1993
1542
1655
1902
443
2157
664
875
2333
2385
380
576
2300
2225
1952
2135
2360
1969
1910
2449
1056
1926
163
871
1172
71
1813
851
1365
776
2464
1027
1600
824
765
1799
2098
1577
2352
20
1897
1659
616
284
927
2397
1105
2131
1918
668
1905
2257
1521
1506
1668
727
238
1537
269
1229
1963
352
628
759
1051
2458
774
721
1869
1700
1757
1921
53
728
2258
1930
1815
2198
2134
456
2190
1353
1398
2348
609
1116
2218
1621
1529
1271
1307
642
1517
1169
422
2223
1452
2380
294
1177
842
72
1776
1327
364
408
581
1639
1528
1858
2161
1773
2178
58
605
1340
682
405
2041
2319
769
1002
1494
2435
2007
1818
1576
1385
964
128
1594
599
565
744
2473
297
1535
477
2006
1624
78
700
1979
442
1908
292
911
750
897
1502
883
1722
1086
415
1896
1053
653
1180
2255
1779
523
1472
1829
2425
175
387
114
2284
2260
694
2056
2027
2396
1498
626
670
437
433
144
1439
543
1380
1868
2492
1957
2239
1260
2110
524
1427
1911
1297
1900
1232
687
603
1904
2051
656
1069
635
1251
1043
1599
770
1938
1092
2389
2406
1060
959
37
893
1071
1268
716
571
1525
333
2024
763
2338
1318
577
2022
476
1516
263
169
631
1284
1893
691
647
1763
1072
676
1362
278
1596
407
1140
465
289
2214
2129
2476
2117
1254
2216
201
7
454
696
2028
2362
2395
1428
1940
439
1822
337
487
2163
277
703
1240
1200
1972
1228
2359
1574
203
1965
368
1586
771
1955
167
1527
2112
1971
321
2462
1476
661
1848
568
1673
2121
917
1454
926
2339
186
280
542
545
1715
995
2151
1337
1562
1189
1335
1204
2433
1102
529
1037
19
1657
1934
1862
1381
643
1082
471
1641
1746
1036
1158
1605
800
671
468
2295
829
2046
224
50
94
265
1062
1448
31
1681
2299
1978
502
534
2208
1383
235
2274
2023
745
2253
101
82
1076
1004
541
2194
1109
1518
1252
1329
158
855
429
1143
1866
1717
1209
32
1022
1197
2474
634
2490
8
1980
310
1488
1358
892
2256
1399
1906
2353
1401
711
48
940
484
2069
397
1286
719
2366
83
1276
1352
896
329
898
1920
246
2192
211
962
41
1619
2079
1943
1208
1650
1953
1123
1534
490
298
1468
1100
790
2037
1137
2423
1379
2238
1997
474
2236
1753
42
2
575
837
977
296
76
393
360
1130
979
95
1211
2357
2367
1675
2354
905
1923
2100
209
452
1388
376
1354
2241
2412
1919
1549
2285
1819
818
864
54
2085
1959
2229
1199
1617
2025
891
985
660
857
1161
2306
256
2148
1126
214
325
853
2400
357
1323
2245
1581
1712
1554
1424
2120
1253
2065
514
2378
406
1344
2212
1531
1024
384
165
288
342
1761
862
922
2282
1266
125
283
69
2468
1470
1041
2061
145
372
1831
901
1584
81
558
1631
2060
2310
792
2493
551
969
1435
1331
2427
725
678
2287
2277
1960
1985
2059
1805
350
2316
1844
113
1433
1519
446
945
286
518
755
2035
356
242
55
10
749
614
1925
1968
2345
1582
1040
1244
75
2444
2174
1298
1187
1575
784
754
39
713
1643
1220
2162
180
2080
990
399
2261
1107
1622
806
2408
1556
1155
2477
925
60
2105
598
633
1290
1455
1865
2275
1444
1803
135
2463
2455
1201
80
2155
1849
1812
729
706
2418
2292
539
1422
821
369
1303
1270
2186
88
960
5
208
2486
2032
1326
1336
2005
559
1567
2334
390
1860
2399
2419
59
1804
340
1080
888
2095
215
1793
2279
2246
152
2175
1989
331
1834
108
449
2144
162
1227
345
2487
1179
2224
2104
902
1257
980
627
1035
1325
45
1128
1780
485
444
1479
2263
1489
1552
1108
2296
852
2090
1846
1903
249
723
367
1250
944
1814
1832
1052
970
1021
1213
271
104
672
1483
2343
788
2403
2416
1775
466
2387
253
338
2199
2298
2369
1551
2021
950
521
1585
1341
1994
1081
2227
2374
1321
1745
812
895
1152
118
1355
73
580
2269
1491
887
2286
2145
1332
2332
237
130
1409
547
2272
2016
1246
2000
193
421
389
1892
1420
428
2093
2215
1762
304
1653
2160
1050
2206
1031
1226
1262
909
1874
1469
1557
2004
748
525
2013
1118
27
1589
303
2361
426
923
795
1782
84
344
1493
146
865
1387
597
2150
2381
1568
231
1134
159
1328
1933
2219
544
2067
1864
248
808
734
2226
2478
2489
409
2197
866
589
102
1156
1016
217
2313
1538
2377
2244
1679
1089
828
684
2434
1133
1966
997
1778
717
1503
1851
189
2168
1690
662
1273
1800
679
1301
2467
1117
300
2250
1839
1820
1359
227
1706
2177
1524
1916
1023
266
1342
2331
2291
935
461
416
777
1629
1361
2442
2371
2322
683
1539
1015
632
1707
1924
423
305
110
2048
1039
427
611
1299
2081
1614
1096
519
507
1482
2127
697
147
1678
1202
617
894
552
1871
2073
1029
17
131
137
1786
2293
680
1558
1887
2211
2491
587
2390
1664
2304
739
1018
1750
232
1296
2036
685
106
1573
1059
332
1572
2337
585
1884
1928
1982
1281
1612
2140
499
472
1264
1545
2243
24
1175
1173
254
601
1496
365
1922
1364
570
1008
1163
906
579
1689
309
187
178
127
918
612
301
591
1294
498
910
2088
1792
1170
2092
1314
1083
1686
1372
1304
2446
62
312
1406
511
2045
355
2382
1124
330
419
1729
418
705
1941
1880
204
112
1515
873
35
141
1633
1990
1701
2138
1588
2470
2350
1685
817
1074
641
738
190
491
1198
2203
607
666
1055
1546
1755
807
1787
850
1112
1453
1030
1090
1630
606
351
1121
34
1110
99
752
2103
2185
373
1555
1840
448
1057
293
506
1347
1769
383
1219
592
2278
814
848
982
2119
1203
202
1370
651
26
946
966
270
1114
2325
702
11
1182
1465
1636
100
489
747
907
2469
16
500
831
1317
766
707
395
2392
743
1692
2209
1693
2201
2457
2270
18
1564
2234
648
1981
1346
268
1349
1540
553
142
1396
972
1484
160
447
424
1154
2057
2237
928
225
714
799
1720
1667
1475
1932
2020
761
863
1389
177
2082
1811
2133
2191
222
1486
2068
1877
1028
335
2172
2379
657
715
780
1150
1983
663
994
2184
2445
1665
1400
2187
450
2084
46
2484
2373
486
196
2498
1967
958
495
520
975
625
839
2375
1901
1749
1826
1191
949
1713
2053
659
453
1917
1474
1571
1597
742
307
1392
1635
1724
890
2393
1272
23
526
2137
789
1764
2271
1075
593
1512
1891
2254
2091
1145
1817
1003
1798
255
513
802
1992
796
1369
363
1292
613
396
2101
730
2181
847
1816
595
392
2171
2173
1944
1157
1235
2118
1788
1991
554
991
1013
996
693
1590
244
1703
1167
555
459
1526
1330
1609
117
1492
1287
971
2204
1224
1006
2207
462
620
2417
1291
1451
1425
2318
1735
1802
773
578
1407
441
1410
698
228
2114
1011
199
1569
2439
2420
1961
403
1324
92
2189
639
85
483
74
2273
1122
811
1068
2324
52
2307
1141
1243
275
1696
1907
1012
2301
737
13
1196
1570
1176
1649
2410
1939
2314
1613
323
846
276
1373
590
322
1511
1942
1333
1181
1748
1620
133
2252
98
1404
1397
2078
347
460
1973
181
2132
1697
1460
398
1463
2235
1618
878
1319
1680
89
1009
2363
2485
320
1305
503
1477
536
1267
1495
1833
1977
869
2143
2342
197
669
2336
91
1580
1099
561
1861
134
1192
1159
1138
2158
1165
840
787
574
1824
70
674
1885
2495
2111
155
154
1306
2376
1283
740
1702
1234
2055
2461
264
690
1958
1166
319
2012
889
2146
47
1747
2063
230
2283
537
2026
259
1770
432
2003
166
1823
1845
1322
2011
844
2044
1499
1171
1718
1553
1348
210
156
314
2031
1882
673
168
1127
1843
207
751
1084
658
205
1830
12
843
1645
1651
741
921
775
732
797
2094
1837
2483
2481
341
563
1412
583
1374
1565
816
1473
1390
243
2108
2448
2450
1604
1754
273
1760
2460
212
1195
2193
695
1416
90
1859
881
667
497
436
1230
1879
464
1611
1711
1431
2242
2097
2320
1242
1996
2071
953
1656
2169
1054
1601
1661
1418
412
1523
107
1368
1371
989
1183
2072
903
149
974
899
699
548
712
2047
929
1459
2276
2042
206
1478
311
2200
686
1915
1153
1185
1206
961
885
111
934
326
1533
2340
621
1855
1608
530
2230
619
2311
1338
1160
1113
1810
859
287
2262
122
2407
1913
1945
179
1895
1239
1623
1683
1632
2265
382
272
493
735
1719
2315
291
2266
782
584
478
733
803
245
109
2391
1790
2153
1132
1421
219
492
324
623
140
401
508
1104
1111
2043
1670
182
1025
1737
532
501
0
1694
1514
1205
236
2017
594
954
1732
655
1784
470
2228
302
2328
1808
912
1120
2019
153
1288
746
1931
274
1714
860
1231
1184
1672
171
556
1345
1708
2136
1898
1867
720
1386
649
2210
192
1162
1547
604
317
637
2166
123
2281
2167
378
420
2052
57
1282
1566
1241
1878
2034
328
1935
849
1212
1723
1135
1357
2018
779
810
515
981
299
813
1530
1850
2213
1876
914
1334
557
1733
2429
2064
1461
1785
1914
758
2222
1391
1699
1415
1889
366
2426
731
2308
1085
61
505
1434
126
1456
522
349
2126
183
2388
1464
1377
783
567
858
882
194
2364
1507
119
241
1995
1093
2221
1698
404
1854
1598
2317
1038
223
150
1520
908
1147
479
1279
2488
2115
2014
1513
2312
1098
689
170
1417
527
1736
2289
2323
1508
458
550
1838
1951
1032
2290
1047
2496
1449
1616
724
2050
121
1626
531
993
1046
1360
64
2099
1065
1954
2233
876
1430
560
1447
226
1595
1233
2259
1666
1178
1975
804
955
1269
1606
1259
2070
2122
2083
381
1405
1560
2441
221
794
2149
2164
129
1648
252
644
1809
1049
410
1752
1245
1402
956
115
1728
618
1615
2109
1591
1077
267
251
1836
1642
103
1020
1048
143
1899
29
234
2180
1828
2321
1825
615
582
1999
833
336
2267
937
2202
1063
2398
602
872
467
2217
2196
841
451
943
1783
1956
354
630
1217
822
1313
1445
1970
1872
2456
880
1634
327
1742
638
722
198
1777
2249
2394
1131
798
2159
1223
2040
1064
538
2443
1045
1193
1890
220
793
1610
2437
1789
1274
1440
1146
2415
343
1806
2404
425
965
768
2479
1442
2302
1561
1438
2058
431
564
1293
1005
258
904
2066
1079
819
2346
1674
516
688
1295
4
1034
1550
295
362
1771
826
1741
475
2432
281
1730
261
402
262
1765
1541
1505
1436
188
1603
2015
414
374
93
2130
2141
240
952
2454
191
1285
176
1497
1249
124
868
1593
1280
1042
533
1949
132
948
1751
1221
756
1927
528
762
30
1311
377
1309
1168
1094
1429
2341
1974
1587
1873
2075
1432
2465
1704
359
760
834
622
1144
1721
1033
2054
66
1419
791
1174
1343
1186
654
1017
1548
316
1302
936
1315
867
1095
512
2309
239
2170
1756
1490
1660
1139
306
2195
1795
1225
1894
2421
830
353
1263
1149
164
469
1774
1375
2264
2370
939
1106
2453
1532
2297
1841
2154
2123
2205
1658
986
1794
481
879
2102
1014
1950
976
2459
86
1101
2294
861
1423
1853
173
540
139
2372
1001
313
430
569
2440
15
1300
308
1647
1481
1644
1218
2344
1142
2471
573
1395
257
2002
509
2124
677
1125
2231
1725
1781
600
2113
438
920
260
932
1061
1625
445
2383
992
2049
1716
1912
473
1544
1408
1936
1510
413
21
1222
736
1766
394
1543
1638
517
1662
455
978
440
2451
1356
40
1103
2033
785
1210
681
2179
2147
967
1088
174
1937
942
1151
97
290
105
900
2280
836
2326
1744
1807
1870
1886
709
494
1501
2428
1194
1607
346
1350
1739
1821
1731
2232
1695
2288
1411
400
138
1863
2335
1236
1316
1119
1384
652
998
96
1487
1677
2089
1078
650
1
2142
28
250
510
33
2107
2327
1265
44
370
1308
285
67
815
1289
2008
1637
1688
1948
999
710
827
1248
930
984
1485
339
933
2116
1070
200
504
2414
1740
586
361
596
1277
2182
2472
2176
874
1847
2402
2010
218
832
2430
1652
2139
838
781
417
2030
386
2386
79
1888
1393
1058
3
2447
2330
636
877
38
172
1852
482
1602
2480
1441
161
983
2106
1796
913
1000
1827
1278
1691
1164
56
941
845
457
1767
1414
2384
549
2347
805
820
1682
9
1275
772
786
835
315
1378
1466
116
247
2365
1962
692
2424
282
2152
915
1687
1909
2411
1320
2475
825
1583
2358
49
14
1986
610
1563
753
1522
151
1671
1835
480
1129
6
2355
434
2188
1376
608
334
1115
379
2086
2220
2251
645
36
1480
973
2303
764
1437
1875
1097
546
1214
1382
1019
968
562
1727
1772
1351
1339
1929
1504
1946
2077
870
572
2039
375
1190
1443
1044
1759
1067
708
463
2029
488
757
213
566
1073
1136
1726
388
1207
1578
938
391
184
157
1743
2351
1312
801
1640
2074
951
2247
279
1215
2413
371
1559
1627
1188
348
1998
1426
1237
1462
624
886
2183
704
22
2452
916
1394
1592
665
1148
1579
148
924
136
2062
2497
1984
411
2401
2436
65
2087
2409
2422
2438
1403
2248
963
435
2240
1255
1087
856
1768
233
68
1669
2368
1883
988
1856
1363
1684
767
1457
51
1710
1471
358
987
1988
1446
2038
947
1367
535
1654
809
2305
2076
2466
1258
884
1458
1709
63
2268
