3901
1703
9528
2242
702
8532
5683
6361
8837
962
8980
1762
9689
385
3249
9776
3244
1895
3264
8632
10231
6131
2763
6236
1913
670
275
7566
7741
4138
9233
226
3784
5995
3511
1933
1885
2956
313
10264
7047
118
5703
9510
2311
4908
939
3848
8321
1720
6229
5733
2333
7542
1058
6744
4035
7626
6554
2010
7506
182
8091
2630
8736
9860
5599
3973
9976
4109
681
3347
4847
1066
7293
760
9267
10019
8711
1668
4088
7694
9488
10426
8253
7264
6539
1374
7944
465
6588
10436
7827
8270
7783
984
8842
7909
5280
3113
3436
5639
2202
4707
2775
6153
38
8491
6348
4116
232
292
3938
431
2798
420
8490
93
9366
9696
6527
10030
6969
6750
7210
2472
480
1863
3747
7842
4157
5326
10444
6631
8707
9794
9942
934
8556
2792
5883
8861
954
8897
1789
9155
2443
5520
8786
3150
1677
4459
4693
8555
1477
3530
2039
7316
4962
1227
6798
585
5843
147
5656
3015
7053
7504
7660
3209
3307
4081
10044
10318
5727
3720
8793
4924
8438
6200
8203
1934
3541
1040
5220
4618
9791
4436
7866
7879
4195
8926
2302
1777
8751
8595
2615
2714
7503
7673
7927
8881
9954
7557
7971
1033
6471
1188
1692
6591
2224
7921
4860
6901
9531
4084
5185
7490
7005
3772
9386
2179
6253
10242
2404
1177
5710
5288
4141
5635
1585
2305
9751
940
1851
1078
4759
2287
4251
8572
5823
2152
647
7358
9451
5781
5881
5774
638
10098
8366
9909
2946
665
1170
6468
624
2183
1921
5498
6766
6965
1527
9160
8029
8500
5098
6680
3166
4065
1540
5861
10021
472
6644
6509
9795
9552
2362
9698
6885
494
6142
6152
3498
7278
6069
2771
104
5997
2808
3841
5095
2561
10255
8790
8313
10238
6903
6240
7134
5062
3556
10260
2850
4688
9537
7271
9428
3744
5025
183
6327
395
8924
8582
3098
2334
9994
6512
9013
7813
9720
3292
140
2547
2098
6480
5784
9425
6545
3644
1322
3239
6719
711
2717
7496
1483
2225
7335
4337
1317
198
4543
9372
3934
4726
7159
3044
8578
6246
1312
5981
1290
8874
2531
9927
6616
1296
3857
894
53
3534
1830
10328
9756
1005
1139
6773
4047
6689
5210
7640
5901
7282
9051
4789
3787
203
8619
449
7606
1838
988
6415
9180
10192
8019
6004
4129
9544
9405
1891
6640
6467
3445
915
2445
5814
7327
189
176
9003
4716
5809
5043
2708
4128
6696
7699
4087
5723
7395
3111
34
7861
2520
6786
273
6472
332
6137
2800
9111
2327
4343
6976
8905
8057
6842
81
4930
9660
10357
8092
4584
1712
1303
7930
1679
9369
9806
2799
6206
8487
4070
234
7302
6168
960
2456
683
8441
8445
6584
6869
3134
1124
2833
745
7414
156
7755
10144
6900
6402
1440
546
6593
7391
5011
8939
4620
7521
8658
9572
1397
5810
800
7533
3483
10038
3407
3358
7469
3613
5619
6127
7454
4663
3755
945
1211
2803
10342
4856
1127
623
4380
2100
249
4785
2096
830
6222
9382
581
8602
2173
7878
3823
3060
9121
6124
6336
1535
2939
969
3370
6356
3991
3801
557
761
754
509
8419
5561
4665
8082
3228
2261
375
7007
1294
3204
4155
2240
10449
6516
1808
6302
6030
9828
8472
3184
1787
7431
9002
6674
3504
8543
7668
1453
6892
10042
7427
5193
5555
5319
4040
1743
9915
3721
9913
3646
9329
9586
10152
3876
7567
7323
881
2318
5212
980
8084
7883
4022
8836
9498
4011
7380
3697
6167
9848
5755
8631
6283
8752
4807
8722
6085
6928
341
1509
1643
2135
241
8514
5517
5305
7760
8455
1469
8948
3262
2279
5585
8954
9106
2211
8589
2990
6412
7738
7592
6309
1584
7458
5953
8529
1901
7599
8234
4143
7656
4103
188
2159
2155
4234
3521
9819
1480
9205
2451
1765
8895
8076
6324
8450
5856
8040
259
9566
6963
4956
2494
5726
7670
8971
5018
6590
4133
3591
7858
7792
3350
7697
1718
5360
8404
4434
9101
7313
3069
1908
10216
9404
9740
5270
3377
4494
5462
3333
5351
8193
8544
2411
2550
9207
2090
7778
6198
2565
8970
1689
9011
6694
6746
2764
9323
7711
5031
10329
2549
8951
3138
4278
4032
9334
8902
3990
10081
5038
2732
8883
5538
686
3291
5030
8712
493
5770
6838
9672
8911
3526
1773
4892
1853
6810
8877
5254
769
4547
8364
8990
3468
114
7925
7767
8442
6596
10109
4534
1305
8513
5301
4983
422
10392
3986
6533
2840
6653
3695
9961
8138
10279
7167
8669
7706
1341
9752
6331
3590
5984
8516
5874
1412
4098
10090
9924
2171
4279
9943
163
9253
6777
9491
4230
5660
5952
1709
2613
9538
6541
470
6312
529
8930
9197
8210
4937
9447
4597
6226
9709
2113
1381
6501
10294
10104
8978
8839
7551
6909
8590
4852
10063
2681
2256
6018
2653
1342
7473
2291
7970
1407
5359
2469
568
253
5738
3831
8034
9628
6708
10102
6478
722
1917
4586
6583
6693
36
3364
6521
1369
6029
3824
2575
1552
2950
9731
7392
1782
4963
9734
4342
2347
9322
3791
7464
6790
281
2772
1740
2391
2376
5241
4915
4043
8927
5171
1616
3078
5849
8094
7289
5793
9600
1051
6443
4259
3804
5386
5867
9621
3929
4949
3614
4123
10448
2861
6552
5830
9116
9715
861
8262
312
6808
8668
5420
7367
3217
6059
6848
6743
6868
10407
4241
5573
4582
2524
6339
1991
5624
716
6912
9851
1650
4664
8411
461
9407
10123
1873
5855
3868
5946
7084
513
4125
6362
5608
1020
1421
1986
1097
6428
3452
3463
1251
2600
1463
8936
8501
6043
7614
3300
6528
7202
4302
7948
6814
4404
5398
7298
9619
6862
4705
2657
9558
9388
5165
8249
2138
3288
10356
7041
3600
1151
10416
3475
3126
8308
5251
9291
5244
195
1565
3465
5720
5567
8809
10195
2317
3221
9933
2051
8545
7285
4203
8898
4496
345
5559
7880
283
1899
2879
7794
6675
8161
2320
1979
9721
2883
990
5626
3092
8884
4289
1781
4757
7864
6440
9246
9732
2500
5460
2417
6208
6757
3867
6481
2969
10196
6469
900
1597
2982
3182
5423
8900
6597
8361
7287
7999
7140
9742
2166
8235
6883
2945
5719
5804
1886
1399
3833
5783
8914
2189
551
7281
2072
6797
138
7428
6027
7146
8211
10215
838
4880
3806
8163
1627
1791
82
10393
9345
436
137
8398
8716
6256
9385
9370
7228
7049
4783
3920
526
2343
4239
5863
111
8463
9964
6392
10051
8496
1255
9592
3174
5064
2097
4594
1462
9827
6550
5144
4969
6390
7869
7155
4677
10429
3154
576
9387
3293
5306
7831
7629
7950
2980
1174
2020
212
3567
4939
5461
9399
8758
1179
2786
2865
8908
301
8616
5364
1156
3743
7328
71
1258
10161
4832
5464
2882
5878
5285
8351
4181
2823
5208
1965
9556
3786
5242
9232
191
7339
5886
9759
4540
1441
3450
6615
649
374
8035
7486
8377
8271
9250
9178
8260
651
3727
3027
5967
7572
1231
4009
5576
10325
448
1272
9031
9265
3353
4592
10207
8028
5431
2259
10036
736
9673
180
2164
9295
9956
809
9194
2482
9611
3274
10136
3653
10206
9517
9476
1089
3431
244
8420
2525
4258
2504
5232
2069
1925
1725
6609
10025
125
7312
5090
4381
6792
3838
7933
4875
9018
4333
9156
10119
8125
8611
3493
9813
7906
6638
10282
9145
4657
1482
9055
10249
3657
330
1525
1499
286
7191
2797
589
5699
9153
1645
349
8928
8584
6806
4432
3501
2184
2251
3276
7793
4573
3548
7448
7098
9065
9243
9548
9229
3662
10131
8767
8724
5181
298
1489
3399
6079
10288
715
3513
2397
7249
134
6166
1398
7407
4100
7872
4585
2274
5739
563
4238
8469
3915
4482
9629
2174
7305
7601
9815
873
2901
4988
5333
4335
5569
6952
2492
4960
7633
9379
6524
2842
8708
898
9997
6765
6812
6861
9221
6143
9357
8379
1533
3352
1487
481
1924
8806
5028
9346
7852
7897
1583
4942
8997
3120
586
2086
4487
391
1685
7722
6657
3398
7006
8683
3860
3522
350
1198
7073
3750
9306
953
6624
10433
749
7824
8533
4732
8143
1015
5746
8458
9204
5745
4026
3800
8581
3225
9455
1745
2222
1821
946
4745
7115
3672
8804
46
5187
5154
9524
5324
9858
9638
8330
727
2120
9113
2441
10311
1973
3488
4298
2972
6036
6207
6621
5111
2873
3624
9174
2390
3872
7943
9839
10182
2490
2178
5749
9330
5758
1207
7246
5203
21
471
4560
7721
2638
4686
2395
8607
2276
9485
3730
2177
5059
9309
5811
297
1048
3555
554
5222
4320
5066
5500
6720
9331
3042
2324
5486
6858
8956
7604
8585
10013
1461
8963
8805
6718
5583
676
5662
7776
4898
2304
9712
2924
3424
6286
5724
3594
8579
6009
9627
8493
2253
2661
8703
3971
907
8637
68
8196
10227
8060
5100
10445
6543
9421
596
9254
8638
7444
8381
10286
8444
9087
9058
1824
6070
9755
4208
6083
535
2578
1081
7001
3620
12
7105
3295
9070
2284
3819
6344
3343
2308
7118
5840
4412
5630
6805
1330
1581
6647
7916
5410
9240
1612
4477
1466
416
2217
4874
8763
9743
4189
2045
4071
4271
6751
523
2079
2005
2326
9877
9735
3298
3054
8051
5196
5493
8000
9417
10003
1037
5311
2473
7276
2358
1084
7620
10
3873
2076
6033
8123
4020
5418
1082
2267
872
9578
4140
2838
10280
5167
6216
6599
6159
5239
6714
9612
4848
10049
8833
8407
9687
920
1396
9893
5077
5508
7074
4608
1470
10283
884
4378
5943
7758
3902
6439
8023
4340
2806
3210
5290
2706
7030
9203
3379
6257
1278
5376
8307
8612
6695
7266
8596
6430
2573
8873
4086
6531
9326
3572
9603
433
5743
8069
9925
2880
9644
1216
9944
7571
8166
3433
4034
3639
2599
5643
6491
8872
7855
214
5075
5609
4175
9313
7918
4419
5086
1002
2083
1063
4046
2841
3608
3907
7031
3820
3106
9885
490
10047
8112
4359
5556
7261
2949
3167
5384
1498
1408
9503
723
7177
906
8412
1568
78
9457
1263
9601
6267
2483
10376
2677
2447
1311
2410
10397
2809
10172
9974
5065
5610
1562
219
1799
4171
7550
5653
1801
3321
4640
5492
8625
2306
821
8172
3070
231
1897
4444
6044
633
9917
4563
7666
8435
8383
1967
7671
6332
3525
1182
4240
4770
5116
3008
42
4403
1386
8891
3363
2888
3316
901
167
9880
2618
3158
9996
5281
8688
6915
6116
5195
1978
7213
6089
2995
7148
10418
2128
3813
8278
6540
5157
4625
4132
4509
6251
1364
8201
3958
1995
5370
3682
3196
6570
8467
7596
457
10203
6123
9469
7476
7837
4244
9941
6923
3322
9630
1872
4373
1694
982
6535
6753
8913
3310
4811
8887
2266
11
6335
3956
2150
8252
4738
5851
5406
2722
9074
704
1467
5459
3773
733
4846
3765
18
8403
6839
9277
6048
5452
9285
5853
4928
5299
4384
3790
202
263
8795
2185
3805
5690
242
2249
4735
9006
818
5554
9560
8058
5442
3199
6259
9773
7661
9165
228
10345
832
7808
9218
3104
7678
3212
6962
8856
10177
5872
455
10254
10205
1145
6889
4885
8074
5490
3252
8933
10362
8436
6280
1667
8696
3676
9348
7196
4601
2943
5371
4533
3564
4243
1929
1571
5198
2380
1875
5432
6608
6761
8510
8689
4690
6701
8265
1393
5141
1960
7865
3035
3233
1016
9138
864
4473
9805
1544
888
2521
10303
4048
33
5509
8961
3305
3165
4354
5518
8799
5216
2512
6492
5547
762
7169
7296
7359
3309
4645
3696
4111
3099
6183
4561
2009
2399
2585
3426
10347
10297
3273
7036
6572
8135
3618
1213
1202
9283
10289
1849
6365
933
6970
4489
1301
2398
6902
8746
7447
2902
5893
9129
7926
562
7910
4604
5354
5678
3294
4737
3678
9367
10190
6526
246
6196
3365
2654
839
132
4495
4085
5083
9236
8174
8654
4781
6321
7211
3631
10334
3659
10039
9105
10344
9741
7535
5679
1971
7651
4680
823
10457
8171
618
6866
10403
6816
8569
2619
3083
6209
8102
8326
1267
3374
4446
5140
6180
755
3131
4269
50
1524
2346
8552
5356
8391
6771
3170
9691
3396
8130
2725
3686
4524
7142
9646
4168
5401
1420
5791
8797
1903
3679
5427
89
3616
836
7773
9729
6687
7589
3242
617
4061
5667
8158
2837
319
5836
6929
8384
8328
30
4313
9810
4287
2712
8743
6767
1161
4905
8067
174
7365
10324
3151
9458
1219
1389
5091
2275
8862
7575
7590
4590
2713
9143
5866
5892
8122
2864
2679
7856
8502
7967
2590
1087
10338
7404
2728
9595
852
9279
744
2659
7471
6252
7410
7645
7401
4658
797
6266
2527
3241
3414
7020
4599
6146
8302
5773
10166
4248
5731
1331
1315
9577
4165
4016
1982
948
537
2768
7513
2928
9902
10058
1432
5110
6677
3444
2186
1325
3263
9141
936
1744
8291
1884
9490
7176
5061
6423
9923
7887
6038
4761
146
5513
5596
7066
4964
2970
4622
9166
2652
8281
5631
6895
4357
4161
5114
339
8541
5345
5868
208
9263
1981
2611
1350
3638
4349
4615
3125
6446
8212
2843
1964
205
4388
6781
3046
602
2941
4192
4888
10016
279
3380
8367
6438
5245
6109
2643
1706
8479
4414
996
3489
1811
9569
8879
6620
7582
7875
2935
2584
1864
6666
1373
7979
5571
5166
2352
1686
5137
4303
2381
5688
2597
5468
7186
1472
8903
6058
10377
20
1107
4036
7612
5736
8916
10455
9843
8700
8800
7072
713
8477
5322
1120
8369
4647
7040
8848
1757
1160
3886
1550
5480
7121
3047
5935
1881
7354
8080
8537
3324
3509
6442
6956
8471
6703
10101
405
1384
10137
6791
5957
8336
5394
2041
5750
1883
5099
9400
9316
501
8697
10266
8145
7437
7000
2220
534
1114
4579
4961
9945
5226
10346
10198
10351
8492
3754
5047
6710
1531
1146
6227
6274
8838
5766
2237
3563
5373
3523
3231
5269
7243
6852
9280
2106
2569
3337
1961
3869
1739
9034
5331
1558
318
3588
4242
9814
4025
7931
1333
8473
6162
6061
9261
4697
6294
4492
3725
1941
9521
807
4927
7265
7787
2342
7588
2992
9718
667
3978
3011
5713
7674
7494
2633
7536
5413
928
7182
993
7022
5291
8889
8186
1854
7129
1684
4250
9287
2849
4648
6520
814
2277
2466
9739
5521
10313
7591
1753
3845
5945
3771
6084
7519
8217
1324
9716
5637
3881
542
9665
2539
2208
731
9778
2973
365
3284
5899
9321
6940
3846
10385
1690
8536
73
9168
7801
9986
1521
7552
8922
8865
8959
7981
8662
3685
966
8050
192
1660
6095
3076
5088
9930
9416
7028
2136
447
5078
2288
5514
3615
8917
8488
4367
5543
8352
4780
2779
376
4096
9511
6375
387
2528
6262
3875
8066
1310
8106
151
7802
3115
4375
1022
19
3758
5343
10188
7731
3900
5838
1769
8454
8118
4074
3051
1939
9894
6368
6383
4975
7083
9513
2669
6281
6092
7429
235
1932
2874
2392
9865
788
1724
4194
6056
3984
4512
2085
1485
6704
9607
7016
1297
8041
317
847
698
5361
2931
1816
9489
6482
3799
6510
1776
1759
3942
5329
775
3454
7171
4362
9789
7984
5204
4056
4864
4224
6318
6729
9102
5694
5069
7027
4112
6549
10233
7247
1793
6465
9390
7253
6077
5332
5441
2994
5346
5757
97
7181
5717
7188
1131
2954
9723
7756
813
2636
2616
9305
5590
1959
8731
2272
2486
1860
326
2175
625
2739
10406
9474
1106
5278
8259
69
9142
4609
5001
10322
6244
10048
2071
8888
171
1252
1493
5956
3173
5603
6686
1281
4045
2081
682
5487
9371
5417
3004
4722
1865
5687
4277
1618
6414
8594
3067
5704
3538
117
9085
1833
7426
3039
923
8834
274
4530
7122
3056
3829
211
7239
1803
142
3506
355
8919
824
4520
1148
5775
3491
5164
9704
3443
4809
2934
9342
7157
498
975
5163
1835
8860
4264
9338
1596
4169
718
4454
8227
6585
1203
2831
2594
7829
8715
6953
1372
1656
1726
8020
5536
3898
4275
9041
10290
4438
4319
4570
4635
6692
7584
3895
2406
3690
8254
5747
9900
6726
1299
7309
10234
8304
9677
2198
7145
7010
6041
7657
7017
6504
10378
2755
5390
3017
10130
972
1495
3503
1852
6841
1235
4027
5496
9256
877
6665
1843
8733
5272
3270
7273
5972
458
4656
8323
1244
5397
2139
9803
10420
3303
7806
2595
8592
6342
2999
2157
439
9200
7825
1922
3704
1916
1479
2791
4886
6121
4858
989
6567
7317
9636
3821
2468
8504
2554
4400
4916
4938
9119
3340
5778
1088
3194
10295
5680
6171
5067
6574
4019
6747
2848
6311
5182
560
1756
7882
7023
8225
5396
6793
337
5230
280
6968
7345
9515
5821
6668
6130
7960
653
5634
6854
6984
507
6612
3779
2092
4480
9871
5247
9463
396
7107
1615
3602
5312
7547
5806
7417
1530
6948
9670
10343
978
6525
1834
9591
7736
10078
750
41
6982
3136
5070
9093
849
5365
3135
1675
3191
1963
4701
5633
3202
10096
3405
2726
6778
8854
4710
5223
7565
4943
5267
3485
9120
2364
408
1771
6434
9972
1074
3923
9216
10140
5388
9535
868
4405
9169
2387
3586
2951
3179
4497
7553
729
8921
4842
2651
2271
8244
4415
9980
9699
4465
5006
4709
4232
9579
2773
605
9308
1730
1846
3040
6977
6233
4254
237
8413
699
3935
7680
4633
5012
9029
5148
9157
914
5268
7586
8878
5797
10041
8789
6308
9325
4556
4971
10089
6049
8465
8064
10253
8918
3084
7269
8614
2693
1542
8139
6497
3583
3243
8017
2463
7360
4005
3533
947
4374
6352
6705
792
0
2503
10150
181
3621
4824
5854
372
9123
152
6295
9183
5151
1405
2642
368
2563
6329
2557
765
9398
2423
1949
1319
7891
3214
7058
7368
5782
7070
7746
2916
7256
4702
9550
865
9453
2535
7625
9949
6012
9855
6035
799
7982
1318
5287
643
1256
9043
6939
2015
5702
2299
7714
4700
941
3888
10323
2953
4209
7685
3251
5980
9981
4936
8434
10300
5158
1974
4859
3979
6495
8680
3319
4775
5372
5050
4430
7348
7194
8147
7992
2078
730
3103
9746
9181
5974
8907
2576
3163
10017
961
5577
287
9736
4751
10269
4290
8814
9525
2409
5007
7908
9867
6626
7499
2538
4935
9471
9140
10317
6859
6849
10248
7086
1837
4606
58
5909
8606
8495
1352
687
2639
6860
7985
4445
3904
1836
3770
2035
6054
2673
3417
5481
8184
4255
3769
8560
8189
7662
891
8825
2024
2816
1249
8558
7693
6721
3612
6691
8953
1878
5575
8633
3269
8975
2488
1057
8943
3272
8251
7307
5276
5176
5939
2007
7896
2699
6340
112
4059
5884
9097
1867
9446
6911
9988
6016
4903
3283
677
200
3611
430
3745
4614
10184
7804
10442
4051
756
4117
5224
8570
8554
10434
3514
3924
9506
9582
2889
9310
2846
2263
10040
2119
2366
5580
5741
2289
10273
8268
9970
3375
1700
3020
2583
5673
8486
4911
2460
4135
2026
943
2532
1291
2148
921
4642
2339
9608
169
1704
1587
1417
5416
1271
4355
9649
6102
7445
5640
1697
2971
3808
2715
6832
1508
8160
1841
3656
8022
1459
9584
5968
599
9302
9678
6389
8117
4965
8447
1764
9158
3080
7127
973
4681
10276
1920
3208
2204
1280
9389
7814
3742
2903
3378
9606
5479
1715
5526
1036
4525
5021
2598
1476
766
4909
6785
130
1390
5993
2603
827
1529
3579
6958
3866
10024
1041
3030
278
10176
8459
1937
6346
9575
7461
14
942
3361
7131
3710
1707
6328
10430
1945
1446
2181
4831
4559
7033
1115
3382
4917
8362
8255
3117
1717
5084
4605
8460
8164
778
10373
9937
5142
4612
5027
8661
1687
307
9021
1548
80
8153
1731
6988
8085
6919
9571
1519
5798
4760
5389
816
7175
4218
8466
7935
6690
1283
8053
8869
4866
976
10350
1682
1228
4567
3954
6754
692
6057
3520
8642
6447
2421
227
4623
753
8007
8426
2375
7336
5971
109
9939
417
6372
4426
9802
7133
7507
4669
1195
9648
4173
5674
4356
6802
442
2845
4902
2910
5377
8208
7544
9532
1632
6581
294
8282
9052
5897
5277
6506
9244
6248
956
1569
10169
3441
2698
3547
3102
10167
9809
1096
3811
300
2508
4427
1337
4685
640
4145
1327
7295
5403
9766
8823
7868
4147
8882
8588
2701
5127
5215
4423
7677
7113
10080
1163
931
7742
532
8629
9450
3668
536
10414
404
840
1946
3146
4527
6181
8810
10014
3148
9681
7488
504
6097
487
2541
3605
9282
5833
9581
6366
5483
2601
6298
7771
7489
1876
9378
9089
8167
5400
6160
9217
9435
1674
2332
899
4717
3429
6576
10335
9114
3023
1451
7646
10002
584
10237
6787
5104
8405
6835
4270
1940
3576
8976
1234
5925
7820
5845
2457
6871
4148
857
5655
8899
3442
2660
6275
7846
10443
8152
671
6088
5718
9869
5433
3318
1601
9557
7703
6723
8803
8065
1996
6711
9022
3016
2929
6819
2300
2201
8853
6587
7696
8425
1956
393
8194
5436
5947
5238
6547
296
7123
8497
2094
1180
2371
9107
6485
4878
2978
9126
6453
8333
4792
8484
2862
4210
9225
8228
1359
40
4790
2040
8283
8037
4385
3885
1582
3010
9312
6364
5422
5644
5614
6199
8942
6925
10156
2976
6113
8456
381
3837
7821
8481
7294
10162
7052
9424
8144
7545
5153
9086
6213
2744
5906
10148
4318
2568
4996
1143
5597
1911
4546
1191
3458
9700
5437
4762
9355
361
2315
5912
9292
8940
8031
1112
8561
2283
8293
9645
5201
8649
5214
7903
7719
5200
86
1575
7299
4779
10336
2856
9017
3362
8299
1749
831
143
2761
9837
8339
8659
5072
2896
6853
4262
9845
8694
9938
4610
9131
267
3261
315
5079
4820
9211
9719
6505
8909
9737
9501
1871
2498
6563
2821
6811
2105
1898
85
4461
8634
1128
8044
3913
4769
6815
2751
6114
7600
5697
6629
7110
9429
7218
7526
4670
2348
7284
285
7840
1062
9281
2682
1654
6100
3842
2686
5847
1471
5512
10009
763
8365
62
9375
1980
454
6908
6360
2738
2778
4468
7185
6760
3706
8938
190
9437
4932
1840
4024
7836
4078
3967
7537
7826
9762
6924
2558
4481
8079
6105
299
7516
6904
10307
6473
7377
4549
5665
7096
4124
3626
6450
3793
402
7393
5742
7025
9533
5842
9992
3731
7578
3952
9903
912
856
4437
1866
8503
8372
3455
5618
8892
4950
4516
9623
6217
4180
4500
6139
1024
2807
4407
7457
2341
8231
7432
5549
5689
10163
3518
5657
4422
10077
5978
3085
5435
3314
4097
8597
964
1931
6326
8567
1007
8223
3116
5564
9780
10221
2073
10209
7111
2542
2091
6490
7425
2491
1994
7130
6856
4447
1593
1653
2734
2812
254
6141
3223
9401
6725
6724
2037
7958
5941
6101
7200
4334
7848
9454
7748
6288
4725
5404
9443
6586
9928
4621
3499
4639
4076
1992
3688
9655
122
3478
6144
1566
6496
6544
96
266
1579
7936
2065
9692
8105
8845
9364
5574
7922
6660
4466
654
4727
3822
37
148
2402
165
3390
9350
3568
5895
5646
1719
1006
5835
6437
3827
4910
6736
7959
10333
5093
9745
8277
3851
703
2143
828
6971
2064
7894
1121
603
965
54
2718
482
10186
5501
8318
5313
4974
4154
1086
3002
2134
4066
7634
9088
6607
3896
5309
641
10340
4941
9090
724
2581
574
8744
889
450
1766
1154
7509
1822
9635
2834
3037
8621
3006
7961
6649
6125
8
5962
4219
8893
3048
4503
4845
4733
5780
2858
6050
9103
5578
1486
6463
31
295
6325
8389
7945
7632
9328
737
8518
822
1340
1505
7199
6821
8813
6670
573
8748
5337
1464
10281
17
9936
6603
7616
7403
2766
2559
9044
1972
533
570
874
735
4177
5120
8941
7251
4997
1387
9175
8448
7381
9110
7032
1320
2551
5570
7364
6762
9164
2480
3843
10115
3141
4629
4808
4439
1113
5911
8475
4514
6175
646
8237
5266
9993
986
9948
8818
6745
77
3095
10258
4458
5740
1711
2273
2835
7505
3940
5519
3313
2197
2719
2662
4004
2156
4730
5725
3152
6907
3807
8280
1413
5728
8157
9161
4986
9413
1966
4049
10050
4348
1314
7650
5340
656
9012
3366
217
5870
409
880
383
6315
7654
2264
5411
3467
1914
1705
3287
6913
5101
7886
3176
8734
9593
10032
10129
1018
1247
6941
7275
606
4307
7060
505
6475
3369
9863
9117
5175
9695
4558
905
9679
3260
5996
1755
7863
10423
6682
4578
8906
7888
4457
994
8256
8311
5959
5617
8202
1035
5949
4039
7733
8093
6813
6067
10401
7430
7735
9920
4821
1644
8653
2437
9750
5374
4999
5024
3825
2180
7260
9139
2485
10026
8266
2993
144
7203
8340
7841
8382
9714
4182
8740
2066
1266
8188
6978
6565
6184
1456
531
7090
5785
7019
7132
8527
2168
2509
5282
8006
9361
2984
4883
642
3112
2123
178
10173
1626
4089
6483
6826
7119
4774
4861
5605
9663
3387
1438
6386
1214
6882
4899
76
1805
2624
6120
3265
859
6500
3124
3918
4718
10010
3201
1497
9189
8025
7482
7341
5992
779
2278
9546
4931
2977
4715
4167
7647
432
2365
1444
9222
2361
9193
7798
634
9545
2394
10114
8923
9817
1882
5055
7652
6569
6474
6242
5615
6247
2074
9708
8205
2620
1288
9637
10226
4581
4389
629
8684
4002
8693
6656
748
2114
10004
7562
7692
3064
418
7343
9598
2269
6702
9393
8690
3828
8261
7763
3128
5812
9124
7350
5502
8446
4970
8401
6949
6444
2507
1879
5982
6376
7873
1954
7258
1563
1658
3497
2671
3930
9912
4531
3737
4029
10438
1790
8146
5237
351
9237
2795
6019
8890
4358
5880
1702
8306
1117
2093
7331
5458
394
4776
3496
689
9772
1102
680
7085
6082
488
3870
9472
3428
5954
4802
782
411
3669
321
10068
2592
5620
10000
8284
6401
7585
9711
5369
5327
751
491
3603
9625
5885
499
5767
400
3464
1534
566
5545
7376
6796
1025
5131
124
9804
2606
4001
5303
2933
4541
7487
3632
2386
6803
4652
530
7538
6122
5010
1079
4607
9722
2986
2905
9846
10178
886
10354
5677
10082
8523
6875
9551
3207
9724
2870
6255
4256
8852
705
399
1774
3123
3893
4350
3905
2780
6671
2740
164
6385
5053
2205
8600
2294
1484
2413
6179
9209
6688
8461
10265
7795
2737
1021
7947
1313
3992
8512
4246
133
2367
4453
7422
3470
6672
3132
2895
8257
8440
1532
544
3108
5994
4736
328
1648
7621
9239
6254
9587
9797
7546
9615
2160
9887
83
8674
587
1428
7844
1425
5302
7438
9872
9303
6618
5048
8681
2919
1254
2510
1045
1510
2442
3376
8761
10153
3643
7885
8850
4000
7729
2234
6749
1187
9179
1672
3970
1910
8451
9632
1383
467
2450
2515
3354
7937
772
6260
4179
1410
9842
3062
7689
8422
256
2281
9836
9206
985
5822
6664
6224
7850
5444
7088
1153
4060
5341
6556
1199
1184
1204
9726
7762
4637
9176
2
4033
1673
3456
4338
403
7978
9411
1691
4106
4992
7166
8969
9336
3966
1259
8949
8045
2314
4982
4786
7361
8765
6558
8183
2570
2540
1152
8128
4596
5213
4
8131
1064
2863
8243
199
3607
5623
3192
2444
1620
7904
3858
9918
4471
1761
5168
5591
7851
3258
9363
3711
5831
2635
8737
9262
8185
4421
3230
8408
4636
1990
4793
7003
6197
4072
7805
8177
7333
4113
7257
6455
897
6103
269
5256
3933
4595
1588
1958
10160
9758
9588
5190
2110
6896
8104
9785
1473
4344
5289
8880
4273
2887
7039
2258
7037
5219
1488
8169
5711
3066
6237
5627
9242
2813
1825
1557
9037
9547
8992
9248
7352
5121
10364
7663
7843
2345
10453
6021
7374
2396
6748
3332
4507
5207
304
5227
10245
883
9009
2461
4687
1215
8896
7832
2142
4304
7976
10087
9987
9884
3964
7435
2553
8605
7165
10399
6305
8470
2839
552
10363
5330
8706
1443
5752
8380
2496
8912
5587
717
9504
415
1427
1275
3043
2436
1406
896
5958
7450
2429
9651
6132
5123
7387
10052
9190
10374
4300
8498
10372
2908
4758
1713
7819
6959
3733
5485
6498
9793
8236
10189
3989
1092
3140
1893
4435
3957
451
4448
4976
1839
7112
7975
7964
8719
3359
3689
630
5129
503
3409
8656
5211
6488
558
4752
7491
10349
26
2206
204
9376
3922
7198
8652
1608
6221
8400
2505
5616
4684
8710
7479
8540
935
9690
4720
5531
4144
998
6830
4416
2985
7126
3325
8568
10437
7184
7397
3045
7667
636
8068
4280
3880
3777
6486
1792
7658
690
7953
4501
1110
1452
8915
6456
6010
712
1370
9668
8342
2350
6427
8124
7615
9610
45
8859
6046
10128
9182
371
3850
10066
2567
7718
61
459
8239
8587
4401
9026
8539
4188
8565
4900
9754
4021
6381
3480
5927
8332
8986
4978
567
2802
4395
8950
7054
3121
10400
1038
2046
3439
5279
4376
2236
7372
3133
4985
6293
7026
6413
5296
9650
7710
4142
9985
5928
7649
9001
9536
1737
6110
9083
8359
1780
9196
6287
10012
6776
5848
8702
7288
6932
666
6944
3093
9042
67
6457
7248
5013
7799
10099
3081
4993
8713
1105
9258
3680
3087
2374
3921
6345
2296
251
7205
10193
1232
3798
10122
8639
9823
6211
7094
485
5470
3693
6022
4644
714
1375
8207
6987
9738
5446
4801
5128
9419
3388
2566
7555
9274
3301
8566
2702
1172
9602
8402
10199
7231
3734
4598
6249
6399
3162
2893
9675
154
6334
2609
8620
4110
3916
9594
664
5858
8679
3660
3529
6347
7898
3235
8233
10375
3965
3788
10296
248
5533
1339
8564
4368
7691
3664
4868
8168
9264
8682
4204
360
7045
3878
8701
4294
4672
2921
4826
10435
6319
595
4834
8206
5325
5115
3719
6514
7529
2819
3716
1665
7593
10134
6916
2191
9072
3059
6873
10125
6922
7752
7549
2815
9508
8647
3476
6937
6451
1609
9693
8190
1603
8462
9820
10285
2187
8452
8246
777
2758
6934
3540
3323
2221
932
2412
8772
264
6899
2140
6652
5022
1049
6927
3227
4699
4838
7744
9496
6865
4082
5929
5550
9314
4721
7570
32
7743
9297
10187
2940
6817
2316
7443
8511
6522
4800
6303
9024
3256
9251
95
4249
2082
210
4295
9132
4966
4450
3667
10320
4030
4186
60
7149
2322
1366
8048
2319
1950
9380
7170
2602
9788
3997
7125
903
511
6828
8478
1797
5139
794
2268
3218
3329
7955
2368
9876
4003
4815
5160
5869
7520
6598
6722
6502
6435
3419
3931
1422
2214
7834
9122
8613
3508
9475
1436
4166
1353
7774
129
320
9892
7068
6032
9020
9391
10250
3038
1415
1818
5602
8792
3053
9383
2759
8687
9333
8368
5177
6170
2335
747
1060
10005
2034
1209
6917
1450
8482
3435
5336
10352
243
3109
8162
107
8577
8858
5017
1968
1212
3943
2826
225
10225
6678
2133
8310
8427
8665
1434
10271
9062
6291
229
8077
564
25
8828
5382
9441
9492
3385
5922
5352
8623
7523
4041
4879
1662
2648
8090
6370
8519
3554
5126
1004
4462
3636
4542
5317
7481
1892
3969
5530
4580
6317
701
9219
8086
5275
7154
373
5199
8216
8608
7106
9118
4139
6354
4220
7340
3137
5029
7048
10427
9801
1391
8732
5174
7515
572
10379
8549
378
8847
10149
1017
8979
527
1539
1368
7527
3575
3063
4945
1009
7568
5409
4773
6045
8742
7934
10113
8033
5194
1144
3724
650
6630
672
829
9643
8798
668
6823
4207
1067
6268
5998
3718
6642
4470
3566
7439
805
971
9335
8624
293
194
9300
9774
571
4661
4267
8685
3687
9676
7747
4282
6429
911
6108
6735
1135
3460
3200
4413
3155
2309
7637
22
4347
3451
6716
9710
1447
8618
6001
5792
8972
1807
8394
6350
5147
2115
9671
3495
3617
1323
1750
7669
3071
759
9259
8801
1988
619
801
5225
7434
8677
5988
1142
8636
4311
8453
9505
2422
4498
5112
1823
1236
5004
7638
7100
3330
510
5669
8982
5734
7559
6489
4766
5593
660
5805
9030
8229
7560
3013
8499
2323
5042
10358
353
7209
7556
844
5358
346
6880
6784
7998
4080
8754
7057
811
3516
1099
10263
10259
6879
7240
6002
7076
863
6864
7683
10035
678
9091
9962
1269
8021
3987
5045
6801
3050
407
435
9268
6403
2963
7573
5447
3962
10033
2765
4159
1547
3552
6662
1714
518
9362
5349
9095
7059
2913
1578
6755
6613
3623
5932
4921
3809
1858
6432
7785
94
9818
5670
10394
3675
8424
3246
3510
6304
4387
10094
8640
5802
6964
8788
6555
841
9829
1847
2055
9081
2868
4825
2112
4513
3219
3677
6732
2109
7274
8198
4816
2668
1829
39
3198
10302
8547
4870
3892
9861
9832
1210
1775
7101
5976
4055
6173
1264
5751
7382
4649
3826
4723
9215
6847
958
4694
2022
4754
3068
4484
3418
3561
1157
1951
4511
616
6264
6484
10006
7079
9799
1592
10155
5143
2875
4893
5348
3622
100
4386
5930
1649
8534
4292
7682
3582
4058
4301
2210
950
3342
6887
6611
8864
500
175
162
6431
8119
2203
9798
8061
9783
1053
1416
9975
5252
4653
5586
8437
6000
3211
4698
5544
9640
5963
2016
2356
284
2526
6158
1746
10062
8729
2475
5355
2321
8176
5760
10211
9231
4660
43
8121
9212
2439
3661
2373
725
3082
6192
8704
5156
7042
1902
5009
2852
2285
4396
4433
2727
6269
1904
9028
1802
9360
10027
10371
4409
598
5799
4989
6284
8432
2430
2989
2857
4523
4865
8781
6575
9653
9187
5779
8768
5096
4150
9834
3049
4364
7405
7597
88
9844
9307
8421
4668
5862
9495
6645
9747
691
9406
6989
688
9284
5124
9293
4747
9841
2188
1504
7408
7396
9438
6600
1068
9172
1103
5125
7627
2465
7091
7468
7300
4366
7511
1827
2705
6906
3949
4574
2514
7117
8648
5721
7158
4704
201
10243
10085
3926
767
2454
2886
693
6534
59
10103
4517
5477
4566
8645
9000
9768
1664
9542
6559
10396
5338
5471
4306
1423
270
512
4925
3519
10284
428
2008
5989
5383
3328
9968
8787
1308
7541
7067
5907
9423
2750
697
3884
9770
804
1741
6942
790
1936
8770
3796
5553
9173
3185
9947
3073
1975
7688
3277
4163
2829
49
377
7919
7636
3384
209
99
1742
9728
768
9060
7398
10138
3738
10001
6
7899
1894
8242
5636
9201
8709
8583
3331
5712
5601
10316
7378
1848
9559
6877
2018
1023
1194
4443
8530
6145
1222
10247
1136
4778
879
10257
2212
8429
6140
5392
98
4863
233
5658
2169
8769
6975
9991
7881
7163
7687
2192
3127
3058
6799
4472
1289
9347
7474
9152
5019
3408
569
8431
9278
9599
10135
35
922
7304
6395
3847
2487
440
2416
7617
5455
6218
9730
5762
2369
9502
3052
10037
6639
1636
4548
1371
6741
2393
3061
1710
4823
7255
9066
1998
5931
1095
1784
4980
1494
8073
1614
9553
4797
726
1474
9995
3156
5318
2246
6564
2351
3007
543
5106
3610
1419
4851
2117
862
1602
6515
6632
7452
7577
7102
6106
7116
3524
5672
3995
2019
9866
8750
8182
9951
3430
3003
1554
2075
5449
4296
6888
9812
669
1503
770
8154
8358
3768
6119
4835
2804
322
1218
4920
8738
1862
8720
173
6831
793
7314
4339
1457
6867
6454
9969
7337
9007
4010
8841
4456
4330
5834
1367
8974
1783
3852
5034
878
3187
5020
2031
661
9585
3119
5659
2426
2644
7400
7853
3074
7877
7262
10088
5189
5707
7095
1418
10239
4314
5652
7639
379
3818
8802
2932
3587
771
4871
2312
5534
8528
9230
7796
1273
4260
10218
5188
3224
9061
6804
8840
8343
3651
8780
8604
1242
3190
2108
9234
3887
9959
5395
6157
5295
2959
3247
8815
7225
2937
4324
5150
7893
8220
7065
6195
6235
2776
7369
5258
1804
8988
1611
6330
4042
6627
5402
519
1770
5600
5572
7942
6568
1680
6661
4228
4137
2733
6023
3729
10111
8215
2944
7631
2623
2724
9616
4600
9777
10154
7128
6400
9667
5221
3367
3222
2596
10277
8129
423
8133
8548
5865
9186
8406
327
1061
1257
5685
2580
7788
4862
10055
6617
7303
1116
3562
7324
4052
4719
808
539
8385
5315
6985
2215
1298
2794
6091
3415
7876
419
1380
5132
2489
6220
9025
7780
2087
2006
5425
7412
48
1676
5159
1101
1688
1572
3469
2146
4274
4053
2229
1813
3658
5817
1657
3654
141
1134
785
9522
9870
6893
4506
3816
9658
3974
2102
7306
1817
3717
4827
2383
9269
9717
8794
8010
6081
6093
695
10023
6926
7994
247
1655
4222
1573
9565
185
1028
3114
8601
9727
8667
2194
8699
9908
685
10287
8136
8378
3735
6742
979
1641
2408
5197
7484
4876
7161
8757
2223
2756
5933
3286
3998
10223
1043
5557
1365
9597
3641
10256
1468
3598
6955
1245
2770
9854
6353
2084
4947
10183
4327
7502
9115
4741
2265
3968
2470
2745
9879
7548
5102
9320
6651
2885
9563
2163
7318
7514
5825
10224
9127
8650
5323
7370
5044
3925
3402
4853
4998
6698
9195
1248
6938
9926
5003
3335
8830
7138
9409
4748
2063
8024
1589
9304
7463
6005
9984
4555
1454
7962
3425
7698
6129
8317
7653
9684
5202
3908
6713
9071
2607
5057
10440
6135
707
7322
149
8344
4627
2688
4093
5265
1093
2118
166
6712
1826
1404
1465
4901
5706
8562
930
8508
7723
5940
5800
1196
5552
386
10421
6991
2213
7371
2282
2572
2057
325
8835
4519
1250
4323
5454
3740
7770
6967
9365
6561
1912
545
6659
5440
101
885
3844
741
1619
206
72
4805
6419
2464
10424
9384
155
10456
4813
1513
9497
7988
3715
1798
4587
9192
1553
2695
8960
5412
9445
87
5900
5756
8480
1223
3760
5035
870
8374
4565
5271
806
10228
3253
7362
1733
9271
541
8811
3018
4162
2330
9604
5606
798
9470
10194
9977
1388
6894
4679
7406
1599
7951
2529
9340
9084
2871
2912
1377
9883
338
2716
5921
3357
4377
8288
1952
4819
8778
1576
9875
8222
1845
9641
3077
5434
1265
7587
7143
2836
4977
6243
3910
5563
787
5206
2144
9343
6333
5117
7946
6954
7996
10015
743
8749
1052
3339
6966
9564
1226
4678
316
2818
9523
7709
9046
9853
8535
871
3781
860
215
335
1506
268
2822
7497
1409
3702
6764
9198
7605
8052
6261
5686
3698
4134
10359
4796
5491
5776
5769
8148
8615
2847
7470
10390
1201
10326
5466
5173
252
7811
5217
600
5891
5293
3014
5484
9151
5889
426
3753
8995
9045
2998
9108
7173
4713
8390
128
2723
2252
120
9208
10312
9830
7189
7512
6992
9958
5068
659
3683
4583
6655
8832
8777
9833
168
10386
3879
8820
4739
8721
8062
4191
4782
4266
9761
5546
5542
2922
783
4887
1071
5936
240
7462
5816
3817
3581
4118
2424
2518
1321
10301
4237
2455
2749
5071
1108
2363
4564
9666
1695
2961
7334
3161
7766
9562
4037
5424
3723
4537
6822
8735
8725
9576
9130
3584
3593
4418
7779
8376
8195
8113
3168
8779
8987
2617
1683
9015
1178
7420
6507
7914
9381
8334
2448
9914
8038
8026
8360
3855
10151
1887
8273
1696
7080
742
1514
6601
5562
2621
390
612
221
9068
6752
8099
786
1059
2767
3649
3571
4488
1778
6551
5528
7174
9403
5445
3955
7690
7268
4765
3346
1293
2053
6536
6232
2353
5915
5961
1233
3000
1543
9008
1546
8285
4764
3449
1335
4153
7015
5541
6282
9554
2746
8433
7168
1708
1394
4830
10361
9426
4696
4828
9703
1356
6876
5399
4536
7172
8301
4957
5671
1414
2116
1515
8414
8286
489
2103
8016
8641
5243
2129
8717
10120
3404
4994
7700
4212
2962
6863
502
9609
10240
9069
6290
1090
848
9540
1181
7822
7472
4550
3764
6205
8819
8524
8417
4934
6310
5149
250
1810
7109
1590
8355
1176
4449
3477
4226
1570
7114
2965
5133
5918
8598
5482
3267
1083
7579
1026
8315
9054
6494
5234
6833
3578
7217
3216
10210
3075
10272
336
6163
6258
1516
257
957
2710
2997
6408
5969
290
2344
1286
5807
4091
2359
1132
2232
601
8230
9038
3537
8593
1094
452
3422
3972
8289
8998
4383
2378
2033
6076
4839
1541
882
8305
7144
7062
7460
10197
4575
2690
2060
3345
3484
4919
1605
4475
8664
5876
895
3438
3694
9613
8056
2757
3903
7008
4829
5735
3780
9134
4734
8287
92
4772
4987
7207
8036
6164
1594
949
6136
10367
2872
7351
356
10415
4545
2892
550
2199
3865
9494
10369
9589
245
8322
9077
1634
10146
10072
10236
4272
306
5451
4784
6128
4233
1445
1013
2964
1261
1129
6086
6387
609
2418
3642
1928
6037
4105
4297
1402
1300
358
10267
2627
8718
1346
2911
6844
9395
10212
3507
626
9633
4028
8962
4777
10075
9519
7924
2104
364
1500
627
5730
9397
8468
1736
2435
8173
1809
9983
10275
1850
8043
7141
8232
4083
4198
3774
7713
1306
5948
9354
5764
2388
3874
918
5950
2014
2721
2894
1104
3479
9076
1029
8238
8071
4352
5408
3393
1735
5002
8103
4392
5257
4331
7928
5443
9859
3708
7455
10007
2742
3928
8392
8107
2028
9027
10116
3802
8149
2979
8698
1624
9184
3999
6231
5058
9574
579
4890
7845
4252
2923
3088
5046
7973
3391
6846
4095
613
3545
239
1158
3336
3803
3188
2233
6343
995
8011
10139
2579
1659
9514
3090
9410
2401
9223
5700
8550
1357
2612
6388
2338
2854
9016
7089
1193
8159
9549
6783
1537
2196
9822
9430
658
8267
186
2227
2591
1458
2689
4955
8142
2828
8993
4577
4310
6149
4854
1119
7024
547
925
5478
4667
3036
7554
10380
2003
2546
9767
1638
7446
108
453
1987
8586
9757
5532
7659
10382
1969
5701
5692
8346
987
4126
1220
4305
9614
6493
4929
893
7357
1621
4912
2700
4569
9098
5249
6673
9694
6448
136
1610
8538
8354
5344
3055
833
9647
604
6951
8646
8663
434
6462
3543
4628
1481
8357
23
7180
1556
492
5919
7803
9753
4967
7622
7297
6829
2260
5846
4617
1999
3891
851
2650
917
9075
5765
538
7150
6519
5463
2427
7063
8059
1345
4822
10069
7242
1175
9467
7702
2564
3164
2244
9255
3183
354
9905
9697
6065
2101
6683
7576
2243
6398
8428
3139
1669
1295
1217
5841
6772
2044
3144
9483
5304
2672
4643
7222
774
2032
1429
6935
464
3741
6663
10142
6278
4946
2054
3371
6580
7720
6573
4724
10387
3592
3320
6566
10057
4099
10059
6134
8001
1625
7912
4073
4315
8241
3728
5850
4486
8272
6156
7280
3229
9220
2407
4284
8101
5347
3785
6026
6215
90
2930
6994
5494
3732
2513
3427
9272
1693
6148
6610
7492
590
8630
6667
5813
2172
3532
8671
6634
10157
8180
9775
1080
1309
5298
398
9104
1307
720
3854
2958
4360
6378
9960
3304
3836
5887
7223
5983
8303
9353
3423
7929
7103
1351
9527
3215
6995
5016
15
887
3311
5264
5668
9682
6391
1637
10118
3406
9276
9448
1073
8055
2947
2049
6411
10395
9149
4750
4107
2981
8517
5768
8030
10241
8983
8300
5049
6299
9626
1732
4411
7139
9144
8643
4849
9760
3279
6051
6794
3574
2991
2709
3089
5820
1260
7379
952
7939
10315
4891
8005
3118
514
2415
3394
2067
10388
2176
5033
3180
3096
4551
6476
8114
425
8866
4689
9159
9301
7830
9228
3281
1433
4321
8151
6870
7623
3701
3597
8046
2036
9188
7441
7092
9080
10065
6418
6355
1185
4787
6758
8116
776
236
7708
2906
3400
1983
7347
9482
6323
260
3356
4090
2917
5894
8817
5122
6592
2683
1492
1900
1806
6060
8981
4063
7980
2735
5857
8347
5898
9516
3315
3691
7705
3988
10327
8132
858
6296
9461
2370
4006
5465
845
7135
7325
6003
9067
7467
7162
213
1030
2336
6459
7029
7498
3655
10180
4365
4814
4281
9683
4954
9605
4968
854
1302
1411
1011
2111
7208
7388
1909
3334
3580
1699
7563
7534
7152
9349
5262
2684
4023
5551
3983
6840
9392
7862
3945
1779
3595
5684
9686
5391
6313
1478
6684
7818
8521
10008
3129
8095
1378
9466
752
2354
4460
3383
2095
5089
1723
3795
1344
8181
6396
7201
1574
8932
6436
9826
10309
4018
10127
4906
9040
1010
3237
4714
5763
6891
7012
4092
7518
732
1623
1977
3026
6999
5218
8100
1842
7531
3527
1549
3302
8337
6316
3919
1577
815
10355
10405
6910
5839
1828
1606
1347
5080
4749
3411
6973
2796
4424
2372
1392
8762
1056
9050
8741
3558
105
8264
7540
9341
5937
7641
5430
5803
2667
802
2536
10348
2250
7965
1376
3238
2013
6185
7349
4603
835
3145
4817
5890
4631
1580
592
3351
9706
540
5516
8826
10061
1889
1812
553
4673
1561
3629
5228
2753
6025
1869
6990
3373
675
8844
791
3897
8771
10107
9567
6487
1032
7237
3596
5426
4174
6219
6263
9257
6189
4674
4429
4884
4054
1976
6986
153
4918
869
6602
508
1282
3097
10412
8464
3472
5367
5119
8855
8851
172
5676
8397
10171
6920
6946
7011
7415
3005
4675
3589
2788
9440
9946
6470
9049
1855
5250
8829
2814
9707
7409
5916
1528
3652
4504
4944
1137
9359
2810
6349
6188
4895
8965
5844
7884
1133
10060
4755
2145
2942
916
9056
1316
9744
674
910
5253
8224
4325
5439
5138
6289
2467
7940
5761
4390
5826
2687
9662
5529
8686
7104
6890
3360
6530
1435
4391
4914
9701
4535
3553
10402
3542
2784
10230
5506
7522
7373
2107
6768
8218
1832
2462
1767
1868
9444
1814
5052
5808
3372
9449
5294
3946
5970
3640
3673
7384
466
4812
2631
1564
9889
1109
853
7686
8846
7757
3941
8999
4711
1382
4245
5986
892
5648
9642
2817
8269
6579
179
187
3994
3749
9787
5469
1091
4855
4626
7311
2632
5650
5321
3461
4493
9784
826
3889
5926
4455
2729
6464
4326
2649
8474
5380
6845
5815
4528
8353
5592
6508
637
7212
110
4193
9337
8089
9418
1906
7245
5308
4539
6606
559
8348
2400
3220
4442
6314
4261
5598
1362
7187
2731
2634
4933
673
4408
7147
1635
746
3877
9868
8626
10428
1681
1943
473
1678
2519
1208
9315
3609
2502
5905
9570
6201
10365
913
8937
10419
2052
561
1165
2195
1070
1363
9901
8002
7603
10452
2062
2349
6740
9133
959
3864
6285
3862
5729
323
3285
2149
5607
4185
3296
9339
5015
4206
4094
4630
9224
6214
9273
7226
3169
6648
5991
5515
9427
4940
9886
8628
367
9659
8831
3815
74
1054
4771
7046
9317
9825
7983
8808
8292
8003
5641
4293
8651
615
6697
8603
2938
8756
9906
5135
8296
1788
9910
3982
291
525
8320
7628
3130
2476
5642
2384
66
468
2414
8430
3700
4706
5888
3245
2389
6397
4268
7917
9580
3462
611
1027
3975
4505
8371
3775
6241
277
4235
4312
2574
3259
8443
8014
2438
1044
7543
6176
8214
663
3599
3389
5092
7956
3757
5582
10191
3195
6734
1008
7355
4798
1984
652
819
5801
5134
4079
6914
5771
7495
6560
7580
8290
9786
9191
8137
3205
5651
8363
2582
5162
3859
6679
7954
2474
3709
5005
4346
5664
1277
10091
9950
7734
4952
5074
9136
3232
8345
7740
8015
8004
9792
6961
347
5476
1918
4452
8526
516
8127
4913
2898
5260
3759
9238
196
1993
4588
8335
8063
9963
28
8047
8423
2440
2720
5107
8985
1721
7120
5818
1857
1431
3834
4276
1192
5904
10031
7938
5568
9477
7018
9624
7977
7902
588
9459
8509
5456
4532
5233
1118
2752
1147
3927
6780
5777
7611
116
2501
2543
4068
2704
5236
1164
5819
6855
6614
5612
2608
9039
6277
7224
5828
6637
4508
1123
4703
7905
9620
4044
904
10451
1758
7259
517
1985
6013
9167
2377
6422
2230
3021
10425
1870
9763
5882
10366
706
4151
282
8867
4682
10097
10229
3635
1729
7665
10310
1502
1640
8796
4763
4201
1
7607
3932
4075
6633
8525
5000
10291
483
5824
924
366
7363
5666
4904
3502
4170
10213
7081
7989
3266
5837
384
7642
9439
3381
8996
3911
7279
289
8870
5350
6825
3072
6635
1326
4062
370
7056
3936
2926
4490
3812
9850
9518
2025
3159
6104
7860
6182
4844
5056
2647
3031
477
7993
9112
1190
10261
4332
1559
5136
9725
1633
7153
4683
4632
5273
6011
2011
6950
5709
7754
2219
7332
7493
9394
3810
6595
4288
9526
2988
10251
5170
1716
620
7594
7238
5503
1349
3412
2379
6538
8542
150
9137
6279
238
8018
4474
421
8991
7874
4873
4017
5381
3448
3341
6960
5130
8910
1927
4328
7290
5951
7816
3637
5378
1646
9509
9163
5794
1206
3703
7453
2696
2678
9680
8039
4991
2209
6015
10054
2748
2295
2298
9358
3604
9590
6699
810
7530
1014
3748
6980
4619
2522
5103
84
5209
5942
382
6947
6460
7267
9967
3627
4538
4187
6174
8868
9294
8274
1595
3226
424
10441
3250
2452
2593
5964
8316
7038
2247
4728
10076
5169
7598
1522
4215
10292
10092
7815
7002
7477
3421
4345
4309
4676
9047
8070
6047
1651
1395
10409
44
825
1671
4402
4464
8967
2685
4164
4692
6733
6974
4370
812
2697
9462
6126
7456
709
10159
3840
6619
9512
5259
9596
7524
3722
8515
2048
7777
6800
2711
8764
1600
10201
5172
9989
357
6562
10200
9921
6707
8759
8666
9059
8240
9064
3368
8773
2131
5558
6628
10011
738
3882
9800
9657
10268
10244
8609
1361
2801
6872
7136
392
6307
8226
3883
5960
2920
9840
8120
2844
7206
5063
3487
7732
7160
4225
548
6930
1598
406
1970
2537
9966
3278
7539
2640
6578
6367
1874
4371
8957
7044
4557
1221
5407
8083
3756
8012
5310
4067
10411
10222
6393
6807
6039
5560
6898
5039
1085
9978
10020
1642
8676
3395
7071
10093
10046
3240
582
3032
7389
8672
8349
6190
5448
6625
7782
4810
7583
2891
6096
4398
6358
10086
7797
10432
3213
8821
3492
5829
119
635
7995
4202
3976
1613
6042
9177
5787
1877
2280
6417
8557
9652
3739
8078
5675
1230
6377
2290
10208
2948
8109
3944
2655
1348
8075
10384
8042
8934
6172
8945
5178
7308
5161
9094
3570
5523
2516
6273
4572
6055
6717
9048
9953
3797
5595
4571
5248
6511
6297
2218
5715
7383
2257
2029
8319
4568
10124
1647
2523
7701
6245
9971
3157
6407
5535
7353
8920
9005
6886
362
7963
2927
6225
9260
5450
2626
5438
5565
9857
3550
222
8670
5524
3705
6052
9402
8973
5744
4659
4322
6623
4316
414
6918
9478
1287
3171
7574
3726
8849
5510
2610
6685
4114
496
10145
9464
784
8096
1629
1722
3699
6421
9408
2254
4743
10246
3835
6369
3255
6063
8673
5342
3939
2855
2012
7704
4441
3110
5629
9664
6090
7386
4308
3248
4478
4624
7451
6643
645
6577
1942
515
6374
4299
9078
3413
974
5966
4744
8816
3203
475
855
79
5913
3079
10270
9053
10029
2637
4038
4050
7969
4205
4593
7724
1523
7193
5316
8955
131
7764
3437
2077
5118
6270
8395
2167
780
721
9674
9831
2432
10045
9479
7219
3172
9452
10383
9486
8489
1284
2141
8439
443
5604
1631
8925
4979
7164
7911
6111
3666
8088
9290
8723
8559
9881
2777
4753
1240
1896
846
1034
2477
3512
3392
4881
1815
8248
2545
5621
8760
7775
5682
5924
9661
9286
2915
7061
5999
4869
9618
2830
9500
5975
9507
9019
1800
1069
6700
7857
981
3557
837
4469
2556
3236
388
4397
2957
2245
3789
9414
4101
7717
5934
710
497
7643
10220
6874
5539
5645
4958
3280
4485
5705
7356
6513
2262
7712
2121
6727
6155
679
1507
5852
1859
4833
5902
7214
8728
9147
6646
8507
6709
5475
2403
8263
524
10381
429
6788
6382
24
3996
8977
9821
2824
2506
648
6006
1536
2125
5082
369
1551
2899
6008
3674
3349
1586
967
6715
8295
7035
549
7418
1189
3432
1890
3707
2851
10413
9252
3344
7610
8098
469
1424
3466
6118
8298
977
556
5155
486
7064
6931
7968
8108
2663
1166
2975
5192
5985
1905
9351
3177
4184
951
7236
9916
7215
6818
7786
3033
9873
2790
8175
8324
522
3763
875
3961
10232
9275
5788
6301
6154
8415
1923
7823
2050
2292
5474
6834
968
4767
7416
5622
9896
52
8522
1338
919
8591
5716
9957
7772
7399
9864
5145
2080
5076
3713
9952
2832
2614
10141
5183
8627
5507
7192
9442
3792
9185
9420
3386
2043
5274
4867
8822
3630
2586
555
8457
7319
2293
5054
5504
7292
1567
6073
9520
834
4127
9838
9878
10431
7517
7684
6178
230
4576
6981
7839
2147
2974
6943
4840
2165
4069
7532
8958
7069
1186
5537
4491
5753
8695
10117
1734
758
6223
4156
1149
7480
1490
127
803
1336
9583
1229
207
1861
7366
4008
8331
5429
9934
7330
4650
9288
255
3057
8727
10305
4440
8782
5955
2782
7402
8204
7986
2301
410
4031
6921
7675
5085
5722
2996
63
6433
5920
2968
867
10339
10410
7892
850
2162
9911
2691
7195
9811
955
2307
8617
5263
8338
9955
7789
5368
2047
6730
2936
7329
9377
9796
4526
7727
2955
8946
8370
2909
4479
4329
1953
1747
5737
6406
6669
9319
262
2589
5328
5231
4223
10422
6681
7664
1663
3912
8156
3397
2484
6384
3282
8494
1511
5910
7043
7465
5714
4794
1439
9481
139
1183
6851
2313
8081
1751
7286
1437
2360
1334
6191
7941
2859
6557
10053
9210
3416
9214
113
2664
9344
7320
9790
6523
218
2656
5026
2952
5152
8553
3536
3482
123
2325
4014
9468
9241
8574
10028
7812
7630
5789
3684
8599
3453
2154
223
9749
8774
8199
3909
2428
9412
4253
193
9368
9539
1831
5772
8730
348
4229
1130
694
10404
3951
1748
2646
7055
1200
9374
2703
3
3960
3647
9982
8989
8944
1401
5023
4341
10204
1169
6276
2420
3663
6337
7528
3712
10164
6373
3012
2182
1496
4199
10121
2562
6416
3193
3634
1046
2736
6850
1604
7315
6542
7375
7178
1639
3985
3606
8054
5489
6363
789
2548
4104
3490
3794
7244
1652
7810
7835
5113
4654
10022
4363
5832
1075
7672
7014
4894
8485
3752
3186
1844
2030
1000
1794
2789
5632
288
9919
6517
2056
4651
8356
2680
10100
7730
908
7624
3338
644
1279
10143
9555
8692
8341
764
2310
1173
9079
115
8964
7013
9849
303
10112
7681
4102
4425
8111
6775
6458
3993
5415
9431
7913
6529
2458
9891
2038
2560
3149
265
938
9764
4922
5414
708
9990
10158
2228
1155
5732
3420
2493
3671
47
7809
10321
5497
2329
1661
10105
4691
8134
7707
9332
2741
7920
4393
7619
9484
2122
8087
9782
8894
3257
4463
6410
9688
8245
795
3447
7338
460
1698
3289
5
8575
3917
6265
5473
3473
6996
6238
3001
2577
1491
6357
2303
1785
1358
1947
2058
6112
6636
6078
1426
126
8008
5453
10353
10408
3153
324
4379
2042
4353
9835
9324
7753
9432
7508
7751
696
2747
2270
1955
1517
5472
1237
4483
5467
8678
1274
8396
8327
8115
3853
9808
6161
8197
5628
10170
5661
3500
6020
7817
3861
6936
929
8929
6449
8775
7326
4616
7613
4857
7715
5859
9888
309
6024
2207
478
2867
6993
6066
9874
6445
5499
2622
1935
6098
3981
64
6007
4695
6905
2021
5297
7078
3401
3776
5594
2760
7501
3839
9109
7871
3692
9082
10179
6202
8483
5579
2231
6064
4740
7423
7800
10337
4611
10330
2126
7436
2495
7342
6503
7949
9023
1768
6177
441
6477
4214
4158
3863
10278
1948
1355
7124
4923
1238
311
6151
2170
1403
5548
8843
157
7907
1795
1270
6320
8563
10262
3535
3751
5611
8192
9999
5184
4369
1617
7895
3206
8329
1360
10454
6582
4666
6548
6404
4183
662
9631
7833
9356
8755
7034
10341
4263
2544
3024
9270
6759
3546
2130
6809
3034
7768
909
9171
3290
7232
9327
4431
4791
7075
9973
8505
9415
2471
9004
520
6394
7346
7442
9473
7761
2153
5385
7561
10219
963
1098
6380
4007
4843
8209
5944
608
4136
9929
3953
2866
5255
8807
6641
944
444
2328
7595
5261
773
4889
4178
4589
9998
1055
1622
3648
4057
6795
3628
6203
6466
9769
7870
8901
9931
1962
5938
2286
3736
593
1039
10439
3681
4708
8219
3650
2517
8739
6589
161
75
184
9033
8863
6571
2405
1752
2884
29
7183
594
999
65
10304
5097
7867
2925
9824
6774
2811
6034
10447
3633
3348
9311
5366
4499
578
8179
2331
6553
1670
9765
7790
6658
2357
8140
6306
7485
10368
5875
4818
2248
3160
5405
991
8375
2497
7077
1727
8258
8221
333
10298
8294
7229
2000
1126
160
10106
7411
8546
6604
6322
6338
5180
308
272
106
2070
5860
314
2235
4216
9907
1501
5179
1772
7156
3762
9318
10391
7781
8766
3065
3312
8551
7558
6881
1385
3254
6071
719
1125
9146
2674
628
4213
91
6040
8072
5292
1938
3481
3142
5786
4077
2001
1072
8785
2226
7957
7581
5051
2876
8312
9895
5649
6933
9
5923
8776
7901
495
10217
9639
7854
6532
583
7385
2825
6072
5379
2061
6115
9266
8200
6763
6957
7097
7569
9298
8387
437
1379
10018
8409
6424
7197
3025
6194
8279
7847
9247
5284
9100
5696
9226
3950
1047
10389
4515
7900
9213
4882
8416
610
7859
6409
9779
1786
5419
9733
7108
10165
5511
7478
728
2161
6087
1628
597
10314
4655
4554
3948
363
9543
6857
3434
5796
757
2088
4394
9541
3856
4646
2587
271
4361
1197
2511
10126
6028
3766
7440
3234
1919
866
1430
8747
10398
9899
331
10079
8150
3028
9099
10308
8276
6479
9245
4972
5393
9396
521
6837
3601
8994
2897
7009
2297
7216
5977
1343
9932
8576
7749
2419
2089
7051
4591
8191
2754
1077
9456
6099
10214
5334
2853
1243
5073
1111
565
6379
4236
5979
10185
10332
1100
4012
1666
6420
8573
412
9128
2200
5965
9856
817
9436
9057
4221
8952
3029
5109
2533
4257
6150
10110
197
4795
5087
6351
276
2983
820
401
6138
2127
2827
8635
8373
6426
3515
7099
4837
7765
2878
305
6546
622
6824
8885
6169
4948
9227
7923
4990
6405
1031
7263
1545
5695
5060
2453
8745
10331
6594
10064
2017
3268
102
10360
5457
7390
1448
145
3297
3271
2340
5864
9965
9135
7648
591
2670
5973
4399
3814
575
3539
8984
9904
3559
8165
734
4926
9014
4115
5879
4351
577
4638
51
8032
7838
5191
1442
9771
10293
3041
3782
10202
6769
7
7890
8571
2355
10133
1560
5229
6341
3275
8520
4803
9480
5314
463
6897
2694
3022
6997
2193
2762
9487
6782
7204
5081
7291
1292
2027
479
3625
7419
6133
8388
9654
2137
5873
2914
1001
2907
6461
5795
2552
8297
5205
2588
4120
1728
9702
4149
3086
2478
6605
3147
9499
5357
2774
474
3937
6756
9862
7252
1205
5362
397
5375
8393
9561
8314
8325
3009
1930
5300
8178
4521
2967
2785
2239
632
1141
2605
2481
9890
5827
1820
1140
4788
4227
4064
2860
3143
4634
9296
135
4836
3189
5759
8418
9922
3544
3849
359
1268
4231
6204
7190
6425
6789
8247
7635
4015
3645
342
5903
2869
5240
1354
8655
5914
2238
4729
6117
8213
9010
6068
7424
2023
5353
4756
6062
10073
224
6452
3100
2787
7966
7241
9125
4562
8449
7272
7254
9573
8968
4211
607
2918
2666
6014
10181
6518
2665
4953
8886
6706
3830
4121
302
1520
1907
983
7737
4420
842
220
6250
528
8126
580
4131
3778
3486
3308
9299
1819
684
8386
4200
6983
4896
3670
9897
1475
6300
7608
7784
1701
3619
10074
3980
7987
5421
9096
8399
10168
4959
3355
8714
7676
1591
2002
344
1150
890
3585
8753
3101
4285
9847
9092
8531
796
9534
2820
7082
5235
10147
8027
5691
6654
2241
5186
937
6094
9170
8726
7991
7716
3327
8660
7500
9422
8309
4451
4804
5581
10067
3783
6499
3761
4410
5008
5014
7618
6212
1003
3178
1332
2385
8009
4951
2004
2499
2692
5589
8110
6820
843
2604
5693
8049
700
7525
4190
389
4897
5871
7466
4476
1607
7972
1304
6836
2449
5363
1856
1262
8857
177
2555
3914
8410
1050
343
1460
3494
9493
352
9568
3019
9807
1042
3560
9816
8506
5146
3105
5339
6031
4382
9063
4841
10056
7679
3197
7004
334
7221
5990
4806
6878
4529
4417
10299
3299
6210
6843
4428
1763
657
9460
6371
4172
7728
10370
4872
2459
8187
3531
5527
2658
4712
8170
3122
2190
3569
3410
3317
1915
10174
6537
5320
1512
1019
1167
1122
7475
2158
1329
4995
4522
10274
5488
258
6945
2783
2707
10446
3326
10084
2781
3894
6779
3459
2530
9150
6979
103
5877
8935
5036
8827
1012
5663
9289
7932
1518
4197
739
3963
5540
4286
7510
6359
7745
7791
2769
7602
7609
5588
2534
7233
4877
9036
9685
4907
16
4850
9781
7750
3403
10132
2628
8250
10034
3832
1239
1253
3528
1159
6272
5566
7828
5032
413
4265
1760
3714
8784
1880
3565
10319
6017
6107
8966
9148
2730
9235
27
456
6234
4662
10070
3899
997
5613
4146
1276
4247
7769
2099
4973
8097
70
6884
10071
4130
4176
3890
5525
170
7849
2675
7952
5625
2805
9529
7413
8644
5647
3871
6739
6738
5428
1246
7179
10083
1630
927
2124
8155
2382
5335
614
5283
926
1328
3577
1225
4671
3959
340
462
5387
4981
9199
7459
5987
438
2255
9622
7564
621
9979
4152
1076
10108
55
9073
3551
8580
4283
7344
3906
4108
6230
7644
9032
57
3471
5495
2960
7093
2877
6053
5105
261
10450
9154
10043
8657
5681
3573
8876
3446
8904
9373
9035
9465
7433
7974
2966
1400
8141
2479
7234
8812
9705
4317
8705
7151
3947
1449
4544
9249
7137
1997
8791
3094
1754
6441
5654
5522
7807
9882
8691
7997
5307
9530
121
1241
2431
2132
3091
10417
4217
4336
4742
740
7759
5094
7277
4119
5708
1944
10235
8875
4467
4799
1555
6074
2337
2571
5040
9202
7725
631
6239
1888
9898
7301
5037
4013
7695
5041
7283
2151
6827
1455
6972
8675
3474
3505
3440
8931
4122
3746
1538
3107
2890
2446
1138
13
5286
639
2881
216
7021
4160
310
6271
9634
1796
56
380
2987
5790
5108
7655
6728
1957
5505
1171
4731
1738
2425
9617
5896
2900
6770
5638
9433
8350
159
8947
8476
970
6186
7889
7235
7394
3665
902
9940
7449
10252
4746
3549
2216
7990
5584
1989
3517
476
4406
8610
7915
4510
3306
6998
1162
445
10306
2645
5754
2625
7421
6650
6075
4553
6193
6080
7310
1926
10095
7230
6187
8013
7270
6676
1065
9748
3977
3457
2434
5908
427
781
9352
7483
4984
1285
484
2793
158
2676
1224
7739
5748
2059
4518
5246
7250
9669
1526
2629
2641
3175
7227
9713
9162
992
2068
4613
8871
8824
3181
6731
4372
2433
7321
4768
8275
9935
506
9852
3767
7087
4291
4641
8783
1168
2904
9656
7050
655
5917
2743
5698
329
4502
8622
6147
6737
6622
4552
9434
7220
446
4602
6165
6292
876
4196
7726
10175
6228
