4795
1062
448
4943
4193
2989
1078
7534
6365
4855
3702
198
4269
4676
5753
523
3050
5737
7472
6936
712
4510
1175
2922
4543
4019
901
438
6824
4819
266
27
5794
547
2385
5332
7033
5907
2188
501
4467
165
2730
99
6155
5741
5891
6129
3750
7492
1173
1293
7666
733
4230
6139
4965
2386
1676
4603
317
2738
3690
5733
1563
2719
3451
6191
7531
6745
6671
3137
4032
2360
3363
1569
6906
432
1151
3244
2233
3191
3016
3682
7701
6768
7632
1013
412
6564
315
5215
4981
4485
1127
7310
477
3720
5223
4747
7636
291
4798
7142
710
6378
3269
2069
7541
5373
2344
3415
5091
6134
4664
3043
6411
1439
5811
5432
3795
4692
6121
6016
4780
5403
4403
3994
2154
4864
325
609
1619
806
48
6394
7334
7165
5145
3335
5005
57
5000
1571
4292
306
7436
444
1686
4455
5264
4101
2699
4301
4128
7552
5208
4386
4815
744
62
4328
5043
600
2537
6606
6807
3740
1198
2310
3203
1346
5766
1947
5540
4073
7185
1337
2390
6316
581
3204
1250
7147
5847
4254
6905
5999
6856
1019
7586
340
4400
1302
1234
4070
6615
5782
2698
2773
7213
5586
2076
4152
2685
226
1384
3869
5598
7451
4710
2270
5483
896
5181
2935
5528
5639
6612
5387
121
5692
3454
713
2340
7160
5315
4663
650
3875
7049
2354
7634
6130
1760
6187
4923
1189
7441
5911
6908
3662
4231
6043
1610
6951
996
3264
909
2092
4239
6198
7560
5912
3257
2081
5003
4784
2257
4430
7048
4104
734
5020
6320
6423
2312
3612
5918
2324
4717
443
3425
296
1904
4647
1155
1140
2899
2724
6982
4728
14
2331
3243
6024
2342
7061
6014
1514
200
3254
7537
1894
4496
5659
228
5421
6650
4500
7068
1855
2782
514
7553
5105
5553
3371
5015
4061
5301
3707
1383
5656
7205
4094
6172
890
5777
3611
2181
1732
4143
2628
3107
2282
1504
4659
2528
1415
7510
1318
7263
3582
2024
6314
6797
4423
1671
1638
7577
3073
2439
5625
2490
3921
4387
3382
697
2218
1715
2815
4957
2664
5172
1881
3223
1068
6288
5747
20
395
406
1530
5478
2992
7437
7079
610
4744
283
3174
1017
540
481
3955
2440
7260
2251
1165
5694
1566
4374
1277
2968
2995
5156
894
6950
3879
7427
116
1786
7446
5182
3748
658
1430
6073
6830
7278
6865
3048
400
1978
7216
7373
2004
3059
1060
5724
4338
1372
1063
5194
785
527
1713
4221
1834
3847
3195
174
4875
7485
4330
546
6568
3179
4295
1876
2453
2222
2162
1603
6082
5297
5378
64
5011
1216
1447
2749
1443
4477
2501
5080
526
3170
732
1331
5411
1832
2869
4214
5536
522
3436
5609
578
2561
6244
3990
1390
3780
5653
4984
1517
83
2041
6582
7246
1228
6801
5714
2585
3992
5348
3096
3115
4673
4589
3862
4612
2458
2248
4490
1641
2408
6358
5771
2706
2362
3177
7683
3153
5064
1568
420
5152
6041
4329
4318
4438
1663
6994
1163
1892
6341
7116
4122
2590
7533
2529
4626
2404
5608
4204
5829
6929
6624
5274
5816
7291
2701
6741
7578
6151
6194
5012
5960
4297
1654
5183
7189
2956
6418
2217
4431
87
5275
3017
6743
7401
7562
493
7523
539
6940
6667
7598
7114
3832
802
560
5550
7654
1037
3583
7469
4715
2184
3615
4718
4896
816
3172
2811
3061
3194
3794
5752
437
2600
2812
190
6484
5500
5567
3186
1493
2576
1511
1336
6942
1702
6438
6704
447
6221
1219
3517
6536
858
4701
2801
292
3011
6688
3911
82
5221
6569
5517
6587
3035
1719
7123
3591
5895
5109
4053
2138
2568
6090
7659
1499
1706
6702
1510
6780
4914
7475
6478
6250
1167
6362
101
2580
322
2543
3698
1207
3713
3770
261
7180
6238
4614
2064
13
4736
4074
4954
3291
587
6872
6414
5391
5490
6668
5642
2129
1312
1468
2984
4621
3576
37
2245
2886
6441
7201
7525
4443
7558
6204
558
4207
525
6729
3723
5414
2237
1758
286
3705
430
3733
3774
3944
6732
1616
6091
5325
7037
4537
7695
4725
1990
4271
4376
1375
7679
5256
4265
4273
1505
3304
5263
2176
5844
411
2418
2085
1470
1072
1479
2134
3516
616
3786
4302
2750
6106
6815
3596
3800
705
6555
570
6201
5756
7445
270
4857
3762
1779
2346
5350
5133
5471
849
370
5727
2830
5190
1543
3709
2132
6727
4169
3213
2006
908
1914
2050
5893
5222
2499
1721
1190
3424
5162
6033
6494
6157
7652
1418
4817
2881
5938
7589
4597
4866
6689
2519
6363
3661
6421
965
6007
3679
1761
601
2364
5658
1888
4904
1729
5036
4958
5890
346
1288
3443
7050
5235
856
2051
2492
4177
3943
5994
1699
4727
89
6746
1987
117
7017
6156
264
3902
7707
531
7027
1582
4735
1772
4108
210
1736
7365
393
7328
4253
5576
1815
3961
2437
4111
5791
6188
2415
871
2547
1527
2461
3381
1285
5682
2848
4617
4245
2764
3639
6330
2215
4
1496
227
698
745
3746
1792
3606
6277
470
2531
2762
6895
4608
3708
2863
1507
966
3118
4623
6542
6514
707
511
5341
6038
5822
2767
4548
913
3023
2161
5127
765
2614
6168
2621
2482
621
7149
3357
6850
2391
7690
6802
2316
3824
7177
2796
4794
5237
1544
2648
7685
184
5748
1199
567
3903
98
3052
709
1572
1798
2034
7078
4502
1087
6681
364
3206
2858
7175
6498
900
5377
1809
945
2965
2379
735
3926
798
7155
6808
2565
5382
1756
476
6995
648
5968
6858
3426
1541
3238
5169
7240
5131
4224
3753
1192
2769
3106
2599
1374
1994
6909
6696
1674
2766
5984
1739
3726
6585
573
42
5205
5962
3465
983
6419
1120
872
7694
3136
6685
892
4565
7289
3909
3600
593
6140
1340
7300
160
4586
6613
6987
2887
866
3692
7569
1456
6077
7266
4987
3129
6182
2322
4927
4839
5901
1324
278
4014
7194
5928
2211
1187
4532
1304
5587
4346
2663
7333
6552
981
2920
3894
1194
2319
7342
2889
512
424
955
7656
1287
2409
95
7036
5262
1927
5191
3975
3192
1031
6580
3735
2378
6218
5233
826
5745
5861
4153
2936
7422
3095
3400
1970
2419
5529
3651
7478
4308
2414
5848
434
6706
7253
6933
5556
2939
2065
2477
6945
3472
6983
7684
4023
3084
6019
351
4495
3590
6135
5508
4680
3345
6192
5137
7564
6695
6509
6855
6261
3514
5925
5446
5480
4544
1886
7644
6623
7002
7338
5243
6473
49
5017
1445
1088
3595
1950
5801
5201
2057
7168
3817
1750
799
4802
3822
3781
2700
4628
5234
7274
2662
2382
1835
490
195
5475
4672
6035
2455
1069
1093
4805
6092
4134
5346
3938
7249
5289
7341
6305
2829
4367
2636
7272
839
4356
832
724
851
2983
7535
1966
5030
3372
4397
5622
3185
4703
6558
478
1725
3001
2487
2948
2729
5456
1611
5696
486
2824
3878
7046
5744
96
853
3998
3608
7200
6339
7610
5128
6770
7340
5141
6999
5792
4842
7414
4065
2793
4429
7645
5293
2557
6232
3053
7145
6380
2963
3286
78
1455
6549
885
4573
6493
7678
3418
6174
2258
1913
3182
1355
1409
959
2032
3554
7019
2871
841
2397
3470
2403
7195
1539
1945
378
6920
1368
2684
1524
5051
1862
2510
1358
2591
3258
1926
5336
3520
6521
1853
763
2073
2866
1055
217
7239
103
1292
7409
277
5826
6333
3558
2781
6737
676
2910
2550
680
4426
2199
3891
3803
4433
6963
3532
5474
2506
1050
5548
6720
3710
6050
6127
6527
4336
3974
3674
1723
4057
2240
2395
5695
1842
7605
1450
5843
4740
740
7452
7080
2805
1821
661
7599
214
5735
634
3867
2785
7282
3463
904
5601
2853
2202
801
6475
3660
2405
3567
3864
5354
4525
4484
1768
7590
5076
7056
2511
5683
5492
3495
4969
5073
1232
3568
6178
6146
479
1349
3792
5839
7023
4995
2728
1171
2474
5539
6398
5117
5868
6803
3492
1895
964
2771
5837
460
1532
1605
886
2979
5276
2164
3837
6302
167
5902
5542
7614
3858
1360
4350
5242
3980
2704
1271
7313
7252
2191
5045
5633
1464
4937
2167
691
7173
4835
3101
1822
1180
207
643
5318
5470
731
1116
3588
3598
5649
6590
5019
5729
3887
1972
22
6721
6919
6644
6831
1467
5063
5630
4719
2512
6547
3654
2772
6202
6984
5746
6821
3041
231
7305
5797
6388
7108
5312
2014
7630
7306
2859
2721
3359
6817
2653
7479
1156
3890
1040
6059
4924
6510
7294
2469
40
156
7059
7208
1992
2656
5477
4285
7257
6260
1577
4675
5876
6318
6786
7416
3855
4037
1545
7311
3741
2780
3462
2196
108
6764
2075
5014
1564
1973
7140
39
6170
1107
6145
7265
1200
408
7426
3373
500
7026
2019
5515
110
3906
3530
2949
931
6529
2790
5214
5667
2597
3970
4133
1632
1898
1432
5018
1799
2562
1091
2096
5800
4173
3498
4475
1393
1376
7557
2151
2776
917
3556
6154
6015
1489
5894
2375
2670
5339
607
6217
3732
7283
7112
2640
7130
327
6163
6196
3344
5707
5385
6386
2296
7566
5161
5313
439
3993
418
1158
3663
5607
7503
3672
6518
5923
2577
7350
754
1781
3866
4401
3885
4639
235
120
1221
5731
7218
239
6690
5906
3135
5751
469
5408
7044
3671
6248
2298
202
5701
657
7646
3742
4041
1542
6713
3504
2594
2999
5577
7041
882
3407
6522
6961
6412
962
535
2017
6
1816
3091
12
7323
328
5209
2757
7597
2997
3888
3389
3420
914
3868
7097
135
4331
2809
1322
4601
303
173
3818
2919
612
2011
6119
1960
6591
1826
2126
625
248
5740
4766
5229
7455
5954
1843
5245
6266
7335
1448
386
2579
1883
5413
431
2623
529
5261
298
3057
582
4913
7500
5951
5805
628
5926
1526
2104
6867
5617
905
3907
1952
6565
371
2687
2394
81
258
6654
7488
5866
3209
4300
3486
2463
3680
1417
6023
780
1874
4606
4988
2261
729
2466
5431
7640
3111
232
6406
6294
1730
1621
1160
2694
94
5024
7474
4421
646
3524
1350
2247
4135
93
3301
812
6166
3882
6490
7550
973
2734
2843
5873
6403
4742
848
3212
719
3650
918
3068
2061
428
6849
504
5138
6759
3034
2070
1745
7608
2981
6321
7519
7141
1519
7433
1955
5531
2654
7309
4360
5129
7071
4313
1283
3548
5824
7623
1300
3406
3125
565
1339
3479
6044
2661
4415
4764
4117
4939
3290
4870
5393
3935
304
6008
5338
6675
3622
4792
762
122
5126
655
5854
2133
1726
463
272
7633
4110
876
1933
2985
7689
6445
4594
6998
3008
3609
6476
3966
2478
791
4035
1680
1724
857
5009
4082
5784
4667
6912
2903
4881
2309
2143
474
1728
3604
3127
888
1712
3281
5389
7484
5655
208
3484
2502
6010
5614
2608
3412
4327
6784
4576
6785
4690
4267
1211
4091
2236
3305
6089
1807
3871
109
1684
2451
1021
961
2854
4773
7322
4654
3246
7052
17
6884
6488
4163
5992
1657
309
3754
3601
1085
5874
4420
7464
1421
4844
140
3370
5651
4533
1419
6649
5597
496
5971
6583
7016
1152
7532
4402
5706
2589
1118
7103
2558
3453
956
5621
3138
4046
1956
5798
162
2703
4528
6231
7330
254
1975
4086
3743
678
6661
5302
2535
6646
3046
4100
2192
4700
6109
1170
7070
410
3652
4216
127
6336
2669
7649
3744
2183
1623
4449
3000
194
517
7642
6442
2931
977
4730
1201
2363
2569
7405
7304
736
1210
6028
757
5374
1589
138
1882
2493
3488
5220
6633
2280
629
4240
923
4776
1606
2917
574
6464
2036
3215
5648
6296
2434
6724
3193
3178
1270
451
1048
4220
7675
7635
2480
6503
3341
4646
6076
1126
6979
3761
6554
7520
7463
937
3505
7100
4880
6754
2442
2317
1870
2285
6072
2178
2552
7231
5623
3429
2958
4008
653
6800
1081
6977
3856
768
3958
5240
4027
3028
3081
1177
6543
114
7090
3277
1029
4137
6275
6354
4060
3300
4604
6495
7124
3549
2042
3464
5523
1841
6924
6531
2527
1147
5453
1692
5628
4369
2148
2680
1683
409
6953
1294
620
4562
7509
4015
2079
4641
1701
3538
5821
5482
2476
146
4909
2460
1660
7315
3655
5613
6647
4138
6449
1483
2563
991
7132
1714
4619
4024
6699
4447
1996
2197
2003
6136
1475
3861
2326
1024
4549
5033
4836
2155
473
6434
4068
855
7674
2203
5204
2272
7415
3557
6868
4225
6891
5554
4454
1166
3526
2521
6496
234
7045
821
2525
1485
6560
2566
4209
1777
6639
1502
1266
7317
7098
1307
3697
307
1099
3307
6370
1241
2109
5278
830
6658
1733
141
6298
7191
2508
5083
352
3804
4584
314
1594
5698
602
6376
6328
3417
5422
949
5473
2090
3865
3263
7700
6276
3228
4149
4697
714
4470
4317
1472
3845
7386
5686
6829
6600
3033
671
1330
5549
7696
2692
5335
5165
3482
3519
6273
4960
4215
5521
7699
5908
742
782
645
1079
935
2140
7449
4720
5188
4223
6656
814
5288
5524
2894
6701
1347
5287
3859
330
5641
33
23
2157
5803
4432
7434
2890
7022
2102
4307
2545
41
6128
1877
3665
4749
2559
4975
5343
549
367
2975
524
5952
2304
5581
147
1789
252
6416
6832
7595
7536
4150
2723
5320
1487
3898
7542
4568
1833
2539
7336
4519
6349
7206
6003
5910
2857
2850
7621
2083
1102
6988
1174
1628
2982
7086
175
3130
5139
5485
1361
1480
333
577
5232
5362
2876
2712
711
4045
7643
2286
2523
212
1414
4643
2361
7512
4480
1665
6034
7077
5353
624
556
2444
4652
4822
2964
743
67
3681
942
5184
265
4048
5932
1937
2450
7248
2897
4116
6913
5920
5716
459
6017
3977
2549
2504
874
5454
1662
1449
2074
919
6245
1627
7431
2495
1236
4947
5135
4627
3224
3823
2177
1135
3387
6641
1474
702
3919
3128
4072
3602
2845
5788
2200
608
4469
3951
865
7362
3175
5789
5252
960
1407
1121
3593
2679
4529
4062
3874
6599
294
4530
3112
579
4852
2030
7476
3181
1720
4882
3060
4129
4416
5616
2515
2916
7157
6816
1252
2795
374
2605
2488
4986
6211
5520
5575
390
737
2817
7290
3978
1352
457
4237
2803
3563
647
6910
1440
1949
4437
2872
2498
5465
3553
6553
7220
6991
4456
5785
771
2438
5872
3399
3605
4180
7572
2533
4737
2352
2172
836
161
2325
2748
1659
846
3234
5154
6086
3005
7691
6455
4571
4192
5265
2842
188
6184
3597
2367
5661
126
1022
376
32
6885
2647
6274
2603
4977
1890
1916
6738
781
3346
7382
5886
6533
6978
3330
1070
427
5863
1323
2659
5424
338
1521
695
3152
5130
1656
1451
1386
3956
5175
5564
516
6883
5057
617
7628
375
4970
2009
3901
3355
5185
6206
3309
7600
2427
2682
6065
7530
7497
5067
6239
3491
3643
1122
1096
1857
2849
4417
2952
2400
575
6753
2761
7174
3756
7230
1506
1931
5917
800
5442
7153
2868
4049
5611
6293
2483
3314
1854
5447
3012
417
2446
3150
6040
5401
5704
5355
7658
2125
4250
1139
774
2158
4660
7582
7657
6200
263
21
275
3785
2880
3298
302
3981
6446
3775
6848
3338
3941
5388
6101
3221
6805
1919
4388
6932
3306
5277
6810
6075
4581
1708
4005
2398
1313
5948
6422
6061
4444
825
3799
3361
5224
4382
1012
1597
2933
5730
7314
7601
4200
3049
4642
5700
1454
6108
3377
4326
7575
1128
3189
5646
3051
5192
3718
137
3571
1334
6544
1220
7448
3886
929
1634
4918
7498
566
4649
7470
2494
394
142
5504
5715
7101
2046
7235
6461
1425
2422
4683
6144
2383
4299
2696
6111
456
2279
201
416
2372
3366
5963
4414
152
5258
2530
845
5974
1735
4363
5376
1359
4624
1335
151
1295
1150
6284
4982
6504
7214
3376
3114
6937
1650
1525
4504
4213
4605
4252
6860
1411
5945
2912
4919
6826
3678
3256
2220
2351
6968
699
118
6871
2713
5927
112
6283
498
1466
3999
1254
1921
2731
506
2435
407
5040
1631
2637
6990
485
4512
7047
1593
1073
1967
6080
288
3321
553
6153
667
2575
2111
2376
2953
1328
4288
2802
4825
3838
2885
1423
7181
4179
5995
4383
6160
2144
4998
2763
9
7606
66
6804
604
313
3934
6142
6469
6506
1918
46
833
1351
2416
2053
2711
2423
5814
5125
5914
4212
6539
5838
2038
4458
7704
7075
5468
5840
7620
2223
6009
5177
3534
4708
5250
4483
2695
6742
1353
1828
1695
4756
6886
187
1469
1797
2002
1942
6269
6236
4466
6315
3072
2264
1963
6707
1262
860
1379
7681
3648
7676
4902
4178
1400
7410
2747
136
1130
2277
468
6655
7074
1560
2538
4063
224
3055
1983
4473
5595
5284
4874
71
3183
3251
1873
5417
3657
3645
4980
2720
3121
1282
4335
1497
5267
6391
4482
1644
3362
2001
4583
5060
131
3385
6424
1625
1936
3769
4616
6609
6012
4392
5670
6874
6957
3819
483
1658
4746
1607
164
6692
1027
223
2536
4868
7269
5034
3734
5958
2195
842
4704
5572
6683
635
148
4707
2452
2593
4146
119
1243
7238
6125
5935
5197
6736
7219
933
1782
1131
4141
3560
4955
6377
3365
4481
7663
979
4514
3427
1061
5436
2613
3949
7411
5710
1889
5937
1498
3883
2098
4198
720
5187
5998
1431
6456
2635
1637
3268
5618
1245
4867
4263
1917
4259
5558
2297
2465
2645
7245
2246
5725
2293
2345
5566
2582
4243
2714
452
7254
5394
4940
4036
4973
5660
5878
4172
2269
4801
295
2433
5056
4658
665
4653
1554
6672
5217
6928
6337
6427
3758
2149
1780
7326
4865
5199
1932
7607
2266
3044
759
934
1011
7069
6956
5144
4553
5494
7430
7159
7432
5664
7121
1979
5760
1394
4702
5270
6186
4465
2913
3638
2620
4155
701
2586
5888
5337
6195
4162
7179
7148
515
4731
7296
5359
429
3550
123
4944
784
6213
916
3635
7626
1974
7308
3448
2260
6752
3255
2942
472
7616
3673
6067
4194
5939
335
4688
4218
287
6258
7198
3960
7612
5110
233
1119
2135
5832
5969
6523
1452
3287
2015
4873
970
5778
994
5697
2609
2484
1193
4261
5632
7105
2612
4448
3430
6364
4003
3834
2163
6851
1806
6964
2826
77
5225
7187
5966
7477
6189
3825
391
6879
3466
2601
1559
7568
2417
5358
2292
6843
4921
1057
6761
433
1082
5202
256
1224
7355
7125
4732
3751
5668
4460
5986
86
6935
3113
6545
7346
5379
1256
7352
4159
11
5583
2275
5469
1281
3630
2016
7660
6115
4912
6769
276
764
4666
4206
5652
1332
4089
6162
5255
6396
640
5858
1755
4907
4779
910
2265
2542
1133
5645
2116
7423
4001
1677
4274
3659
7161
5806
2103
6959
2627
6071
3763
1253
3533
2540
4893
7065
5671
721
893
1872
2727
2106
1998
672
7085
3564
6022
3749
6844
5088
5662
318
2221
2765
1235
1555
1522
2314
5626
4674
4025
6789
3241
5457
1831
4681
5435
7127
2128
1176
7367
4861
3039
6911
2410
1575
1169
379
5505
2944
3405
6638
787
4696
6450
155
869
1491
4080
2810
6845
4541
6611
169
1910
2170
7619
3653
3616
5164
4076
5802
1460
3939
5773
3518
2777
2066
480
6054
4199
6118
3250
5273
1651
1858
2229
3042
1648
4930
2503
5560
5732
4889
1242
4555
5406
1515
2846
1861
5440
3090
1206
7489
3006
4966
171
5010
6081
326
3331
2816
3984
3149
4145
250
2299
5049
1757
921
7458
4314
6809
4021
7570
1020
3433
3446
5352
300
3210
4771
5198
347
5722
2592
1550
1672
2865
5186
3982
4424
4840
2900
6433
803
7223
1257
5603
1778
5078
3539
4536
454
6589
5068
3594
5023
3808
5535
3369
7154
1618
3629
2681
5420
3478
1808
6673
7270
989
5631
4132
1138
2822
4758
5713
423
3577
5299
125
544
455
3850
7067
663
229
2961
1675
4800
260
2744
7354
360
6387
4931
6700
3523
5200
4228
6711
2625
4030
6117
4964
3540
1911
3110
6193
3320
7573
1286
1424
6917
613
1492
7473
924
3276
4901
4898
4085
5344
3245
7375
6888
113
6678
2315
6459
7000
5818
2147
4886
4354
810
7042
3103
519
5647
883
1909
7343
4522
6371
1049
3457
7099
6648
2213
1244
6893
204
6574
1820
6629
6454
6348
4503
271
4219
5390
4620
6262
3806
7258
6049
3683
4554
6078
4440
7513
4498
2675
2086
5238
1609
2377
2546
4686
3201
1705
4956
334
4232
3765
4165
852
1848
5820
773
3849
5396
1308
778
4174
3716
1923
5976
5412
3580
6726
4476
3308
679
1442
3045
1299
786
7276
2516
4113
5644
6915
5381
5082
969
7515
3018
980
2012
2468
682
1046
2791
5834
7404
3449
5356
2374
7113
6020
6739
3959
7417
6548
3624
5254
5437
4790
1364
572
5134
6710
7139
458
5831
1863
1326
4034
4013
4753
6687
5166
868
1311
1426
1573
7613
3302
7190
3745
5629
4574
3821
2171
3499
3496
5283
6246
1868
7504
2380
5146
2227
3870
6208
5808
3288
382
4175
3670
3509
6814
7494
5244
5330
85
2283
3332
1769
3460
69
7615
1935
6634
401
5449
2368
3647
4208
4827
191
5171
1392
4342
3552
6652
6346
5239
192
1622
365
755
3349
5650
586
1348
4948
835
692
1218
6131
5375
7592
3502
7003
2115
5897
308
1058
6431
2741
2160
6138
341
4668
1754
805
6018
6762
6344
3771
7369
7358
5340
1159
5687
5825
3226
7662
5606
5007
4407
1458
1391
2928
4908
995
4799
1587
5674
1710
357
1028
760
6225
631
312
5241
6666
7229
6281
3102
7581
4524
2630
5306
5059
2448
5584
7072
4545
3374
1961
4486
3569
6538
3703
3715
6385
588
5585
4453
3835
7641
3348
2774
4176
7697
1092
1653
3676
3899
7447
2925
18
4665
389
3768
4203
4922
4876
7468
5547
1305
3537
345
5763
2839
4996
3695
7243
6474
4276
6332
6215
1887
5316
2798
7407
3551
4102
2835
5511
2789
90
6087
1258
245
4714
7429
310
3026
4974
7012
3280
6056
5721
6404
3434
7419
5065
1267
3759
2486
2131
50
1164
7526
4768
6331
6352
2242
6735
7001
6921
3364
1080
1412
4558
5226
1557
4671
70
5723
6962
6834
2909
7546
5875
2369
7134
7005
2005
6407
4087
1204
3230
2072
6409
5281
6110
1791
7540
3396
244
3140
4170
4706
6563
3490
5441
4520
8
1602
1819
1007
4144
5828
6900
5728
331
6567
3275
4508
5397
6240
5776
3066
2588
2657
7462
3145
3352
3180
6335
6368
3062
6021
6530
4993
7585
3284
5739
3148
2027
4851
4789
4078
6226
4506
80
881
1473
1183
4043
4600
3631
902
3231
4358
3969
243
6758
622
1225
5031
4489
6559
4492
6841
7496
2387
1920
6359
5853
4090
1999
225
1095
5107
7298
6397
7543
3368
4618
1537
4830
3529
988
6866
450
993
5463
5395
1803
7408
4853
5170
5898
5677
7669
1784
5048
4539
6903
3009
598
3423
6505
4222
1381
5488
1010
3798
4847
3912
822
3913
7424
3004
4950
3403
1770
6237
3190
1704
4293
5314
6462
5988
5764
441
5041
6099
3378
4022
4885
1104
3989
5006
2988
1272
6436
2241
2651
2524
222
2840
5657
7559
6881
2987
182
58
1008
7
7329
6719
3996
2660
819
425
1584
1801
1849
4976
2615
2473
5114
6085
4741
4679
5990
2371
2271
1261
4745
6463
5329
3784
6055
7565
5620
2025
1574
3589
6124
168
5563
3247
3386
6393
6443
7281
7576
7115
2677
1976
4349
6299
7193
6916
5949
3010
2212
4821
7087
6705
4905
4131
2604
4809
7277
6253
1796
5833
3157
6452
3444
7284
4722
1805
4103
6343
7693
3477
7549
5123
2717
5472
3633
2641
7418
6636
2130
1035
4123
1727
1112
4739
1410
4859
5176
3579
6036
2509
4897
6723
2113
6709
2658
4147
3124
2862
7102
4531
2040
660
6835
3957
3266
1690
1222
4154
237
1054
2481
5466
3936
3123
6931
354
3809
7584
4899
5022
6395
1741
1810
38
1005
4917
6048
5460
5497
3578
4729
6389
4359
3945
4985
4878
4316
3487
2622
7357
6958
2905
4812
4011
3986
3644
6169
6457
2977
4630
1265
3815
2047
1790
4806
7596
7389
5812
2411
7043
3711
7571
3299
3852
6776
6588
2139
3459
7297
3031
1652
5004
255
1071
6970
4258
3940
6351
4962
2683
1047
5476
2321
4791
6653
1039
3789
7698
6573
4373
3317
2349
1906
4099
4515
1321
6347
3513
5899
5985
5195
1869
5399
492
7129
6499
2507
4778
3933
4634
7650
6708
7217
5541
3485
3542
6878
3876
230
6626
3109
7197
4280
4787
3428
1518
5418
3092
5196
4130
5996
5180
4039
4774
3360
6013
5819
2471
3480
4042
4493
6272
5533
4018
4846
6973
3658
5062
2472
7196
6304
4389
7391
978
6880
4114
5
3508
2335
926
4570
2234
5292
7624
6057
4251
4813
3333
6751
5326
7321
6861
2431
1179
6526
4640
3379
88
7688
2276
725
4793
7555
5151
3088
3893
5121
6390
877
6698
1125
5867
4286
2489
1137
4786
4816
4366
1343
2908
3620
1239
3173
7428
7040
4783
7325
3202
2967
793
5579
3274
6818
508
7199
4246
4311
2690
3450
3788
7164
3144
336
1365
2288
249
5253
1026
1734
6280
2556
1548
5046
5842
4463
7307
2705
1471
4352
3056
5493
2152
1188
2783
5859
1109
3047
537
4006
502
2804
649
6714
4695
1907
2855
1538
6825
3828
6566
5228
1624
5795
4112
2632
7184
5282
594
5150
1406
767
149
7030
2454
6084
5272
4635
6491
2941
5590
7670
6229
7224
4785
4755
6301
392
1405
5120
2145
4999
4759
7574
6812
6632
4585
4488
4277
7376
2091
5982
1546
7490
1212
2895
4088
4748
1205
5768
3432
6383
4234
4572
749
3456
6366
3843
6748
4282
4372
1763
3641
337
4983
968
2691
3296
3340
7514
3807
1629
3627
1579
5342
6694
1788
251
7120
7353
3469
2445
7063
5249
2289
3058
7150
280
1441
5880
4168
2799
1965
2262
281
2107
6524
3979
1678
6319
3037
1749
3116
1934
3160
25
6594
4978
5122
2311
2406
4187
5909
7383
1585
4941
6147
1309
4534
5061
319
4264
4843
828
6515
2707
716
1765
532
5892
7517
3767
289
6402
4546
2059
5759
6833
899
4592
513
5804
2911
3401
2399
6604
5147
927
4377
1552
5119
3020
4523
5600
5231
626
301
4195
6516
5230
2945
3076
3668
4587
3313
269
6756
1501
2938
4160
6663
6481
5845
4834
6828
3310
31
3719
2980
2219
6444
7292
1237
7207
1484
7677
4540
1226
4656
4511
1655
6882
4926
5291
5640
2341
6310
388
4044
5398
2121
779
1100
2048
2708
3261
2100
2819
2906
2554
6798
605
7286
489
6480
2230
1016
4910
3570
1144
2365
4136
6470
1533
3139
4752
1356
677
3358
950
7170
3329
5699
5919
7299
1325
5569
7579
6492
2150
2208
3071
788
6914
1534
6287
3952
5841
6967
240
2650
4249
2491
6575
4441
595
53
6471
3500
2284
5775
7271
6030
7374
7058
6429
6664
6985
6074
2668
3881
4077
7687
7347
6854
6066
6974
7183
3976
3896
2926
1209
3312
4552
2462
4804
2071
7212
6313
2969
3069
6203
3932
4762
5537
6716
1195
5210
7126
2541
1984
7482
1404
216
7007
7671
3528
4038
1106
5562
6791
2901
5132
6063
3836
2337
1123
5512
5311
998
5310
6579
3584
475
1981
5972
3421
1636
3820
1478
2253
794
4854
7010
7412
7461
4989
5786
1840
1263
589
3119
5793
6308
34
4405
6096
6472
1896
3877
4332
1667
4325
1640
7051
2206
2555
543
6004
1338
1817
75
3211
7361
6889
1856
5155
4298
3272
79
4711
2193
7202
808
6869
497
6625
4226
7706
3814
4887
2954
1168
6939
2308
7518
6722
7204
6686
2224
7459
6960
843
6637
562
2250
206
863
3831
7583
2567
1289
2813
5328
2
6508
5357
5743
4357
5849
7339
1103
1465
3164
3929
297
915
4098
1943
6205
4381
259
7460
6289
4262
2169
4770
6651
6114
1633
4413
7360
6497
3942
6062
2443
5885
1824
343
2054
4291
568
4911
2388
1094
3087
2709
1903
887
6697
3065
3171
1604
4425
5173
5428
5227
954
690
6487
2194
1233
2334
6069
708
6952
1083
654
4457
1369
4067
689
2923
5429
6123
4938
6224
1867
28
290
1997
6793
3294
5464
6773
4182
5846
2693
670
6520
4333
3628
3860
2572
3985
3289
3383
5053
2357
5481
6143
7083
7637
1558
3772
1377
4004
2389
1208
6001
5518
569
1682
4451
1500
5211
4513
615
5368
5140
4814
5372
2043
3525
4248
7364
4879
6282
4105
3166
3197
606
3242
2735
4205
7303
6592
1664
4081
2974
4109
5455
5366
84
384
4967
2355
7234
1551
688
6185
7420
953
5924
2244
43
2209
6989
550
2726
5044
3441
1214
3937
446
1416
7524
2951
5066
6448
1630
4323
1688
6593
7508
911
940
4856
6175
1357
4622
6340
1142
2373
870
2756
6290
2095
3712
1995
5780
107
2186
4119
2587
213
4478
73
5427
2022
380
2336
2806
1476
3757
3973
5879
2551
6955
2646
7456
6677
4272
4961
4871
5268
5384
5709
7588
5903
6373
878
7302
5580
4487
2088
6400
7653
3326
2947
533
6079
3489
6165
442
7672
2934
4858
6862
7008
6744
5266
7444
6179
7186
1764
1227
6535
4669
1247
5285
2306
1329
4151
45
520
3105
4385
611
2902
4946
2514
2907
5883
2986
3968
6645
6598
2755
1366
2978
6083
4959
6259
5605
4713
5193
922
2743
6507
5676
6291
2792
946
3783
5450
7539
5889
6051
5592
6216
7668
944
4348
7629
751
7682
2624
3402
6971
7131
1954
7095
2420
7545
632
2924
5736
3143
5956
3392
3416
3664
1985
3613
3205
5970
7151
920
426
6541
1580
2800
6901
990
7702
875
220
2180
5718
6595
1413
6312
3029
2035
236
4054
936
3126
7062
4181
7166
1084
6923
1802
5430
1367
494
636
3586
766
3154
3283
3738
2179
2513
700
3778
6486
7665
7293
5979
6561
3931
974
7222
6577
2607
30
4290
6064
3666
4079
3905
4760
6774
396
2207
603
5887
7495
4670
4994
685
4582
6255
1382
1342
130
4115
7013
4419
3218
4411
7491
1264
6382
4777
6767
4075
1578
2676
7486
6251
1583
1513
5324
6329
2666
2760
4186
906
4869
1113
3730
1601
5304
7396
3851
6161
2182
5055
2156
7602
47
3840
7372
1673
2820
1023
2652
4782
1823
7320
7371
1025
6437
2573
5557
2742
3507
807
5685
6432
548
7203
4315
5206
440
2347
4427
6267
2231
421
3842
2457
6823
5627
5905
7639
6384
145
5331
3067
215
528
1717
7106
1697
6765
1747
2254
1317
2631
4409
903
3207
4542
861
461
1988
5113
3419
627
3337
1752
2000
3475
5498
5037
7593
2273
405
7651
2353
7471
5635
747
385
6367
5717
907
320
1547
3565
538
3791
2267
666
4210
1371
7487
6355
722
5042
1494
7370
2118
358
6820
3161
5294
1586
510
5479
2634
3380
1795
2823
4723
2532
1033
704
3854
2256
5081
2595
1681
5987
3493
5307
2117
7225
5703
6922
6562
6046
3467
829
6466
3351
5944
1345
5333
6381
5323
4361
4028
2739
2736
7236
4535
2174
4598
2688
1134
2007
7262
4797
6781
5815
3566
4093
6941
3447
3295
6303
3117
4303
2904
5761
3324
7522
2629
1948
6164
6819
941
6357
7288
1581
5978
183
1378
4820
7084
4201
6537
6733
939
5663
1645
7117
1427
7031
7625
3561
5212
1860
5712
2080
1044
218
1477
6210
4052
7399
4380
7402
5678
1615
3617
5931
6782
2966
664
3729
4992
4590
6268
4877
7122
5351
4726
422
2084
419
6838
7264
563
3830
6197
503
6693
686
2745
4831
4738
6060
5593
5754
775
4936
6897
2596
133
4928
211
596
6324
1509
6822
7385
1647
2228
3782
4903
1157
5448
7661
7301
2560
4832
5813
1319
68
6103
5251
413
2033
4705
7359
2570
963
1642
3079
6631
6840
5163
6374
5934
2544
1871
4347
2946
2874
3535
5877
1000
5983
4501
54
5236
4751
4733
3227
844
6047
5257
4287
1880
591
3354
5896
3623
0
6813
2119
5857
2045
63
4229
7435
3916
3587
6410
2243
6173
60
4833
3511
1249
7387
2517
4566
4560
1310
2407
3614
2778
1939
1370
6100
7604
5941
2235
3971
7703
4595
495
4841
3318
1968
2168
3747
3696
6892
6207
4689
219
7096
534
6896
7259
4952
4183
651
6428
4593
1398
7617
5871
6972
3917
681
4158
4066
3082
361
279
7324
811
5317
1213
938
1422
3282
4171
7366
6617
5950
4632
7611
1429
3510
5365
7146
2165
4629
6350
2039
1042
3214
3963
5380
134
3632
1549
3810
4818
1482
3501
3404
1066
5922
4615
1
157
6519
1748
2020
2087
267
6311
3188
6926
2957
2998
128
2459
6734
1596
3391
4270
1899
6068
3640
19
2870
3581
7692
551
1851
464
1290
4872
3437
1846
4631
5001
5619
585
1608
2667
571
2425
1576
1818
4971
2993
3328
7493
4069
2775
6550
5458
4408
912
2110
172
3025
2249
4051
1248
2430
7057
6242
7538
6032
4990
1595
3693
3646
1064
2464
3303
5383
4693
6426
4518
3248
7104
6576
2497
5578
1314
554
3805
7400
6199
2052
1901
4140
5615
5219
3527
7521
185
776
684
7673
6670
4304
3013
4578
453
3972
1043
1703
3146
1925
6309
398
847
1217
7241
2232
5035
5882
507
3625
5565
5070
3776
4556
5434
4968
987
6747
2313
644
642
7162
402
6447
6556
777
16
6209
6969
5827
2553
1132
6485
5726
3474
1878
5546
4838
241
6141
1794
5298
6500
5491
7039
3764
1002
997
491
5309
6148
1783
6772
4322
669
3923
6525
5097
3904
2175
1490
5416
1149
5319
1528
6286
465
6925
6890
1296
3390
696
5588
2825
7554
3252
7172
316
3846
5770
7032
4942
3897
1388
809
1698
5929
383
2204
115
3545
1512
5216
1327
630
4242
353
1897
466
4824
6183
3063
2827
5419
5203
3997
4118
6107
4499
7073
3572
2485
342
3930
499
1716
837
3167
5452
209
1301
2864
6159
6680
6640
3398
2710
6279
6847
6011
5643
3811
4083
2970
5279
2718
6876
2914
6642
5582
795
6620
7111
2205
5334
2836
4339
5765
2927
6788
3725
584
638
467
3574
3634
1015
4694
1146
6657
6799
5538
403
1930
2281
2971
4368
5807
564
4033
2021
659
2959
6270
6094
6167
5810
2328
6907
831
3220
3235
4934
2725
1481
7648
4895
5705
824
3198
1838
7381
5347
1839
4305
1162
6827
3920
6006
1958
6662
3085
5489
4916
1373
4344
3889
4284
5532
4900
5038
1536
2877
7467
5207
3292
3691
5690
359
7021
2366
4637
1825
6836
726
2732
6749
6361
687
5720
5072
5089
5862
6037
6278
5050
5869
7285
7561
1694
4526
6627
5300
2381
6806
2029
3217
4750
4698
2479
4106
2994
2114
4164
5796
6501
6435
6986
105
3410
7028
1051
6176
4743
7312
6546
5610
2077
2216
253
840
6235
238
7210
4685
3544
5973
368
3027
3704
5054
3685
1700
6954
2962
4767
4949
6479
1396
6586
2883
3356
1635
4370
6112
6468
4709
4211
3813
1362
2500
2268
6234
4862
5719
6417
7603
1461
2976
5835
4803
6097
2067
150
1893
3323
3458
1052
5856
827
3442
7438
6532
4197
2343
7556
3134
5149
72
864
1446
1986
6219
282
4418
2665
834
4334
3285
6102
7135
2456
2715
3327
7089
1006
2626
1773
2878
7158
6875
6993
2678
1928
2263
4343
1591
5654
4769
2350
1067
4763
5544
7480
3278
2921
3253
4188
274
5679
5612
4472
4963
5029
7507
4459
7483
3965
4462
850
4393
2432
4107
7655
7529
5684
5691
3802
3353
6712
24
5930
1891
7267
10
4236
3755
7250
1230
4127
6465
6171
4289
6120
180
5367
5527
3618
4551
5409
693
1668
4828
7221
3948
6126
3440
5543
2026
2142
1463
4320
1685
5093
52
3642
7171
3543
619
4321
7006
3438
5981
3411
2078
197
5002
1691
6779
5103
2671
5451
2210
683
435
2470
2295
6981
2639
3541
3216
4399
2259
3773
1395
6777
7705
3684
3739
718
2190
3724
2808
3036
7152
7060
951
1229
1341
4196
6660
7109
6000
5439
4468
3531
4406
2008
5672
1740
2137
3431
7237
3262
1661
1776
3040
4550
487
1090
4241
3002
6728
4677
6927
5094
4055
4721
592
3158
4691
2753
2099
5084
576
1520
305
1845
6230
1380
3925
6228
6557
1246
6002
7403
5168
5363
1811
1742
3506
4633
3064
4811
7182
1827
5758
4026
4452
2697
4479
7093
7137
6602
1767
7011
4682
982
797
2918
6755
91
4972
7356
7631
1098
7406
7332
5702
2722
3947
6467
5993
178
1387
299
3342
2891
7226
5552
1059
884
3003
4000
3461
415
4651
1813
3297
2616
3122
4353
6440
189
92
1141
6420
5561
4920
3156
7053
6614
992
6757
7054
205
530
1401
4602
3915
618
6619
2068
7273
7548
597
4190
6256
4396
4016
7349
2031
4337
2879
7638
7133
985
2332
3089
2833
4257
6026
179
5864
7454
639
5989
7188
1864
6227
2788
6342
1136
1172
7227
2089
3094
3619
6571
1030
5757
350
221
3927
1457
1787
2333
6930
2338
6360
3070
3737
1598
6794
6511
6039
1556
5774
2214
2153
1438
1679
5772
6873
3098
7393
2564
5118
1523
35
3796
3225
6265
5108
5904
823
3910
4391
3675
5783
717
943
2578
3293
5750
3083
2013
6052
2049
5179
159
3610
3086
1503
2548
6317
2851
1774
7465
3636
5964
889
5638
293
958
3908
2990
518
1115
6326
1969
6605
4184
6980
6180
5942
7091
1977
1089
7295
6643
7394
5016
1437
6775
1397
3014
552
1953
1259
3347
449
2358
4829
3239
5321
4845
2392
984
7024
7506
1255
7081
5823
4255
5008
7379
6621
4275
3054
5507
3722
5589
6607
3394
484
3422
1982
4607
5799
758
7215
6792
4126
5075
5637
1420
2896
3515
6725
5870
5404
7255
3833
5711
4915
4009
5295
5530
1553
3607
3603
5755
7439
6778
3093
1274
3848
4139
3015
4084
1646
976
5086
5742
3435
4559
6572
1993
4324
5977
3007
6458
4362
143
7413
4991
1915
2875
2037
2384
4002
2610
1004
3497
6975
5940
4071
3273
4351
5322
2520
752
6334
5769
4951
3468
2884
1154
5957
488
5027
349
4979
1912
6415
369
4235
4644
6635
7627
3736
967
6904
36
3120
5360
3827
2356
6249
559
1830
4609
3409
26
2943
44
5965
2062
5599
3863
6944
5174
7348
1129
262
5959
2930
6243
5673
1639
3686
3599
7178
2359
1178
4120
509
2770
2618
4636
5425
5836
3621
2638
4588
3200
2424
1191
5681
3151
321
4097
1766
7580
5525
4507
61
329
3133
3924
5308
6375
7279
5604
769
772
7647
790
3669
372
1402
2198
6796
1879
5361
4461
2856
7368
1182
4412
7025
5955
5461
4567
4283
2496
2056
5484
5077
6540
4521
6405
5213
2303
4781
2852
6439
1991
7316
2101
4849
5400
4058
5779
7009
1462
6898
6451
6603
4891
4040
741
3559
1124
462
5693
4883
4319
5218
1223
2166
7192
1957
6578
815
4167
1110
4884
2807
4625
7256
4650
6918
5100
3884
6027
2888
6356
2318
2655
4945
4436
6846
2141
4611
1316
1389
6996
6842
6934
2937
4837
1268
3983
2327
1053
2300
2758
5142
7680
6372
3187
2733
3727
5443
3452
6058
3208
5069
2339
2124
5101
29
3100
76
6053
761
5850
203
6513
4404
2847
5526
5506
3521
471
4050
3797
3503
4932
1924
7453
6430
1722
5047
5534
1269
2674
4233
7319
3476
6222
6902
6297
242
4012
1971
6534
6674
2060
1900
898
3995
7331
6528
746
3078
1215
4189
1399
4247
2136
1844
3350
7397
1075
1944
7388
4890
2838
2740
7344
3393
1884
7169
1145
6948
6233
4953
5415
3790
6093
2105
1951
4095
7609
2672
2955
104
6483
6992
5666
6997
3656
4007
3104
4716
5860
6715
3694
3397
1836
2305
7337
4577
555
6369
5708
4850
1260
2737
246
2127
4384
614
1114
6149
3022
5085
3721
3637
6551
6691
5090
1865
932
7038
986
4157
6300
1687
1590
6943
1959
3967
1744
3844
1203
5467
561
6408
952
4296
7563
4395
817
4125
1902
1117
3074
6105
6870
4655
2421
4505
2779
2467
5591
5286
6264
7363
3038
7450
6965
6252
5136
1775
2841
4124
4564
652
6025
1433
6581
1105
3626
7138
1847
5246
6263
3097
6005
2973
6616
5570
2522
2173
1964
5407
2643
1034
2598
2505
2239
3237
5486
3547
5305
7384
397
5160
6031
5039
7029
3892
2401
3163
867
2893
6327
4294
4422
1315
3829
3108
6132
3573
1108
6113
6864
6517
7380
3962
2602
4281
2044
1785
715
2018
3699
590
3325
3375
6717
3322
1885
1408
5559
4256
5514
4509
1804
6938
2892
4474
633
6345
6630
5392
2093
5881
6122
1709
925
4648
1689
3311
3954
2584
4266
6460
5852
7511
4047
1800
5071
5568
4166
4450
4306
7247
106
7442
4398
4345
7622
7594
3270
285
5178
1041
2534
1746
1620
5571
5933
3816
7501
2185
7034
132
2786
4517
1737
5574
4569
6285
2837
1077
3483
366
7107
4599
5675
3714
6763
1696
4156
706
2929
3021
6489
1875
3236
5680
7327
1929
7020
2972
4161
4894
2689
4185
4775
6306
1038
7232
1980
6618
3922
3199
7443
7421
3367
5767
879
6045
4645
6665
2290
3853
1866
129
4378
3233
1385
4394
3700
4439
3388
739
3688
4580
3873
4906
158
6482
1197
536
4638
7035
7287
2787
3271
838
2252
5013
3316
1291
7018
1076
4935
1161
2274
5159
3536
3575
1036
2746
1738
1852
748
2393
5167
399
3
3946
6104
1276
6859
324
2307
7094
3988
2370
6029
5116
2447
1153
5665
7004
4435
2915
891
1306
2814
3267
4491
6853
5459
5410
703
7064
4494
7014
5545
3445
2950
3147
4471
2716
247
4434
6760
2834
3787
5967
3728
1202
445
2238
2828
6622
3222
3196
5551
4661
5900
3555
5953
2291
2120
4446
5636
6295
4863
7457
1303
3249
6795
7144
2023
1333
74
5738
6771
7167
6679
3687
2255
3953
4010
2581
1453
4497
4684
5790
1643
363
4808
3777
7667
1588
6730
2797
7082
5624
3793
1056
257
4734
3706
5913
356
2396
1181
7591
6790
5087
3918
3701
2611
2028
3439
5487
7110
6257
1018
5884
727
193
1508
5602
1850
1240
6811
2323
673
1363
505
750
5817
4547
1495
623
4925
2402
6628
947
436
4445
3019
873
1565
1666
1771
6399
482
5290
4826
5943
804
880
5405
111
3826
1488
7664
339
694
6116
2751
1626
3414
7481
5099
1731
5096
2475
2226
5303
7318
1101
641
2673
1814
2518
6837
1444
2821
7351
6379
4699
1298
1793
154
1718
7280
4848
3987
199
6899
6787
813
5386
541
3494
4364
3677
4761
5247
4341
7211
5689
1529
545
6214
2526
723
6887
5855
2058
1231
1613
6946
521
2426
3024
176
3232
6839
2794
1185
6947
783
5079
4309
2330
5749
2873
7587
3841
5115
1743
5975
7466
1614
2094
3649
5026
5516
3132
6659
674
3240
4997
6512
3176
1148
4244
770
1600
599
4340
2082
5669
6477
7544
4371
4579
7119
5946
3219
5058
668
56
6703
3142
2097
3900
7268
3872
1540
181
5025
1186
5345
583
7088
6322
6190
4238
6150
4365
7551
153
6137
4724
4059
1086
3141
928
2428
3857
163
362
1065
6307
3339
656
5106
1184
5104
1592
2867
4278
5280
542
5947
4020
3184
1097
1989
7502
3914
4064
5445
1297
4860
1812
5021
1670
3481
4765
7275
6392
1435
1751
753
387
5501
4538
7015
6783
662
3779
5112
3080
4355
1561
6401
2991
139
1436
3384
1599
3522
4929
1280
756
2063
6425
2996
4312
355
3155
5271
5830
6502
1032
7425
7209
6098
5423
4279
5102
373
7242
2108
5555
5634
1962
124
6731
1649
3839
2831
7686
97
3075
4561
59
5438
897
2702
7163
4442
5594
2287
3168
1403
2294
4575
796
1045
789
4754
6254
2898
5032
1753
2146
5513
1238
3689
1143
2882
3229
177
15
7440
4031
1001
820
5980
5369
5499
2574
196
5426
4227
5074
4591
3259
6323
6133
7228
1344
4888
2649
5143
2302
5444
1354
2960
5991
6766
1837
5762
1111
2122
3162
5433
2159
4687
1567
7395
6740
5148
2441
7076
6177
4428
5296
5157
3546
1908
971
5269
3562
332
3812
1196
4712
1014
5509
2301
2754
2768
4933
6601
2642
2348
5809
2617
5915
6608
6042
5370
4379
6241
3159
323
7055
311
7499
5402
5371
1570
7143
3964
3279
1320
3585
3319
144
862
3077
3030
7378
186
4202
7392
5522
7528
55
1486
3169
4613
4375
1617
3473
7092
381
2278
6894
4056
1938
1428
5865
6413
4410
3928
6353
2123
3717
5519
5364
404
4610
1279
2644
792
6669
5327
1759
1273
2201
3099
344
7156
895
7567
5787
5124
6212
3315
1562
6718
65
2932
2752
1941
2187
7345
7618
5462
5734
818
1278
7505
7118
2449
6852
1922
2010
6584
348
5573
730
3265
7136
2860
3731
5189
2112
5596
4390
6750
7066
3395
6570
3801
3895
557
5092
6610
2844
4092
4029
6596
1711
6684
6095
3413
4464
5259
3752
580
5111
5158
957
859
1669
7527
5997
1707
5688
3032
4892
6676
4557
7251
4310
3512
5503
3592
5936
7377
2784
999
6292
975
4516
6338
7176
5349
2055
7516
2759
972
5496
3165
4596
6271
5028
7233
1905
6863
1459
5961
7398
1003
948
4563
3408
4017
1516
5248
414
2429
3334
1762
2940
1829
4148
3260
3471
4807
6857
1859
4772
3766
4268
5921
6070
6220
3343
268
6976
4823
2619
5260
6325
2861
4142
2818
1284
51
2225
5098
100
930
2413
6453
6682
4527
5851
2436
1535
6088
2189
5495
1275
273
7547
637
3950
2606
1693
6223
1009
6597
1434
4191
5095
4788
6181
3131
3336
4657
1612
854
2412
377
3760
4678
1251
2329
3455
6877
1074
6949
4217
728
1940
6158
5502
738
3667
4121
166
7261
7128
5510
7244
1946
4810
6966
1531
675
4662
4796
284
6152
2583
5153
5916
4757
2633
2320
7390
3880
6247
5781
4260
4096
5052
2686
102
2832
3991
170
2571
