1213
60
1093
2088
1031
2211
1660
1135
2649
644
144
1483
993
1193
1709
1533
1894
2487
2311
337
54
1524
734
310
1126
2283
1186
1403
2373
630
1574
1736
1198
339
1550
523
2460
1947
342
848
1415
507
899
278
77
1493
1458
1560
1339
724
1664
2003
2712
808
1180
1988
626
2578
545
640
2457
2429
2378
258
1052
384
1343
914
197
2265
2183
898
614
1175
1844
751
1942
102
2322
471
782
777
1196
2655
675
253
1689
2503
2604
2175
1751
2000
2372
1362
273
1888
846
798
934
1826
355
814
1336
1374
2537
1409
806
2178
356
1960
2650
2547
505
1236
645
2451
2153
1950
324
726
1836
2608
716
1719
2611
2002
2602
2145
1749
1746
755
129
1964
70
978
865
693
1741
112
2369
1234
1082
155
2186
2134
178
1753
103
437
180
2030
2716
2292
201
968
1390
1237
122
619
1089
1874
1863
2015
2453
463
1281
772
1885
1071
113
2228
1802
2622
2694
161
794
2046
2120
608
766
964
1130
2270
1448
43
959
2403
2534
250
274
341
1433
1880
2498
1750
996
2250
1704
1392
633
176
65
1816
649
2166
833
2251
702
1061
1242
2208
549
1959
1879
14
270
2598
1730
2485
773
770
1507
1324
1784
855
434
2613
765
2474
1104
259
752
784
1085
2242
1454
1041
1625
412
2332
979
939
2142
2004
822
832
1861
1110
2121
1475
1029
2679
1827
1606
579
853
956
2359
1869
1360
991
2110
2181
2080
241
2315
1487
1194
663
1855
2137
1401
1858
615
1766
2245
1920
2605
1410
224
2595
754
2356
506
2488
483
1462
2571
2408
1933
1073
1898
1597
887
2397
81
391
910
891
585
935
1019
926
681
2706
1563
2742
2133
366
721
1292
1416
1653
2579
1897
2687
1219
2207
1801
965
464
586
1697
119
850
1007
830
1280
145
2148
46
2678
791
1016
248
2259
2572
2553
600
1585
1566
2623
1614
1654
383
851
533
1199
2564
2398
1382
1835
1914
712
2327
1922
1380
1818
2589
1938
457
2383
1901
2555
2708
2676
680
95
2371
2680
174
2248
1943
2370
1148
947
1179
1012
1531
2171
252
971
2619
220
807
460
1813
17
452
193
2086
2637
1909
1523
196
2400
1204
143
1167
305
1973
1301
1501
1221
136
1051
1184
242
1059
655
1090
2354
659
93
2213
788
1200
173
534
416
531
1510
448
332
749
769
2745
1739
1955
2479
763
1162
2268
2476
1830
2204
684
1258
490
918
1191
550
557
1381
2138
565
1377
1891
230
1634
1309
2746
1850
509
1101
2612
165
153
1121
387
2149
1417
1266
1951
1881
1974
454
1962
713
1333
2565
314
1578
2664
1075
1254
2074
2481
2436
470
25
1428
1975
134
2035
601
346
2141
2263
897
2085
2342
818
125
559
1256
2468
2031
495
466
2368
1331
166
2700
983
2483
2618
2233
2666
282
396
2054
738
2364
239
1621
1038
2300
2089
2685
2472
1774
764
2669
2235
2415
2374
662
1155
1214
327
370
58
2316
1604
1773
222
977
467
2362
634
2028
1244
1389
1538
1277
1076
1810
999
1182
1793
2469
1118
1725
704
2220
2126
410
208
272
2698
1650
1619
1708
1122
1217
819
1613
2136
462
1325
1398
1088
2125
1646
2625
703
453
2582
2438
127
2455
9
1754
1181
1394
875
1787
1572
1743
1699
1791
1859
1479
316
2132
1853
1535
1681
1103
2407
1099
778
2731
1906
2634
1554
1271
276
992
84
1278
1755
443
2566
2467
1387
1183
386
1210
2517
1220
643
602
1442
2707
2550
1143
1946
1819
2044
303
319
915
895
514
2039
1904
2040
1667
238
1848
695
1831
1817
2340
676
546
842
2523
922
1223
130
2338
862
2308
1673
1286
972
1003
2257
2197
2477
449
223
1723
2118
1985
418
1050
2005
2091
653
2302
2323
2041
1308
179
1049
1934
2195
1139
1471
625
2596
966
2272
1703
2286
395
1970
1762
2606
2241
1300
2016
1228
1576
1021
7
1539
266
1953
538
164
837
2554
929
1420
349
2099
1294
1828
1696
896
2673
1603
1520
2390
1117
1789
1124
1871
393
1887
1584
1820
1014
2212
1765
873
1983
281
2610
594
739
1
1473
834
1185
207
2585
1477
1706
1663
691
1956
1596
1936
52
481
2143
686
1378
75
1598
2411
1105
215
982
1027
1476
1209
2624
671
1216
2526
1349
564
916
2642
1939
1536
1332
1666
518
2077
2312
560
877
1207
1321
532
2082
1423
225
2568
1246
64
209
56
1729
1882
1438
1006
1058
1714
1461
958
34
204
2363
2394
2471
2218
949
2273
260
666
1568
218
487
2239
2435
885
1303
147
1066
1829
1159
2456
1419
2447
45
472
951
479
1132
1243
2223
2334
408
571
1961
629
1250
2008
1262
2681
200
2267
2034
1323
1265
120
1065
2688
404
1543
1940
1837
1079
1629
872
1269
436
1178
1342
2426
1460
2172
740
126
2055
88
2510
697
2157
1760
2725
1785
151
1311
512
1691
2484
940
1095
880
1227
1582
797
2592
566
244
285
953
405
1583
2179
1716
390
970
1327
90
1508
1498
150
745
1430
1771
605
1804
2297
2191
499
335
2665
774
661
1260
2412
924
741
247
1335
908
2714
2200
2709
1247
2106
787
2119
2717
105
2349
1517
1092
1872
473
820
1205
1189
612
628
379
1782
2343
2391
1206
1032
2159
632
2053
1422
2512
1113
49
715
2567
1665
1344
597
2423
1170
2329
1977
23
1628
302
1832
419
1917
2109
2128
426
1500
2750
275
1999
725
2049
1353
1777
1316
1884
374
2525
183
876
1334
1405
700
2386
11
2747
447
2140
2012
2194
548
380
1443
476
2150
1506
313
1284
2440
2083
2043
1094
2748
1735
613
41
1889
1693
580
234
758
235
1902
1285
790
1407
2740
2627
527
2528
718
1865
1547
2428
2246
1399
592
2102
2253
2271
1632
912
2059
1211
1623
1851
1119
2127
1620
1963
696
1883
1004
1490
1561
708
1972
582
219
99
1724
1069
1264
1806
2594
1201
710
576
2038
2404
1305
216
121
263
2684
938
504
1097
2752
1976
2070
2318
175
114
1526
5
859
705
1453
2489
1926
2419
2214
194
1575
1530
32
2620
2266
2454
2188
2062
1147
840
377
2532
636
2247
678
18
1297
1241
747
937
1794
163
2303
2478
1843
2122
2260
1010
2114
1870
16
1586
2036
1044
139
1941
1273
692
1197
283
2640
2344
735
2691
1480
2735
825
654
1781
2559
1441
2671
2686
1357
1208
2644
1503
8
1655
1376
2418
1372
1133
510
707
2290
2730
1798
1541
1690
2050
2573
425
2365
229
888
350
950
694
71
682
1544
1812
1542
1994
2633
2531
1077
1356
1421
2244
1128
2465
2147
2033
279
2185
1226
609
1715
1106
581
2536
1997
882
603
2583
1924
1701
1626
399
604
1367
1096
685
919
723
998
2180
2236
2499
2505
109
1803
1990
2723
1618
743
1017
847
2117
1384
352
543
2293
1366
429
544
315
2586
1661
2167
1252
2155
779
1823
62
1905
343
2131
2724
892
1599
1589
1786
2425
2165
359
2401
1067
717
2240
190
1445
2255
1107
2733
1068
237
31
331
1413
748
1142
767
1160
2124
701
1411
1046
1686
2417
2291
1676
1720
156
2659
900
388
2184
149
1365
1928
362
2103
312
1388
1557
1945
1511
2011
1020
2215
2130
86
1658
1165
1123
2540
589
381
2139
185
1814
2463
1867
2524
542
722
2076
1747
2333
198
986
672
1772
1418
1637
835
1648
1509
2744
2317
13
570
812
1834
2529
906
520
397
3
169
2556
584
2433
2339
2430
863
500
2160
2396
101
1045
2135
1470
4
1631
1393
2206
878
2098
1057
492
616
347
1911
1842
2473
2023
0
2162
2104
199
1287
733
1488
1000
2631
1545
540
1907
2663
541
1063
810
2496
2713
2346
1993
1472
689
1931
946
1431
635
776
868
883
2546
2352
1164
1149
438
1516
2209
821
1852
28
829
607
231
889
1015
1469
2237
214
1043
2216
2535
955
1636
465
1151
985
2727
731
42
299
2275
561
2081
1875
844
87
82
1351
1821
1463
2544
1570
2345
521
2279
1279
2652
1233
251
1856
1056
668
1048
2493
367
1780
1726
618
1042
2353
2630
2238
732
911
1109
489
711
1111
478
709
488
516
1534
336
57
2024
2560
575
1857
2704
759
96
76
2389
2703
884
400
2406
1579
1590
2231
1270
2264
117
1519
2092
1203
1521
1925
1641
526
2720
1449
1529
1169
363
2653
2108
2100
1330
20
1023
1404
348
667
1136
1929
652
361
1849
2672
973
1161
107
2439
1261
2090
1028
2739
1778
2032
1916
1876
1757
1954
1627
2192
1083
94
269
44
2202
1549
1412
351
2301
981
1592
2357
38
1190
2701
871
1624
1698
2466
1253
554
1156
2094
2603
1645
1108
2281
1115
1497
128
617
2182
1612
213
142
2475
435
890
1759
904
1064
2628
1195
2067
1687
1692
1166
191
948
2381
1432
402
2635
1899
1060
1005
1846
1222
646
874
2563
2662
2616
2348
2367
2230
1408
927
206
730
1815
1346
424
182
1427
63
2581
2019
2538
2753
2309
775
2047
1559
1840
1910
2643
1172
760
1919
1577
1718
1644
2066
858
1601
1562
660
2651
394
683
48
261
1486
2282
1593
2682
306
474
371
1679
921
1238
2437
256
2020
2234
2434
2480
217
2112
2584
2064
1436
1245
2176
621
845
2431
158
673
1444
1359
1154
920
2252
2695
2129
1992
2358
852
2576
1202
1688
1886
817
69
2274
1125
1717
2037
962
344
1638
2224
1505
1328
1499
243
1702
2461
1312
184
265
2656
2615
439
353
995
1054
1315
2269
491
1465
1707
2492
80
762
360
824
2115
1464
2007
1074
2376
2543
138
698
22
536
15
1379
1733
1310
2693
2174
357
2702
2310
768
195
1140
1805
1129
2405
1373
1643
1137
990
1551
68
280
146
923
2580
172
567
2341
132
2280
1163
157
2193
2164
1683
2014
1540
2079
1087
1727
2146
2674
2304
1002
2641
2743
639
409
2677
202
2010
1672
2163
422
656
1792
2507
2190
2668
372
177
1662
2154
2073
688
558
886
1295
903
1368
931
1289
553
480
1341
2658
2711
1131
574
869
2452
2314
1371
1581
556
870
1878
1652
1670
2295
1114
2509
578
1034
942
1833
236
1168
2320
2307
398
365
539
805
421
1800
647
1640
1144
496
245
1764
111
687
1659
1055
321
1602
2225
1761
300
333
118
2221
152
1386
2045
2754
2574
975
1481
2095
1451
2294
1282
286
292
428
535
2699
1546
2226
1811
92
1571
2254
1291
2330
1467
879
1354
2060
233
446
519
330
170
291
2
2058
699
2442
1713
1383
641
1456
2444
1981
192
2530
160
2751
1656
2549
2203
311
137
1232
963
1086
969
33
2052
517
976
1173
658
1949
1283
839
1969
1799
802
2502
1958
2670
459
1080
742
1770
2256
1319
2189
2144
515
2705
1967
1995
427
1824
2198
1512
2393
2027
1385
2057
485
89
1272
1446
756
1930
1768
442
529
596
2683
67
2413
1259
1617
1528
167
493
486
2697
181
1251
440
277
2219
2648
2232
530
1414
595
411
2347
1635
928
133
1229
2087
2210
590
284
2399
1288
2675
320
304
249
831
2084
141
757
2521
1722
952
441
2355
728
2575
432
2490
1569
97
2187
2617
1009
537
1558
1633
2645
2289
401
1984
2514
593
2287
2285
1873
35
2105
498
455
1847
838
783
1230
1649
309
227
2494
2732
2072
1752
328
2296
1862
1982
2718
1594
39
1797
1860
2646
1745
2607
1078
623
2449
2601
2151
827
2737
1218
1642
780
1112
1556
188
232
1854
670
2734
1158
1355
1732
2541
1396
674
960
816
171
843
2441
1100
1141
2337
1138
1728
2600
414
2450
2395
326
318
2462
1025
1553
2361
1231
1839
1225
677
1171
987
168
1047
2446
1979
1948
913
430
2288
2432
1685
2654
1796
221
29
727
811
813
1495
1424
288
513
1320
785
1329
83
2056
477
930
1937
1748
2599
1478
2410
1564
469
1978
296
2168
706
1694
1011
2156
322
1496
2621
1001
1515
902
1680
2593
719
2217
1864
73
1565
98
2261
323
1674
501
2464
1298
1695
468
295
2504
2513
1240
562
1274
591
714
203
1965
893
30
736
2508
650
1268
2486
2506
47
10
648
917
809
1033
611
2173
1102
1302
1347
1605
1615
1783
1212
2222
2570
1952
1070
2443
378
1397
2470
2276
1980
1630
657
100
1668
423
2726
1152
1224
2321
307
2258
1616
2277
622
2029
1845
2177
2278
1763
1363
997
1275
1361
1348
2639
2350
2392
954
1276
2096
2351
1008
610
2458
555
2614
690
2384
2284
2548
2729
568
308
228
2588
1450
525
382
1018
1447
552
828
1776
2715
1921
2500
287
2306
502
598
1255
771
637
2609
264
1072
2065
1426
450
1146
354
27
1527
2519
210
2738
2501
1700
1518
2587
1900
2170
1098
124
793
2515
72
254
957
786
123
1120
115
2299
1868
403
1737
524
373
2518
50
1150
2661
461
2022
909
2107
815
1514
325
2741
2632
1587
1134
2424
497
583
2113
2542
1998
2379
1040
2196
627
2388
2696
1375
2722
36
1091
358
1807
1647
508
385
1039
2101
967
1968
2158
2657
1257
2021
2243
1918
1809
551
864
392
860
2249
290
2577
1317
2636
1841
1026
577
1896
2414
528
943
368
1567
2262
189
1622
1364
53
159
1369
1580
2319
2360
1573
1838
1611
856
1734
1326
267
2009
1468
1552
211
1263
1957
1877
135
1912
1971
187
1795
1313
1669
753
1127
2736
1352
12
624
1400
2382
2078
1322
1721
1522
642
148
2097
2387
2511
369
1537
1425
1494
2516
2558
59
2161
226
664
2497
1608
1435
1923
1350
375
1908
1740
298
746
1177
2527
1249
85
2123
2545
1290
974
1986
1705
2562
2459
2416
511
2421
2520
2366
79
2409
737
573
744
961
317
1187
2482
2326
2539
289
826
1024
257
329
2298
2116
268
1927
433
186
2427
1989
1710
1304
1966
2324
1944
420
1176
2667
1314
2626
1591
2336
1296
1684
941
2325
301
1489
1022
19
482
1037
925
2013
588
1235
861
1657
2448
1318
2710
1532
665
2749
866
1915
2075
1081
66
212
2069
338
750
547
2445
1084
2692
1474
445
2380
994
2557
2420
1062
255
1457
800
2719
1671
1459
2328
1370
2491
1455
2042
1935
154
781
1239
2152
2048
1491
1299
854
91
1192
796
1779
2495
1651
1036
2018
669
522
1157
51
246
1588
905
55
2552
2169
116
2335
1595
2229
2111
1903
1395
1215
1452
2385
932
989
456
1675
340
293
1402
2313
563
936
40
792
1639
1892
131
334
599
162
803
894
1030
2063
1756
1525
406
2305
569
606
1013
413
1991
1742
2689
1482
1406
2006
836
431
1825
1609
620
2629
2093
823
345
2638
205
1188
240
364
651
37
1731
458
74
1996
2199
1775
1429
140
980
1607
1932
901
2001
444
1769
1340
1712
475
2025
1437
1678
572
1913
1788
1116
389
407
1338
945
1711
1895
720
1174
804
1035
110
21
849
881
108
2422
944
2647
494
415
376
1504
2331
1682
1484
1866
26
24
1307
984
2051
2597
1790
799
61
1053
1808
867
2551
2569
2377
2533
104
1145
1248
294
1893
6
1677
1548
2591
933
1267
1767
857
1391
2026
1439
2522
2205
1600
1822
1293
451
1555
1987
2201
262
2561
1434
1440
1337
729
2071
271
1466
503
2402
106
1758
1358
587
1306
2690
801
417
638
2068
2728
2375
1502
679
1345
761
795
1513
297
841
1610
484
1485
2660
988
2061
1744
2721
631
907
1738
2590
2017
1153
78
789
1492
1890
2227
