460
675
665
216
235
231
233
606
172
561
279
470
241
335
609
452
260
62
566
386
304
366
294
376
444
297
252
61
293
670
685
650
502
95
395
367
671
378
392
625
99
268
237
223
184
385
718
692
273
191
36
629
65
677
105
576
653
527
614
316
151
7
98
45
153
717
142
555
696
130
310
25
196
349
326
720
461
524
643
463
374
508
42
120
309
581
700
218
496
292
72
714
145
626
162
474
480
215
391
91
493
637
282
545
669
631
170
423
94
365
171
250
331
695
400
500
89
189
387
598
503
510
647
722
679
139
16
287
159
11
490
239
517
712
93
412
80
157
484
299
526
636
24
336
543
289
648
538
393
610
707
53
548
46
188
458
209
328
307
362
569
439
579
624
603
41
359
272
243
358
673
3
535
318
630
87
595
380
108
107
77
125
371
295
708
229
521
475
203
613
573
415
633
465
594
64
174
249
132
456
168
85
182
340
427
519
377
274
284
186
664
178
551
4
587
699
323
342
303
339
619
443
495
515
55
405
344
75
112
706
684
372
596
560
611
220
357
17
523
402
536
534
346
618
413
554
459
57
232
338
453
492
466
401
622
155
86
563
176
195
12
529
645
266
208
369
88
225
657
640
70
69
646
635
131
341
528
662
264
20
373
441
498
585
531
464
296
562
530
270
244
327
651
575
9
678
556
426
206
612
262
652
381
559
198
280
550
558
256
343
146
149
628
477
248
417
478
44
38
690
242
123
110
513
667
424
138
283
659
469
207
126
173
716
602
161
258
705
658
428
642
39
200
164
588
255
197
185
487
51
682
288
522
320
544
305
29
666
567
6
681
49
135
166
472
375
238
661
601
590
482
516
118
546
18
471
129
103
676
212
389
668
450
433
351
504
577
572
117
620
512
300
608
639
355
390
582
557
446
183
599
468
26
404
31
33
147
382
221
192
165
35
314
60
409
278
663
476
723
649
654
201
58
488
711
141
533
13
63
158
148
571
2
421
586
721
406
445
23
724
494
247
414
74
702
509
76
230
634
383
396
81
431
447
416
348
462
541
473
691
254
532
616
167
160
324
505
399
687
440
552
154
83
116
319
150
30
312
281
113
694
163
15
210
507
73
483
275
347
455
570
467
251
485
363
537
245
591
37
564
321
100
78
236
713
525
360
434
56
420
40
583
271
704
115
222
1
175
489
257
437
486
84
621
214
697
240
638
632
641
542
407
553
190
308
106
429
597
394
285
43
121
50
719
227
14
592
449
605
234
565
54
261
379
290
655
337
202
8
136
0
491
306
71
540
128
133
269
604
217
226
644
435
578
114
213
479
315
187
34
228
442
701
199
345
384
52
481
111
211
715
277
514
298
90
584
276
600
451
418
419
356
411
520
144
353
623
302
574
457
102
368
21
67
686
408
82
518
497
674
301
79
329
511
169
506
454
143
615
398
689
422
403
137
410
10
547
181
313
436
246
59
19
607
438
109
219
350
425
134
177
672
104
156
354
370
311
549
152
322
430
140
47
265
660
66
96
501
710
388
205
267
397
48
32
194
119
22
539
580
361
179
568
286
224
364
683
334
333
688
680
5
617
193
204
593
627
330
259
432
97
325
693
352
122
180
253
127
698
27
263
317
124
709
703
92
448
332
28
656
589
101
68
499
291
