1343
1130
515
992
291
1000
717
348
4
476
582
225
687
1162
167
580
405
715
488
804
1327
850
153
1323
202
1121
933
873
375
1253
119
903
889
693
1260
424
1120
908
1073
49
1109
1083
1306
66
108
1229
1069
792
997
1180
116
468
671
549
391
956
828
783
1272
1114
754
115
698
721
1115
31
852
213
1225
604
969
349
565
446
1332
84
322
474
557
296
930
1123
847
89
1378
244
505
1160
507
160
614
1358
554
909
58
736
1023
1124
53
327
19
83
166
511
242
732
708
285
660
737
512
733
1176
1205
1252
700
268
1401
497
289
1352
453
1239
176
195
200
32
707
718
1158
283
1017
1331
1357
682
690
1300
279
546
918
1122
496
659
685
544
20
1126
597
96
146
113
1131
705
506
206
689
1195
849
851
875
968
669
332
1178
197
912
547
1161
878
993
290
1264
670
1080
305
262
2
76
1108
331
1297
1407
1168
661
71
417
977
353
1395
1067
433
885
395
630
713
904
591
1237
709
553
952
172
1145
205
298
595
702
1099
1098
891
1235
913
299
1027
785
297
801
784
995
1324
50
449
806
1033
65
1219
439
1013
495
68
1374
263
1337
622
898
302
259
976
999
1076
378
383
699
273
1031
741
771
136
535
472
1
824
451
1375
59
364
1362
890
620
767
765
16
199
750
887
1166
863
196
826
209
181
648
340
895
221
695
1243
1261
1349
249
1334
54
132
1342
928
1289
632
138
135
445
63
1215
1157
222
610
288
1106
1366
746
230
555
420
33
1295
906
822
1251
1360
825
820
77
37
948
413
748
1090
802
258
93
333
243
60
749
1054
608
1328
753
871
436
858
118
1291
876
728
1353
67
1325
220
842
111
678
47
156
726
923
857
448
1257
1330
143
397
872
1304
1338
1102
311
265
253
957
955
859
95
475
1173
314
1286
159
342
212
663
1133
1344
344
556
6
742
665
295
1373
237
164
478
1028
1049
432
398
110
12
46
651
1359
519
266
416
1143
1226
1276
879
377
609
1245
1039
1345
486
1326
931
883
1071
723
1231
339
1189
518
983
257
815
1188
1356
911
473
870
645
182
275
440
945
681
1139
337
409
234
683
112
811
1026
1032
1259
639
455
1227
844
989
168
1369
1361
937
1117
739
840
1111
227
1103
92
183
975
231
1303
1010
719
896
400
514
829
1181
768
5
893
134
1281
454
1266
1392
501
464
87
752
1008
772
572
140
1265
1240
345
82
442
165
680
3
246
1386
776
1110
531
782
13
1393
99
1088
363
1268
1216
255
662
367
607
1065
520
704
1311
593
688
797
152
357
117
1021
711
1298
694
716
600
1336
1156
1059
877
1016
1194
1322
921
1062
867
944
122
121
1191
990
456
245
410
996
647
942
18
170
1209
281
1148
267
1151
7
696
764
1213
198
899
589
836
219
1377
502
303
862
423
254
578
763
1092
1385
81
751
1125
658
1238
1140
1095
974
316
1052
677
530
1389
664
564
845
503
315
203
832
846
835
282
1400
102
491
277
204
1061
1129
425
561
629
1142
550
613
650
1134
809
1288
23
791
103
1177
287
509
101
169
373
61
380
1159
796
848
216
328
786
936
902
1280
427
915
1381
1384
129
881
43
241
179
808
634
588
729
233
45
706
1022
755
1319
576
150
401
1354
1200
646
29
1084
559
676
568
8
355
795
941
1398
236
571
892
141
1273
418
855
1285
415
55
321
171
1078
924
927
624
229
1038
799
839
612
606
1048
816
1047
916
137
1193
1254
1137
1020
1077
151
27
798
100
603
521
569
226
493
626
1116
1001
269
1270
0
1068
387
1318
1312
747
406
1128
369
1282
1055
270
310
950
1269
350
675
1335
1249
1014
935
1045
447
686
157
926
640
465
498
421
211
987
961
641
1230
766
932
971
584
616
1379
399
758
1146
120
301
985
1164
319
484
477
1397
605
224
1036
1222
1196
1179
264
460
75
280
1155
843
1248
34
276
1250
1314
965
725
1290
674
1408
1371
292
581
701
817
730
434
1347
925
70
880
480
130
1040
812
583
618
1035
643
126
9
457
800
1150
1107
532
188
1187
805
679
36
1292
38
408
703
740
312
360
1278
1135
467
1217
1153
1085
841
962
655
710
548
563
438
777
90
542
180
628
1267
210
490
1340
62
300
407
807
272
838
868
1293
827
526
949
1012
1075
429
919
1019
1383
1284
44
720
929
72
1079
11
958
1058
734
1402
155
562
358
905
389
712
1063
22
1009
1315
1317
1004
1220
189
1066
834
917
1399
177
1118
516
1206
1202
201
334
1224
411
1046
1236
1405
619
577
1089
114
644
57
1376
744
769
148
691
1396
1262
874
235
1011
585
469
529
1355
178
372
286
346
320
537
774
672
356
1368
1394
127
888
208
1256
833
1287
528
998
381
1380
1005
1018
697
525
1350
980
426
394
1029
869
1044
1294
69
307
524
125
85
773
1299
964
1043
351
452
1242
621
635
459
1112
21
1203
175
362
430
24
545
1034
374
1190
1370
831
653
463
162
52
1163
1329
1186
533
602
326
376
1152
951
483
947
860
1320
1247
174
724
1082
422
97
1057
1136
504
623
1204
938
80
458
821
757
943
684
823
853
1006
981
384
743
309
185
256
1167
884
731
1081
761
1277
652
1208
714
1105
133
861
304
1060
914
443
1207
1100
335
1305
538
144
625
494
261
654
30
444
161
404
1234
819
1086
1406
667
347
954
617
1404
657
527
1382
499
1246
1042
471
991
642
543
147
882
814
787
1182
1210
1030
109
1074
727
414
633
1037
217
1096
762
1070
979
596
1144
437
1183
575
611
539
306
1365
35
513
1072
386
403
193
790
500
1147
186
1185
431
1211
1169
40
522
1113
939
638
579
88
274
920
239
163
1097
631
1165
56
1307
1056
1391
393
830
1015
540
668
1390
779
1367
294
907
336
573
1309
966
1053
592
666
1024
324
960
318
810
371
323
149
745
382
73
692
330
1138
574
601
1232
900
1091
627
864
412
673
313
1244
388
587
248
106
865
271
1279
228
158
1218
1351
994
636
187
252
329
173
1101
986
1198
390
278
124
215
972
1339
789
14
813
284
508
1316
778
586
1170
922
131
435
481
781
214
308
1255
856
1283
354
64
818
91
1223
536
341
1119
365
194
560
1275
567
1333
1296
338
441
145
599
953
1387
793
251
190
260
142
1025
1041
352
79
759
1364
191
192
489
788
104
910
1201
94
368
570
385
462
207
232
866
1002
86
184
973
1233
366
78
854
541
1094
1321
359
1141
492
48
590
1093
317
1310
1313
566
934
523
982
1271
1154
107
1301
970
794
901
594
1192
25
10
361
238
218
551
74
479
370
959
1127
988
615
1050
247
1132
1104
379
1149
42
487
396
770
325
1221
482
419
98
517
897
1363
1388
1346
15
722
637
240
598
1172
1308
1171
1087
1403
1199
123
39
1341
1214
780
1274
940
886
837
946
1348
461
963
1302
738
1064
1184
558
894
1007
402
223
392
1051
1241
1174
154
428
1175
1372
293
485
978
649
105
803
735
28
984
343
450
26
466
775
1197
128
760
250
17
139
1212
510
1263
756
1003
1258
534
967
552
1228
656
41
51
470
