2444
9444
8180
4069
7748
1520
9338
1590
2252
2269
3894
4684
6750
8011
10439
7388
5300
3310
2206
5949
2046
4184
10211
9756
7681
8455
7991
8801
7797
2767
9937
10055
2054
9220
7673
2224
187
7807
1409
1174
2498
10274
246
2218
828
1349
6470
9720
2411
1521
7361
4258
2028
1411
5377
3825
9367
4627
5831
8677
1767
6276
4182
1330
6828
10176
5740
9669
9771
846
5217
5582
4682
5250
4406
2754
113
10118
9702
8572
6207
9652
4232
3629
2832
4304
3124
8350
9289
3641
9796
6725
4754
6412
3117
8617
200
3012
9358
9521
614
9283
95
9224
10013
6141
513
5718
3799
9900
4660
3088
5711
7884
5398
9608
4641
4339
3076
5309
10011
2397
7654
4473
1809
250
5015
6683
9509
7378
9931
2068
8197
10437
8100
8058
240
1533
3243
2629
7091
197
10140
3900
4148
4905
7886
5342
5839
2591
7458
8211
2322
3696
9389
864
6427
2507
3187
5295
9729
7834
9526
10091
7114
7011
4681
3558
5442
7380
7445
1831
2753
1510
1698
1966
5331
4101
950
3599
3196
2744
5622
6485
5432
2239
5775
2551
6901
2904
2461
8940
5922
4418
2139
1992
5157
3513
3374
7604
5211
1673
1166
5741
6108
1120
10217
5031
8936
6579
4998
5866
8928
6642
4877
3493
10260
6898
2057
5280
2530
9642
4517
1573
8988
5939
995
7659
9326
10369
40
2715
2264
3664
1124
2858
3873
3164
9321
4055
3322
3272
4116
1923
630
8746
530
7109
7573
7193
704
7062
9312
5381
999
8854
10457
2466
6408
8322
5498
9776
8004
3904
2236
5574
5729
3959
8816
3840
8809
1136
8270
4089
9055
5348
9352
4206
984
3567
4346
6481
5113
6151
9336
8150
29
5972
9536
4034
2360
5098
3751
4078
8707
3249
9833
4964
4677
5239
1060
4058
8614
9437
3425
9328
5750
6849
4723
6175
7888
3022
9546
8662
1945
4407
8565
1398
7989
9834
8708
4889
974
6437
9412
6062
9139
954
9281
6259
3668
5307
3295
2305
1128
264
3146
610
355
6999
9342
9759
8053
5401
3907
4342
6909
1304
4225
1003
9786
979
4676
9285
752
3574
5989
9911
10315
10076
1587
7425
9724
6572
9145
1644
8475
6028
6358
8362
451
2796
6458
3480
8424
5107
9202
4470
8805
2780
5634
5317
6213
918
9373
3469
4812
7192
7513
7515
6053
10157
6373
4767
4025
10037
1745
7156
4349
122
9710
7698
6074
8476
8847
8535
6228
7265
358
3331
5419
5344
2080
8274
10325
2113
8874
5920
10071
1287
4917
720
9424
71
207
8494
6132
1195
10307
18
2307
4309
2513
613
8084
7722
6569
1579
9517
1542
3892
8137
3367
3819
2891
3789
5219
6474
8646
10215
5091
1168
9472
4512
7794
8047
5140
2994
2849
6851
296
10216
6676
8580
3248
2154
9545
7769
7963
4088
4431
1680
3358
10250
616
5012
3287
1546
6472
3552
6823
3301
10160
2306
9446
7840
7898
4215
3594
6102
2175
8101
4035
640
3865
2637
5474
1962
9814
4361
3660
3138
3121
4484
10006
2058
7568
6773
3817
5555
2793
1696
232
3122
5388
9000
357
5503
7199
3736
5610
8752
6322
6880
6961
9035
10063
8606
1269
3495
3869
1477
5732
3444
5087
1759
2550
1018
2627
4190
8780
5183
5262
3478
2667
3315
10117
3898
5355
339
6960
7143
637
5580
499
3294
4383
8995
105
3877
8534
6869
537
1234
8255
6099
7605
10052
8103
2747
3723
6979
2847
3245
4701
10296
2620
7107
4230
3893
17
2025
9864
8989
10196
6519
1807
1522
6230
6574
738
1972
1776
3974
7540
7269
1122
5408
1896
3378
3515
1707
1206
8882
886
8087
8133
4084
7181
4252
3259
2640
7599
1739
8668
9478
6208
4716
7965
1359
6464
3388
126
2094
4250
4825
4986
9912
6
2446
7926
6887
2087
4526
9175
5951
8258
2575
9024
8246
1293
9511
3512
2104
6279
7356
6477
9346
1017
2834
5434
852
2736
6238
5755
7732
10317
9780
6977
4112
6733
1661
3074
3832
888
7745
257
5525
1603
3181
4733
100
5569
9476
8113
10279
3166
1757
8367
9136
10262
2750
4123
5913
8290
8960
9251
2202
3555
8527
1495
5178
5396
4385
3765
10124
1830
10114
27
8636
8735
2170
4636
7324
3494
8056
1245
5594
8773
2546
4421
5387
2788
1147
2417
7051
3745
7415
7070
6745
2497
4587
7488
10123
8301
7943
8002
4099
10206
1322
5638
3527
5629
7457
6749
4815
1974
9649
8733
9530
2047
1602
2730
8184
6300
4772
10341
7147
7057
6771
5923
4433
4218
3884
234
8450
2522
2283
8446
6995
5260
8503
9340
9711
5714
9760
5293
7660
7945
2010
760
8499
819
1362
2272
3550
4561
7727
6699
2412
9049
3864
6496
3130
1278
6800
5550
5959
10292
5946
9089
2177
2500
4172
3267
8599
8938
1865
10066
447
9372
6112
37
780
2828
7563
7305
4478
7173
7693
6411
4388
7308
9334
1662
2739
479
6957
7472
112
1801
3281
5940
10164
6021
5023
1479
7532
10141
6983
3368
6409
4227
4907
5020
8141
8052
2808
3680
7150
10026
3933
5696
8438
3748
241
8358
9121
4569
303
6801
2220
3186
10290
8288
2151
10169
8018
889
2853
4273
3952
3379
7267
8504
8855
171
212
3006
2593
7820
944
958
9584
8850
9405
5616
1015
3107
10259
7621
3852
3716
2146
10308
39
7001
2390
1445
7833
5668
2235
9953
10185
4219
9846
8985
2704
8281
151
2721
6044
562
9607
3995
4956
4940
1898
10344
2964
2717
6107
5813
6518
5825
2693
10295
10077
9595
4176
5533
3479
9246
4719
4726
9275
3354
9128
8016
2985
8689
1925
1000
8451
8487
7134
8898
3501
2074
5969
935
6516
1732
3713
2030
8551
8903
9658
9266
8671
1631
8888
2870
1718
9777
635
5006
6793
1057
7449
5994
5175
5823
3135
1561
2772
8020
7800
10363
5921
153
1562
4942
825
2109
6440
6682
6354
1424
4092
2495
3077
4403
739
6780
5249
551
1496
3441
705
5733
1217
5045
51
8962
9700
7575
7467
6324
1202
4511
1218
6520
4548
10380
3675
4508
2404
6103
5651
5628
4009
7436
2641
10455
5650
3083
8126
2877
9907
2800
7432
1492
10080
7674
3610
7712
8902
9982
4666
1014
9602
2020
6743
2652
5590
10265
422
5126
3839
1827
4326
10334
8036
673
3640
9923
1502
6904
1598
4931
10019
7433
4338
3134
5439
8655
8739
2737
8732
9695
5117
9986
5151
3148
952
1986
7007
1026
2107
1980
8155
1059
2313
4858
3663
3350
4329
4322
5984
3211
6097
10440
4519
1196
8742
331
5001
1137
5605
7805
5762
5722
9604
9877
199
8112
2962
2188
4049
2685
5906
8510
2249
5167
5229
594
3385
1853
7243
6600
10106
5174
5828
406
787
5639
5337
9243
4645
7027
2299
6937
189
5102
2946
9941
10350
6667
5206
1794
600
34
5814
5719
7331
10109
1153
8001
1084
6581
312
8201
9423
1099
8767
99
7019
5490
3210
7600
3173
6500
1891
1391
10404
8722
8404
2409
7666
43
5196
4189
2347
3906
4371
3300
4567
455
9564
2027
2545
2670
8283
1375
1577
3336
8892
8206
7492
3915
1856
9821
1961
2813
7203
10101
9970
3105
6020
980
5521
692
9558
8817
6152
2237
188
8647
854
9902
3958
8886
7541
4151
2155
4706
8726
1560
2843
5402
10225
10258
8370
4457
5080
3676
8937
5623
3752
1009
7056
7633
1314
4920
5899
4699
1643
10020
365
9360
696
4274
3399
1489
5403
7008
4933
5876
996
9088
1552
9722
3800
2376
2771
7381
6191
1574
1422
2536
5843
9348
475
6298
4179
6049
1543
3271
5238
2916
9188
4417
7078
6967
7909
3700
7095
2031
1910
8737
2991
8916
6627
7734
9260
2779
7606
10161
2326
8873
9968
7419
8074
7087
281
9413
7574
7545
3858
3033
7465
7450
7094
8964
6786
9197
4316
3992
9858
8944
10000
7892
4429
8923
5276
5812
4059
8083
7115
7688
9137
1575
6949
2562
6206
6224
589
9705
3116
4461
8842
343
6890
6601
3355
7189
7534
9574
5347
4973
3008
6330
1752
7459
1779
5326
7446
4409
8421
9879
7730
730
2932
5235
9028
10059
557
4228
6715
6646
1414
8259
5236
5492
6925
3030
593
8908
10116
3562
249
1804
8386
6091
7226
2073
4503
3836
1538
9267
9798
3023
774
4667
4948
6776
4776
2069
1916
6348
6318
4851
8696
7247
7414
3833
9141
8418
3857
9464
366
4098
6372
2385
669
5725
2436
3876
7213
9204
5570
9921
1442
4828
6527
9824
6025
5777
4820
3948
5917
4297
2494
7207
5928
349
2174
4602
5318
8026
2480
10386
8033
7697
6387
8894
1108
5624
8779
7616
1163
3232
6955
9
3931
934
5051
7493
1374
3457
1429
966
10285
2533
1652
5415
9029
3586
4064
255
9801
6098
3565
10084
4196
3940
490
4861
1677
2827
7366
9092
3918
10003
10182
7122
5539
10137
1052
6466
2331
6147
8327
3717
4959
3656
3791
3472
8547
2138
3521
3516
1376
6475
5907
282
9293
2963
2705
9860
4170
24
7161
10168
412
1451
5389
9483
2510
3137
7826
9993
894
2024
7370
982
387
6012
2225
2213
66
10070
8757
975
7394
9627
8392
8588
2725
566
2607
1499
1948
2279
9552
1504
4878
3856
3802
6918
3561
7689
3488
3627
4073
3638
4854
7632
4079
4662
4497
4261
5493
3370
1131
1922
1620
10266
5935
4714
6058
4323
7870
8594
4163
9481
5127
3359
3519
3968
7477
418
10139
9378
3549
1540
7036
5364
10450
6804
1384
5362
5451
788
3911
4798
4150
9928
6628
362
3785
6550
9929
9290
4518
4652
10142
8066
835
80
997
8054
9855
5332
10192
3994
3455
9765
7731
1406
3174
8694
2372
10395
3701
5799
8729
2524
9002
1379
7024
797
2070
4603
9368
7510
10269
7795
9241
3415
604
6560
4328
4535
8691
6161
6316
2344
5506
8830
1200
1321
7685
433
10362
7817
1252
2415
6684
4102
2009
6448
4836
9398
10051
5829
6712
4513
1285
7487
88
4644
5566
5218
7444
3193
9651
2297
1282
7956
464
2079
3065
1039
8444
641
9690
7525
2050
1906
9418
68
10095
7384
4319
6654
413
2181
7772
4183
1667
7321
9827
6542
6597
6234
9636
3756
941
2714
10128
7550
7484
4872
1121
2219
6067
6360
1655
4797
7585
5258
10180
8363
6847
3123
2803
1328
8783
2555
4443
7701
7759
8488
733
3517
1224
3039
3154
4965
6031
6938
4952
6959
9442
1688
5480
3114
3924
2453
4582
1154
10130
8840
4138
3481
8115
5701
1517
478
7240
3966
1993
10405
1852
5438
7460
1394
1115
2377
7325
8789
3244
4021
6772
5026
321
6439
5540
515
7369
5354
6945
5310
2683
1819
1719
2487
9210
10023
5226
5188
9957
2576
3597
8276
800
1446
6989
920
3288
2525
911
4982
503
4692
6133
3714
6309
5046
6254
9183
3044
44
8385
1332
7941
869
3420
7005
6537
5275
3018
1380
10065
373
4795
866
2127
5592
634
2521
5130
7212
429
3581
2999
9173
1148
7530
6394
784
6825
3119
4721
9436
6226
2830
2294
3450
638
10420
9830
4748
3636
5787
10148
2826
8345
5462
1634
7737
10046
6260
6910
4157
2044
8470
526
8869
3106
10027
1837
427
5932
8595
4460
5257
8776
10112
9794
3057
1474
2465
2656
2597
10255
3883
1336
5998
8669
2251
4859
9672
1814
8631
5768
143
3365
7850
6741
8094
6244
10407
1236
1110
5055
325
8005
2659
6555
6494
10398
174
4962
3937
4685
7152
4780
662
9419
10232
6863
7264
3929
3960
8252
544
702
4105
7365
2823
9888
4468
6987
352
9741
9069
1193
172
9422
2557
9797
2902
7253
8452
6121
6498
850
6911
4752
6250
5478
6583
1412
716
5804
6042
2773
508
2968
9980
2630
7735
3111
1242
8663
133
4868
5131
719
1207
5120
1465
9706
7130
8009
7577
256
6595
1815
946
10253
5770
9895
6432
3576
3578
1259
1545
7507
4879
8524
5430
1775
8602
685
3483
8459
9848
4562
4738
3068
9893
6305
8129
697
10235
10186
8645
8334
10105
8822
9967
5902
9466
173
4781
1361
6943
1078
1789
1360
7453
9213
3620
1186
3183
9278
5654
7814
4648
5803
9182
271
4732
8941
2875
7717
2022
1930
5889
7756
3380
2141
2786
8415
8014
8918
8796
2258
2380
3432
4046
8416
2023
8073
2748
838
2506
3317
9717
6920
10119
3046
4222
1979
6163
9701
7314
1382
7348
5864
5810
6636
7742
236
3029
2912
5013
2368
4521
6978
9662
4016
1638
4665
5253
7959
7497
8238
699
991
3520
4501
2735
9195
9487
10273
1835
7188
287
1435
8765
9925
1199
2273
8019
4914
2938
2443
7639
3941
7045
9812
7580
3449
446
2193
6131
6019
9304
7129
9165
3837
2463
9593
5516
933
887
2908
9242
10021
2425
3630
3871
6313
9708
8774
6082
5096
597
5404
5352
7093
4536
9743
5358
9596
5190
4924
7830
6556
647
6294
4456
1900
9507
3510
1175
3913
4037
8719
5371
144
5417
5064
5481
5189
8428
7009
9670
7
9768
6158
7555
5556
2189
9036
3270
3979
7000
7740
10446
9761
922
6174
3072
4690
5261
2162
3007
9867
7876
7476
743
4572
9104
948
1277
63
1192
6774
9343
8388
9339
9880
7279
7803
4386
9845
1352
1570
7340
4137
6613
3475
7196
2043
2512
7426
8870
6130
2751
3201
7592
555
2488
5802
7386
2168
3198
2128
8023
9645
10280
9714
3810
5513
3617
1911
8949
310
8209
4093
8383
6746
6065
6361
3986
6483
9257
1020
1028
8582
2240
472
9151
9073
9565
161
5713
6624
6160
10075
4960
10331
8368
1310
8659
2615
10257
9679
9393
5596
1704
623
10146
7972
5523
3807
7645
482
9828
2897
4793
4654
8163
5177
529
1462
2674
295
843
2547
5027
5145
186
3743
8721
2836
8484
125
2365
4139
6135
4745
2353
10381
3047
6739
3439
2323
7329
4814
9216
1811
6225
7619
1612
3728
5284
1130
1690
54
2927
7339
2055
2039
3126
2680
2042
10054
764
8025
2277
6285
4486
5517
10199
10303
3152
9429
4171
3387
3891
3332
6055
6915
6239
10332
9892
1129
5116
8759
5030
298
4399
3754
535
2980
180
378
8007
2602
3011
2358
402
8325
7170
4110
2391
8904
7475
6327
7811
401
1203
6609
3452
9819
3804
4966
6842
1069
822
5971
6368
8807
4796
5673
5990
3757
3571
3848
10261
9109
842
7012
9365
7105
5664
371
5522
1500
2817
3831
1913
2200
4688
50
2383
5040
3956
9570
1434
6951
9329
4958
4365
8032
5435
8230
9244
6861
6535
1798
6566
6450
4680
391
5598
2246
965
279
2741
7885
7706
7784
7117
9998
8846
1567
148
8479
3214
9274
1256
10306
10098
1419
5583
6156
4976
1932
3867
5614
3875
7306
3863
8875
6829
5266
1257
7336
3868
74
1530
4744
5849
7919
8587
4373
3734
3279
5514
409
1946
5000
1035
2953
3133
1553
471
1724
6826
5289
7718
5865
5836
210
5436
9949
6335
1134
5254
4845
6844
2321
8433
7223
9176
1935
2882
9479
9140
4558
3357
3254
5050
10367
10121
3397
3949
6545
4886
6830
6724
4011
3861
9754
907
5848
1501
8069
4730
9874
1012
3099
4359
756
6145
9668
955
4857
8583
1464
4004
801
5022
8198
3340
8319
9620
4014
3032
2821
1188
3026
10034
683
4720
5138
656
1366
1841
5152
3020
3585
4529
5682
1753
2424
5705
3225
9774
4953
4651
7124
1184
9897
6165
4811
1610
3433
1469
8140
3829
3411
4265
2802
2523
6686
5220
5648
9734
7793
7861
858
4181
7405
8934
3382
3885
7077
1978
8764
3761
1519
3910
2147
8044
9978
6879
8821
2268
9744
129
2969
9842
8794
9179
1625
4008
7372
10197
7290
10153
3208
3403
2255
9862
4532
9806
3909
5501
3846
7341
7816
1005
3319
994
6122
6029
5863
8860
9898
4248
761
2655
943
3218
1665
3118
9232
1049
9394
4607
7166
272
8082
7262
6081
956
10122
1094
4185
8000
6889
2339
3324
926
3071
4001
580
9388
8528
2965
9470
5820
10188
5425
1372
2005
1194
8833
4670
7119
5334
7046
6391
1370
9974
7505
556
4253
986
6843
6497
9736
1836
1043
3413
9616
7355
1089
2493
8169
2857
3539
1458
1145
9060
5852
2982
9379
8943
7063
7175
7705
6632
3985
5497
4580
4613
6792
8529
31
2449
8149
9613
4287
8615
2743
9578
9222
4522
7562
8389
283
2366
7300
4675
9332
7725
3314
6534
4709
2226
9787
8340
5325
6669
5085
6944
5274
7289
5004
6325
3172
10074
8603
1315
9157
10099
9506
8755
7934
8045
3343
5298
4531
9663
949
5778
6388
9825
7133
7387
5909
7302
9958
7263
6063
6754
8670
3938
2035
9396
9529
2002
1045
8539
4469
1149
1223
8492
4048
3631
5824
9386
561
6277
3426
521
2114
5311
4624
1565
3928
2284
2244
9249
510
168
1731
4382
2349
4586
3681
7501
6559
9270
3182
8375
4490
5942
160
7357
1669
3899
3393
5248
2102
1843
1096
4647
4995
8508
8932
497
8811
5242
3798
4242
2394
5234
9726
9215
8712
6088
9715
290
3041
8496
8145
6240
7611
4410
588
5953
2348
2086
1294
3658
7153
9095
5816
5958
2129
5007
179
8578
7988
6855
6402
4135
225
6507
8359
10014
10002
3769
3128
10278
2238
9184
10005
459
462
491
6607
4134
5646
5943
5776
6050
3308
9920
9325
1095
2437
6789
6635
9441
260
7313
8061
4450
585
4539
3507
627
6422
9205
5712
9169
5900
5068
9269
7994
3914
912
7424
2762
3366
7359
1111
9617
353
3535
4751
2933
6003
4370
8031
2584
5156
6710
4224
10289
7082
7875
2888
4545
6827
1289
8434
10179
1307
750
1676
1889
9384
323
2733
6346
9154
8970
9538
6822
8176
8826
9012
5074
5796
10004
953
7602
3321
4357
1616
11
6505
4871
4778
9839
9727
7981
3997
6140
2860
3523
2032
1600
7610
4737
9172
6514
5379
6934
9996
6100
8318
8317
9230
1182
4756
6553
573
8693
10323
4131
5154
5400
9539
740
5665
8925
70
6005
7890
469
654
5062
5246
9732
1941
3733
7671
10340
4303
351
3063
4158
6756
8111
1597
4422
5551
3261
8997
4963
8027
7754
4757
10147
4454
4568
3100
724
69
2100
9299
6709
7543
3165
4867
4428
5753
1596
2374
5686
2314
6622
7318
7440
1266
4165
274
5704
6059
6767
969
3438
2841
4911
2824
2708
1417
4264
7278
2398
3623
9366
2954
9375
1258
7168
10256
7270
6751
4081
7451
5524
9769
1159
4419
2871
6649
4840
9287
501
2426
9684
9704
3178
9742
1381
2292
7261
6198
1571
3936
10427
831
8838
6818
7375
7789
6906
8839
603
1960
3860
8924
7947
6798
9399
9350
882
1912
448
9084
6379
1327
4094
4439
3015
7061
4408
9610
5278
6301
7766
7364
1157
981
4423
8974
710
4700
8748
7650
5745
1701
98
9580
8214
3953
7760
8078
8120
9236
938
3113
896
322
517
10349
6487
4132
2628
8221
2263
1415
7209
6950
6399
7948
6183
9783
6582
857
7003
6696
5695
3156
9034
1156
8788
5821
4803
7999
5912
9758
218
2663
2681
395
2866
8332
9623
8338
5611
4904
3180
434
7844
6247
861
2346
9127
563
9803
2614
8380
3982
9493
1428
2608
6821
9872
6703
9510
5473
8820
4363
4589
6617
9397
1568
1618
4315
1578
2204
1539
4612
7729
4546
237
2878
6306
3376
1263
10016
8777
3297
4415
8379
4405
5368
10453
8876
9778
6039
4210
7521
4725
435
1493
4729
336
4268
10454
9611
6730
6973
8965
5950
2863
6588
7921
2649
9356
5345
10425
3398
9926
6770
7640
9134
6753
4668
5139
7687
8999
7813
663
4491
440
4747
2859
509
4404
6339
6311
6263
10305
6155
4598
10194
8445
659
8627
8912
4020
6233
2245
9315
3916
195
3616
7385
5579
2410
1766
4847
9680
6674
6702
2033
9265
4564
3685
2781
3369
9837
921
786
7514
243
8632
142
3827
10057
6284
2992
7389
10351
709
3257
1802
5591
3223
3569
7235
7944
10379
9432
8216
6321
3582
5707
9579
1854
4023
8792
1357
6072
5584
4581
940
3463
3622
4893
4283
6980
4615
1695
3345
6853
3264
278
9404
10286
2997
10248
3816
6378
5187
1760
4981
2111
7542
3843
9809
6717
8467
2261
9003
109
7588
4201
2125
7371
359
6271
6482
5033
9112
988
6544
4957
213
441
9745
6802
5047
5966
6969
5273
4168
6524
2535
7937
5133
6587
6875
4038
3621
2013
7307
900
4855
1323
9324
8190
4162
5067
7503
8751
4895
3823
3551
626
6640
6659
10203
285
5319
263
1537
1959
2884
91
10394
2505
5475
7699
4875
9505
8506
1103
2301
1319
2018
8858
9407
5063
6291
3392
3678
137
4381
3078
9963
8802
1087
9113
8709
5109
191
9843
4601
3964
7546
6736
6895
8203
3841
2759
2105
5105
3304
5399
1785
1472
1685
9048
9408
4007
4216
3545
3882
2315
6143
5995
10320
1559
2215
5897
970
9485
8577
5378
1423
5213
5612
5390
9239
7015
1044
8635
5301
4045
9231
2867
7622
5826
3944
9317
3334
49
9308
4515
9678
8139
3237
7931
6349
6192
9981
7733
9566
5500
2657
5879
1921
26
5066
1554
1290
5519
9471
9648
7576
2242
7249
3352
1268
65
3058
9638
5888
6068
6443
261
156
6064
9071
3014
5636
1440
8841
2137
6246
925
4351
3687
342
1534
7108
10416
5179
599
4769
4941
10093
7079
7869
4841
2312
6113
4506
3145
2207
5210
9369
3025
4713
3758
4498
519
5491
3787
3970
62
9017
5245
1888
9056
8521
4299
5855
8426
8384
6719
1628
5482
57
6668
4695
1949
2995
5905
2738
5370
3342
7395
381
2267
1022
10205
8267
10048
3590
1363
7052
1866
4426
4656
9647
4074
2794
10190
5088
8697
4354
7373
8665
7923
7162
5625
7631
2646
6713
6655
4777
3051
10293
9156
10086
2724
698
3313
1977
8185
8825
2083
7411
3568
3589
6179
5285
2890
2422
9961
2447
1846
1518
9873
3346
6643
6146
8086
5692
4937
545
7838
6939
7746
3466
483
7964
8232
8946
292
3647
7083
5185
8257
3053
3131
9491
5380
7930
4901
7845
5747
170
7090
416
8228
10113
10326
4896
7511
2874
463
3200
5427
4488
7283
668
5465
7912
8118
5333
4451
8425
8354
9666
6463
5862
6929
7831
5014
4108
9420
8107
9841
543
1262
9475
9987
6965
910
6075
554
9467
7874
4616
1311
3454
7724
1
1613
10213
5244
906
8235
848
5471
1956
9131
4765
2438
7647
9256
2868
10310
2805
2728
5141
4243
4344
2364
5327
1895
5968
2650
92
5690
5559
5441
6426
3849
1862
1152
4994
4842
7323
7351
5731
419
9448
5158
932
728
4724
9918
9795
2167
3644
8705
3351
3784
1617
7865
4947
9363
1826
4997
10311
777
4465
10031
5376
8192
6541
8546
7571
442
1046
7641
8675
578
2091
3016
6902
504
5351
2180
2396
1770
2589
6295
4604
8544
8265
3649
248
8514
9045
518
4929
1523
41
5607
8884
107
5048
2317
891
7250
2873
4563
60
5437
4594
7899
5534
23
226
124
1436
3947
2692
4122
9499
6603
81
721
4129
4831
7198
7211
964
3217
5883
1144
7863
4505
10335
3325
3375
6006
6935
48
2727
2432
10120
2392
8558
5983
8984
9697
5894
2157
6927
862
7598
7113
2435
5447
3835
5759
5683
1872
9450
8818
5531
1954
2661
6223
6016
5459
5926
338
6024
804
10060
8432
7828
9808
5588
6975
7871
6047
5005
898
8881
6190
3923
4140
4
6389
2126
7920
8803
3090
7895
6788
9528
335
8347
6554
903
7103
3635
2243
1511
1355
1396
574
2088
7178
9273
1927
7998
7220
1832
231
6813
2914
5560
1989
7997
1183
1104
7248
2228
9501
388
3390
1813
3637
4130
3500
2639
6720
2484
9288
8986
4033
8653
3157
1127
9547
4434
10324
1792
280
7708
655
6123
1904
2199
477
5231
10189
6270
6195
7376
5290
7218
7183
1033
1482
8893
5034
4272
8994
4438
140
2324
4799
7495
5608
5449
8134
7927
7076
8153
3400
4124
7594
6936
5749
7301
10193
4865
1497
2486
3199
265
4740
7374
6001
90
8331
488
963
6852
4609
9865
3674
5111
4466
9915
4278
4290
7337
3167
6181
951
10133
2381
9103
6591
1303
1988
3234
9296
139
2401
1264
8278
2254
4628
10313
2729
6167
8324
2077
5933
2845
7578
3625
78
1725
233
5884
1164
9789
8339
3888
7788
1890
3554
7694
845
2990
1291
9122
8968
9097
2612
10337
9896
6907
6331
5135
8039
2520
1343
2256
693
3348
5860
7979
8017
6334
4693
3812
4593
9052
2635
4849
9537
364
4885
4400
539
1222
8710
4155
8782
10346
2509
2675
1787
10038
8563
1302
5822
5173
5259
8297
9307
6819
7728
7849
1749
8584
7529
5009
6490
4000
1297
8096
9115
9076
5184
10072
8387
5739
2116
6462
9301
6363
3556
2309
6069
5209
2275
5322
3091
8935
1914
4977
4053
5557
6435
6000
1143
6287
10204
6460
6265
2052
3830
7572
2694
9107
443
8299
1029
10149
5201
2774
8878
1564
6894
8174
9374
12
1042
6502
5790
3060
10447
5458
9072
2429
9527
8979
8295
874
5413
1151
3540
6407
8523
1969
6892
747
9166
3416
3880
3437
7922
2613
9217
2203
5455
8740
6618
5827
7006
9007
2864
4643
7393
6952
6150
3896
9161
9910
7648
757
7901
3443
1847
3537
4507
9228
3921
8310
2473
8161
2490
4597
6342
9225
6218
3035
1740
9248
8341
2596
7518
5194
1241
8453
7973
6621
6805
7853
1955
7190
8849
2782
8260
7297
6865
1864
6189
6110
1791
4775
8542
8638
7464
4687
10163
8561
8486
502
9591
79
3699
4891
5661
8200
10167
9790
5302
7185
10233
3618
7197
8819
5547
6946
807
1430
10452
3230
3428
836
4588
1829
7808
4553
6035
4412
9960
4590
227
5386
7841
7287
10304
8449
7258
1161
3854
4605
745
6438
576
3289
6846
7985
4525
2573
650
4340
3050
3338
9445
8245
5602
987
2302
5578
5844
5708
9820
9075
2952
9581
2949
316
1101
8158
7202
7651
9096
5979
10443
1132
9190
8930
1313
5198
8593
9614
3859
116
7661
340
6457
6085
7069
10007
7719
8590
4204
10209
10029
3112
9746
3942
6262
4853
3999
4121
2623
2787
5086
7127
1619
6665
9477
2232
1371
10354
5488
5405
52
6281
1737
2618
8423
2862
8651
2108
9942
8296
9592
1894
2150
175
10097
568
47
8601
5467
7933
9936
8749
10025
5297
3607
1271
3141
5132
2690
6436
2334
4288
9799
3536
2161
6856
3339
4657
1324
7291
1238
7663
5176
9975
1385
1431
4528
7690
8609
851
8643
9914
853
2511
5287
9731
10419
9599
985
9694
7169
6858
5606
4534
9064
1070
7552
9573
7860
9939
7273
3770
7112
2049
4229
5782
8604
10345
1653
8973
7071
1700
4411
6930
8108
7852
9191
8586
2795
10267
10129
1267
3484
9712
2549
7478
3741
7749
8264
2400
6393
4813
6398
3043
931
6693
2208
9994
2943
4320
3564
5499
9686
5710
4390
495
5788
8975
7935
3984
6548
4804
8208
10402
7778
4178
811
1240
4698
7547
6219
3312
7702
607
4187
5720
84
791
2184
2958
5896
1404
5191
2504
9211
8353
3430
9149
7929
10284
230
7397
3951
5742
6381
1150
1062
782
695
7536
6336
2395
4908
6620
500
3651
9544
902
10414
481
4883
2096
5353
2647
8867
4839
6172
9876
7509
7747
3962
5205
6647
5083
7880
1755
2979
2919
2930
1781
2133
115
6866
8218
8695
306
1736
4903
444
2745
3144
8199
1191
10244
9990
3162
9853
10330
531
8162
9863
6148
9347
8626
5773
10408
9689
4634
1253
2801
9632
7936
3236
3268
2210
2931
2097
7092
9387
7751
6982
9164
4271
5515
9567
5867
7950
314
6777
5728
2423
1169
690
2165
8750
5144
9630
7566
1306
8231
10102
4921
5999
6976
2457
2072
3806
1342
8420
10441
7665
374
4051
9976
9400
5564
8743
6269
2809
6697
5110
725
2757
106
2223
8781
4209
3707
132
6096
6280
1281
2806
8658
6673
992
10035
2402
2777
7316
7624
4591
10236
8427
6169
6521
4791
2905
9406
1715
657
1929
6434
4560
6721
4358
1823
223
8401
809
9004
6557
4633
7567
3251
5279
8239
3064
3227
3489
2298
2643
2856
4472
10172
7435
269
5163
6106
4578
7174
5687
10201
3548
1160
9713
1008
5947
1007
661
4768
89
8763
9964
1529
10104
9625
10368
6359
9568
4509
4041
5037
2190
6899
7137
5893
8435
5987
2152
3233
19
10166
7524
7710
5931
871
159
9403
400
507
6956
6013
6916
10242
2936
4254
3104
1905
6416
2159
8395
45
5997
6252
4107
6769
7088
10125
1048
6585
2889
470
10096
6333
10415
3652
4006
3235
1337
2274
3934
5642
4787
8038
6660
4331
4043
9755
8405
779
9235
5
3661
8641
897
8402
2508
7762
8365
9221
2418
3160
5193
7221
2928
8628
184
9371
6061
3056
344
3142
9818
7583
2854
3821
8530
6540
3792
5633
3034
8624
3608
8520
8393
6095
6692
10220
266
9468
5915
6090
5908
426
183
6755
9214
10297
2648
2540
10018
4249
7461
4969
4551
5330
3824
6222
1444
10283
6405
474
3075
3497
5375
859
1692
9899
3592
6307
1658
2262
403
9659
7159
10126
5885
8177
10064
5461
1751
4537
2282
8618
8119
3628
9660
6835
6267
3311
9059
4650
7392
612
10170
3777
3291
3963
3176
3498
9480
1595
4348
7010
8660
337
4495
2343
8592
677
6129
7072
1985
4360
6177
6893
6125
8348
4592
9723
5736
4256
7284
8959
6675
3202
4950
6008
8196
2036
1641
3453
6509
4350
8844
3926
2831
9039
5464
6931
1754
6308
5785
7691
4393
1844
5477
5267
6114
8307
372
8179
5384
8633
5052
4622
2414
9992
701
4142
5255
595
7230
9782
3179
6214
1593
10433
7423
5735
3435
9933
1675
9622
4133
431
9435
9725
8687
1369
7893
9634
3371
7593
7040
5476
3518
9250
1849
437
8411
5291
6414
154
9302
8157
10438
6867
2798
206
8953
734
2300
3583
9223
9457
7054
1468
5469
9219
7709
4040
9497
313
6089
9541
7608
6543
9835
2403
6794
5227
4514
8337
7085
1790
2855
9721
5288
2485
908
7775
5076
2899
97
7179
9181
4267
5366
9719
1425
4118
1296
46
6479
2062
6824
193
6115
4420
5694
4945
4758
1235
523
6118
4192
1678
1884
6201
7442
3471
5147
3526
9621
5299
8286
10421
1995
10094
1456
3129
3150
1928
9730
7200
8640
6531
10361
8304
5294
766
8650
541
6105
3828
8457
1863
379
8701
3490
2316
9320
5548
5452
8883
7753
220
1994
8786
6932
8167
149
9682
6116
7848
8619
796
1713
8468
1958
7396
2974
415
8076
10177
2296
4520
4906
7354
773
1635
8300
8667
1011
758
4239
5562
3822
5060
5350
1054
3250
3
881
2611
3306
3508
7310
1300
7236
1976
8896
1581
2503
6732
375
4770
4477
9804
4600
4269
4617
6076
5937
7271
7582
392
6401
4873
7427
2000
3932
514
6473
5106
9709
7157
5886
6790
3774
6066
1086
7406
9793
385
3560
8222
3881
9643
217
1924
10144
558
4890
528
1833
4640
4834
8242
5153
2598
3645
4556
1747
629
6584
4392
4823
1097
2698
417
3872
324
1488
1963
5356
5603
486
1339
166
9344
9735
1973
9234
8480
1450
7416
7655
9120
1861
1250
1850
919
592
7902
8490
4746
320
2452
9748
4345
7201
300
6484
5252
8585
3028
6589
9844
6048
4214
1248
2973
8205
9631
9851
2894
9401
1031
326
5414
2835
8835
8769
6171
4005
3476
7565
7549
6149
10399
3615
8642
496
5774
1772
10015
2686
3797
7042
9080
9276
1483
7955
7315
3209
3036
6026
10041
2293
3908
8692
7260
8065
7829
5617
7281
5101
7779
7480
1249
5305
8505
1851
2259
9162
10138
2975
7896
9452
8172
1797
410
5155
3458
4380
8509
10234
4829
3468
4816
5571
5466
4003
8951
204
5924
3957
6568
7204
7047
4156
1763
2160
4974
3061
7773
9264
8899
4276
328
8040
9009
9657
6808
10131
7908
8616
5832
1670
3847
152
832
538
2375
1133
9192
4281
6760
9533
8015
8791
7180
3252
6429
6478
8422
6650
4128
393
8391
6070
487
9947
5930
3727
6056
9502
3619
7131
642
10067
9130
6166
7033
6510
2716
5511
7975
1970
2896
1329
9306
8323
2288
299
158
7504
2370
4068
7791
3642
10110
6651
7613
5422
9522
10314
961
5374
6954
8142
4971
1506
6124
4489
9813
2433
5036
7678
6248
2819
9633
8349
2011
10396
8676
9411
7055
7653
7060
7810
8376
1576
2489
3021
6376
813
10053
8227
5875
301
498
7327
1838
4286
291
3408
2241
9010
8173
3042
6117
5693
6924
4927
6962
4494
9586
3989
8762
1648
7431
6094
4524
10448
3391
8062
7564
8456
5446
10245
8864
9050
4459
7822
9563
7238
2502
8123
5936
706
8501
268
4573
3648
1491
575
3811
1146
6227
2467
9105
3969
715
8041
8248
9930
4789
7353
5223
9829
8517
2038
9440
8390
6043
4764
1080
6836
5649
3815
6810
7039
4817
6453
4755
678
1637
1276
7636
9019
1624
9589
445
10175
5182
775
4085
4542
6575
4029
9903
6467
9426
3284
2766
1459
9208
5626
9940
7320
9995
2707
2846
8236
6257
6722
8862
3559
4689
2278
3659
829
4019
4606
8229
10162
2924
9247
4437
755
4850
3241
4718
770
8793
7971
8685
9042
330
75
2880
4683
6688
55
5546
3215
7914
6461
5329
3691
327
9277
4492
6093
6921
686
2959
7643
9773
9102
707
1098
9508
10150
5647
7517
6570
5136
10151
10410
6691
5542
3530
1490
2822
3231
2352
6455
1964
10171
2534
3049
8109
7626
6272
4846
8465
7597
6637
10001
3486
1037
6216
571
6045
5520
1358
7486
1971
8071
8464
4496
9428
8175
7334
6328
7326
2350
9698
5977
2972
3534
2934
9262
6558
5653
9016
5433
1041
5429
6704
3286
10376
2756
9027
4026
3773
5049
9597
971
3003
4848
10271
8371
9600
6054
8178
8275
8247
681
1608
6341
3740
3670
4298
5573
3677
9438
4735
3980
2967
8132
5118
6761
4391
8545
9908
9082
6783
2075
7048
2045
1642
8961
8543
581
7628
8037
4970
2604
4427
3762
2172
7479
4930
4039
9763
9163
5918
812
1460
8291
4455
3110
7627
1272
1453
9090
6377
4435
5859
9559
6988
5954
2483
2684
1824
8408
4619
2182
7438
5587
5423
2699
8462
8897
10384
7420
399
3695
9245
9952
7957
2040
1535
9740
2907
3282
9070
2176
5572
1727
4314
6229
2531
4306
7757
2948
5078
9447
8507
6900
190
1213
5595
5600
311
7025
717
6539
1432
3613
1364
1443
4876
3950
2442
3917
883
8648
9187
823
5192
6154
2558
4334
1879
1708
7825
5779
8775
5208
5563
746
9008
5916
1141
3240
2171
6202
9077
3203
7739
978
6661
9524
2797
7282
5011
8702
9022
5955
7164
2037
5805
5892
4866
6400
476
1512
1068
3067
9153
10431
7034
8060
102
10356
5343
1968
2977
5460
4910
1705
8744
35
382
7360
7502
8055
8887
4734
3140
7280
7939
3541
748
3080
2115
816
318
7883
4236
6841
1744
3760
8787
4293
6974
1050
2895
3464
7333
5568
8057
138
3373
2048
4618
1386
3132
8927
5672
679
1187
1870
741
3692
2008
9383
9693
6476
5407
2253
2851
460
163
10223
7182
8942
5973
8967
3686
7993
9549
8929
1694
776
4577
10429
77
3889
9078
4479
10207
2942
5681
404
2723
973
7382
2285
1452
6958
9687
5842
1338
10158
9979
9965
6256
9838
9132
10401
5657
7471
1197
3626
5212
10237
3747
6546
3573
2599
5265
2327
2804
2053
4939
6573
9465
4310
7043
8552
830
8204
7918
4951
4389
7809
2839
2775
6834
2041
1106
6032
569
284
1298
3978
5038
5382
1270
6369
9650
5643
3945
5032
3738
6580
4375
5873
7311
1393
3024
10061
8357
4884
2848
8549
1915
5853
5093
30
9123
3570
8891
6144
5861
3803
2169
6468
7942
2763
8933
8812
3224
297
1645
10239
2696
5771
1952
5982
1693
9656
8202
8443
398
10347
6862
9764
10107
7949
8207
4259
10174
9639
4655
6630
7714
4018
8051
3335
2983
6078
6799
1556
6302
7102
4566
6347
9972
3919
8745
7867
8654
6839
7506
3511
4810
9612
8828
6104
7836
7266
3086
3531
1876
9240
4066
2712
9891
7780
7099
4207
8373
3781
7286
1139
1279
5170
7680
1027
10251
4161
8554
9068
10291
7802
1082
10281
1883
6593
5961
8969
983
4790
9823
5545
3247
5044
1316
2095
7796
2833
6551
6633
8240
3600
2186
9739
1071
6057
10115
8273
6337
4440
7607
7418
9766
4325
7335
6471
4574
6459
1636
5002
4949
3417
6833
9847
7519
5599
3726
8050
1583
2477
7819
3087
2135
3386
1774
4146
3269
10083
370
4623
6292
134
5256
5426
10328
6561
72
6186
8154
1231
524
8194
1476
5232
8289
130
7206
8939
3396
6795
1722
1091
2726
6365
6283
10282
7916
5412
5142
7121
7700
9319
9433
5706
7160
10089
5444
9551
3109
6293
5128
5149
5819
7148
3120
3820
6159
1940
5758
4367
128
2093
3702
4061
8116
3017
1081
890
6723
9854
9561
5395
8790
9143
4337
3246
6366
1548
4923
182
7646
4111
2913
3205
6530
4629
7473
751
8559
6614
9212
7469
146
4990
2271
2076
6744
5292
4402
8920
1594
2816
1659
8396
8978
1350
4144
6914
10353
3601
8448
3195
7075
9751
3485
765
5137
3333
9142
9351
7667
6073
5421
2491
899
1265
4313
2332
4999
8574
6180
10275
9496
3307
4195
1356
10348
7443
8187
6486
5092
7713
2163
5346
2765
8164
4246
7783
454
5016
860
2638
8591
8097
2451
5418
9615
8972
8863
6128
10187
5553
8785
7767
9655
9014
9718
4626
1878
8906
2061
7379
6211
7439
8466
6608
3584
8770
3278
3093
1378
5119
1822
4691
533
5202
6881
2205
8223
2957
10254
9956
7987
9859
5339
7799
6525
10436
3771
1871
5097
7407
6623
3219
4067
5406
8077
1726
2216
10156
8377
6576
6797
2303
5340
309
10333
8397
6845
8634
7295
3002
5699
9298
1142
9087
2153
4202
3874
8166
7535
2120
1308
652
9415
5216
4918
10227
532
9227
5039
7322
1189
9850
7758
1255
4166
10417
6886
7367
8533
6323
1633
9749
3027
2537
5890
4152
5872
4898
8489
8049
1730
3238
7776
10309
4291
3772
3347
5630
7952
6290
2145
2373
3976
7132
10400
9683
9770
6245
9063
6742
9313
7128
7785
2325
5172
8330
345
4047
5008
754
1001
2194
8556
768
8956
2703
2123
6948
4238
4794
763
3922
9380
1348
9138
7520
10375
5669
4027
3303
3579
3316
7770
3633
3344
8234
4149
4728
8181
9757
4476
3285
1204
5089
6517
598
5721
6820
9345
3171
826
4235
5526
7638
2885
2829
7774
1211
9124
1686
3905
536
6718
9924
3862
157
8861
8224
7696
2886
8315
8269
8407
4697
3302
9959
8303
6612
1333
4115
4251
3318
1711
648
5169
1607
1373
3082
3189
1605
4481
1549
3529
7293
103
8182
5484
2929
9482
1295
222
653
4852
10432
10079
4760
6884
2538
3546
8312
736
3362
9114
7686
7494
1741
4080
5726
4324
9381
2089
3533
821
6926
3604
8567
5697
9473
9409
1162
5698
9013
6278
4255
2112
5772
9962
4880
9046
9788
9469
8548
8872
10012
3575
4759
633
4704
4305
5025
9950
3826
2554
494
3290
2260
6079
525
3440
3591
7084
5709
6317
10385
3795
1800
9129
2393
1118
4353
8237
3788
2117
4430
7421
1999
7013
5383
36
8738
8723
8070
4649
1887
7468
1729
1950
2361
7106
10449
10412
4743
9737
923
5090
10299
4499
6740
7623
9747
8836
1326
5360
9532
3377
7750
8478
9534
2276
2029
10426
2986
2722
1614
1454
9201
8441
7232
7332
8686
2378
3460
8431
1942
2925
6320
6397
6040
6017
5868
3611
9881
6567
5988
8753
10184
8171
9196
5108
1286
6212
7402
4625
9884
4203
5702
3298
6759
9271
4702
10387
3197
2222
7868
7135
2329
9331
9945
7032
389
2677
2081
3328
2185
8538
9919
5470
6194
6616
689
1544
376
9006
6375
9520
8034
3845
7288
1939
258
4208
9430
7404
1225
3719
1808
9439
1585
10195
7508
4042
10068
20
10352
8022
2571
3419
3159
1367
5978
9152
1416
2790
5684
6701
9519
7096
4212
5558
83
2427
5877
3446
665
3805
5689
8308
10322
675
8955
177
432
8718
3175
6027
333
1038
9523
2230
3418
8314
3115
9791
7842
8454
6727
1167
8460
2691
4233
4900
9463
6807
624
1984
2034
3673
3720
121
1867
10155
7675
9484
5801
5615
10422
277
5125
10392
473
7068
3265
4125
9011
2662
506
8885
350
10008
10198
6872
5854
3323
9752
5957
10092
3808
6775
4300
8382
7022
5963
9305
6138
7558
1627
8814
2955
8500
10127
9626
3094
465
3704
10359
380
5691
1953
9716
7429
1340
2585
9866
5541
6726
1721
4785
5764
9871
6242
424
3327
9677
7035
8610
3136
3445
1190
2758
1599
6695
3283
8225
9119
6990
7470
6384
6994
5841
8980
781
7422
7500
7097
10202
2564
2879
6814
2588
3194
8447
5597
3192
3407
4266
8104
2852
3220
1455
5264
1280
1390
1201
317
3149
700
5487
4485
6996
7292
3706
4653
3467
6812
8419
6685
6705
4583
10444
6395
9443
4352
1710
806
5071
1709
9417
8160
7925
2903
10049
2475
867
4044
9085
5271
3801
2616
7216
3127
1212
5486
8249
9061
9637
4294
7857
977
1981
6903
9279
7656
7126
4436
5766
5512
2910
3188
7330
293
2142
7539
3383
10277
198
9391
6060
3073
10243
8437
5270
9341
229
10229
6390
6492
1786
9805
609
10397
4445
1513
6046
3729
7028
9392
9927
3925
8090
5929
10302
5410
5100
9025
1317
4611
2966
5207
5391
7217
2119
8085
2665
2568
2587
5911
9021
8477
8682
2470
1563
769
2778
4818
131
8540
10143
7843
4576
5003
5456
5159
1886
7554
2363
10336
6010
1723
2516
4262
767
5537
4805
56
9983
3524
1275
3404
9550
619
8213
6009
8679
1919
7763
242
3655
4860
694
6022
9935
8947
6011
7782
10338
3260
196
4145
10249
5518
8868
1937
1065
4766
9514
8515
1589
6577
7275
2842
8372
3954
4671
3427
2478
1858
2456
1515
3084
6778
10221
1951
6403
1075
9492
8772
2066
4030
1845
2960
4493
7224
4086
5914
8068
10389
7839
8220
3147
4308
228
466
5838
9531
6781
1666
7312
4244
9572
8684
3274
3730
38
6173
4824
8531
1547
4312
1509
4926
7454
8865
6310
2769
2354
7408
8731
6446
6779
1840
4002
8889
5165
7383
6562
9456
6087
4988
5180
3580
2132
1805
453
5363
8130
2764
9193
108
1877
4830
8761
2565
5723
1632
3901
8681
4672
2234
348
4376
3532
10238
6711
7346
7363
9425
7736
9238
8106
6164
7634
8081
1397
9226
2918
6261
1170
9310
7101
2059
868
2810
2014
4240
8909
3092
5225
1991
2158
4082
4731
7910
2419
5281
9486
8008
1615
3972
4065
2799
9209
7721
1664
2191
4786
4260
924
9295
2678
9057
5543
192
9461
6947
3844
8091
2460
8316
1232
803
905
9495
1119
2122
6204
5029
4888
8277
10339
2065
2939
3682
3000
7974
5751
3895
9031
7462
6501
7259
1609
10208
8098
5357
771
2595
9023
4762
3213
527
9292
7854
8827
7855
1908
5837
6340
9354
6513
542
7110
2956
4317
5124
3184
1438
742
6734
4968
9357
680
2840
2633
4925
1088
3522
3212
6495
5181
2201
3572
2539
2266
110
2468
7125
7966
8649
3421
4922
6371
8193
8958
5393
5637
1347
1834
6809
2617
6896
3606
7764
2636
4050
2580
10010
5385
86
6424
1219
4136
5483
5830
565
3878
8028
2211
6423
5304
9385
1514
4462
5479
2476
10073
9427
1885
8998
1395
1485
4103
7579
9337
3101
4480
4475
6343
5869
7066
6382
2556
2660
1817
9451
783
6908
8815
1210
5674
6086
6891
9605
6610
4669
5847
6304
7016
865
6383
2697
2709
6629
6266
6998
467
10355
8711
7683
3764
3563
892
5586
9272
9323
3221
1233
2257
9330
3955
8983
8890
7144
8575
211
8808
4992
1466
9676
993
9664
3639
6357
4387
8429
8778
9005
1006
2945
8598
6860
7154
2731
6137
6431
10181
167
7642
6480
5053
3528
7617
2265
5757
5678
1816
1180
4500
7806
7882
2110
8537
7679
8637
9033
8950
2807
7499
4882
6536
7620
2227
5976
3206
9185
10085
3722
2711
9836
3809
4717
341
2124
618
9359
10424
9762
5070
9934
3991
10435
4307
8313
2970
4487
8343
2579
3360
368
8608
4978
5761
8672
8900
5980
3818
1092
302
6188
3013
8165
1566
1418
4448
386
10451
5373
5800
8877
3834
9984
4874
6526
7208
9882
3710
1331
2993
6288
4585
645
2632
8329
9300
2148
7441
7151
4631
1821
672
4384
8987
4864
10391
8156
3870
7171
7527
408
6428
8473
9361
6522
334
1931
3103
1053
2164
2601
7455
9106
1531
1880
1859
8138
3993
6885
631
5981
2407
7456
5043
6972
5428
7658
9377
1541
3405
9917
9856
407
2768
1025
5328
6220
3266
3543
5409
4416
10423
4087
794
3961
976
3612
3665
5763
7586
3102
7184
4444
772
5134
10032
5065
6504
1918
8442
8666
4330
288
9018
4071
3855
4394
5919
4401
5224
7976
2749
7362
4985
4205
5641
5367
2785
42
2532
2917
3222
9807
6917
4881
7177
8948
3779
3381
7798
9909
4075
6878
667
7743
6380
10226
3593
9811
2439
7050
9885
3557
7391
10078
8982
3525
5655
5222
3977
4559
5576
5991
8800
1848
10056
2340
6493
2517
394
8859
3155
8562
9969
5129
347
8741
2482
1516
6737
8866
7065
1820
1623
8294
1868
9083
5171
5992
2668
8550
5985
7960
1064
6033
884
1427
8629
1761
1261
549
7903
6981
7818
8945
4663
1746
3502
2776
4712
2196
8369
4167
5679
5228
6469
4788
6386
5214
6176
6274
2007
3273
8644
8756
9588
2479
2590
2441
8075
7528
1072
10047
687
4835
10365
2342
405
4186
6984
6162
1090
5858
8326
582
7905
10382
6857
8612
8483
8522
3305
8754
4659
671
8914
4771
1024
4983
118
1691
7149
6364
5808
1034
2295
5365
4741
5084
6905
7649
6738
6018
7557
10145
8516
1998
150
1274
8093
7652
1769
9661
2051
1508
7744
245
2462
3341
4127
6157
6735
3363
833
8095
4544
8730
9147
2820
4096
7707
5769
7676
726
10456
9699
3794
8306
8566
3143
5069
9309
10246
10373
6533
2399
4347
1116
8703
1487
552
8576
4154
7447
4710
9609
6547
1611
9868
3755
4843
1907
4097
6806
2515
6215
5021
10103
4979
5195
7413
7049
9174
8067
3170
2166
8010
8355
9654
6963
6663
9653
1758
8159
9556
2951
4113
8471
7878
4275
505
9548
6127
2247
7231
3364
5817
10219
6092
7596
7637
9948
913
6289
5956
4837
5789
3887
9094
2922
3998
5941
10374
2567
9890
7872
7498
176
8714
3897
516
1185
9297
1825
2308
3603
2413
5792
3337
7932
6231
7801
22
1051
587
5784
6838
6538
3927
1558
2976
4549
7704
8271
7299
5494
5059
9030
2082
2720
9688
7081
9044
2071
5204
611
6708
651
2450
6619
2195
252
9849
7677
5593
8834
3329
7812
8089
2179
2742
8430
9284
8378
7194
5054
7556
1229
4220
4595
6757
1346
875
10358
6456
8799
3296
4540
2881
4892
5164
5269
10342
9402
1768
9110
8272
5495
9108
4095
7080
4200
360
5397
8029
8292
10428
8917
8366
7111
145
3666
9395
8352
9177
141
8458
5850
10383
4899
520
164
1647
7887
10409
9015
3671
2469
2706
8600
1226
4052
8342
8374
1782
244
6404
2898
7228
9973
5666
3715
7229
6564
6442
1860
10022
6451
85
9067
9489
2935
1975
1536
9624
2144
1441
4806
9861
8758
6883
2336
5887
2603
5767
8519
1926
2367
778
4263
7026
7548
2270
8656
7417
2544
3547
6848
962
6592
7139
2178
7225
1584
6037
5798
5688
203
8042
7512
7559
8344
4245
411
4944
8734
4784
7821
6766
7195
1812
8485
9635
6625
4022
10058
1683
9997
7977
3001
9488
1102
7877
4234
4028
7761
8398
4936
3423
9203
10222
307
4374
9977
4063
1765
6940
221
1402
1803
5286
2915
7837
8261
5554
9207
6111
7723
2605
7864
5315
8564
5898
9150
4332
7350
4284
1244
7017
7274
4909
7847
817
7452
3353
799
1580
6645
383
1230
5508
2140
8219
6694
8021
4474
5203
688
294
3326
6672
7526
8725
7786
2734
4902
5632
162
5793
5671
9583
6413
319
3718
6258
6268
2214
7569
101
2543
73
676
8136
1525
2563
3492
6626
8832
5619
1158
8991
9376
4980
3037
1345
9504
3731
4570
5303
6784
10218
1855
4104
10200
9840
5077
7669
4705
8553
5856
1869
3487
5150
9822
3108
1555
253
6529
8409
4928
7591
76
8287
559
458
4658
7296
2098
3409
4471
7928
1668
3098
617
8472
120
3320
7587
7349
810
8597
6747
6912
1629
649
3975
4984
7272
8824
6506
3725
8064
3442
7522
1857
8088
8256
6071
5795
7138
6418
3711
7866
8215
6874
4446
254
1083
4571
9314
9206
3139
8513
6785
6184
4364
9542
8251
7214
7815
332
4991
7553
4827
6255
10152
1399
9831
10
4808
7953
6648
8305
6353
4054
9901
7412
4703
10136
10294
7241
937
10247
4147
8747
583
8125
9817
7285
7029
2320
6677
2060
5323
4333
9353
5056
7227
849
1066
5670
550
4100
1010
3912
9692
511
8911
8092
1783
6970
5095
2626
10042
5282
844
632
8690
5589
484
7368
8996
8293
2004
9199
7136
6264
3477
2984
5431
8481
4550
8871
1756
4193
3125
2676
7951
4106
6356
4301
10263
1354
6007
904
304
2581
4355
1076
9618
9703
428
58
8072
7551
1405
8784
4510
9093
1902
8581
8152
6728
1626
6662
9101
9516
10108
9685
114
5496
5781
1957
5237
1047
9641
4975
6528
4159
8727
7140
1934
6831
540
4424
1221
8901
6449
4530
4504
5874
10228
3434
1716
1982
4213
3019
6352
3842
2355
7601
8688
1646
10090
4217
5925
2586
3602
1433
3474
7104
2592
7570
7630
10357
3401
5552
1996
6888
7086
1109
815
8414
3587
251
9263
4413
1604
8147
2582
3780
4060
9503
5453
6286
8461
753
795
9894
10165
1684
7904
3491
6985
5024
3698
16
7482
9875
3990
8541
6392
9117
7044
6689
1216
7995
2471
2861
6840
7790
7004
1107
5581
8003
4191
9038
4894
5846
4954
8361
3256
2064
7996
262
4661
2311
9779
6941
9233
2369
5818
14
1743
155
2455
94
2760
1138
3299
2578
9560
9494
4311
4749
2006
1058
9255
7711
2664
5561
1881
7053
3697
7891
5964
5960
3879
936
8410
2865
2732
4109
3504
5215
737
3744
9696
8263
6329
9460
1421
10224
5970
2784
10316
5715
489
216
7967
10134
8963
5880
270
8131
5724
6670
5336
4630
4844
9535
7787
4449
315
6594
10378
5663
1672
5656
8188
1377
3429
4397
5660
3412
2529
7618
3394
1019
9066
6882
2701
5870
5443
4126
3737
7692
2658
4761
7900
438
493
8813
2561
7485
4174
2569
4285
5251
5527
4012
1447
6868
4141
7100
7233
4425
2971
6707
9577
1806
9053
3577
4414
2998
4887
9955
1990
5948
9168
3349
2229
2341
439
9640
8760
2645
3153
1639
1325
2666
5148
5644
7186
2318
7726
6768
1383
2221
8298
2642
7668
6051
7615
3679
1032
2978
1507
714
2183
4198
6758
1016
5081
1117
1699
3753
7716
111
10082
7237
6120
5313
6748
2625
4017
1526
4062
9135
4809
7276
959
9989
880
7491
1073
6345
3643
8266
5509
7946
4637
8105
2026
1591
1777
7962
117
93
10403
8698
8831
10252
1486
2121
3689
1550
5075
8589
1471
6922
3851
7609
1344
1113
6571
8336
6034
1030
1601
9258
9268
802
1903
7145
1750
1818
6552
2619
396
901
5263
7448
4197
5272
2528
6410
1365
194
2671
1100
5677
6425
6030
4679
2770
5532
7155
8436
8639
1401
4114
2600
7496
2844
2594
7858
4173
4621
5394
6452
1135
1420
9883
4327
1728
3045
6586
5986
6297
3496
3422
7561
8797
7298
8622
3275
6666
870
2624
3813
4270
6816
4160
9913
4792
6953
1528
8512
6077
1650
1305
3946
6992
2755
2514
8728
9775
5577
5017
1738
1105
567
10430
9971
6611
3038
202
841
2719
3983
5199
1388
9772
4993
423
1735
6052
9322
3735
1654
4199
9020
9988
3079
2792
1013
5162
1461
1572
6170
9303
7581
1778
711
6433
397
4989
6249
5123
9086
8525
2156
9327
3739
7792
4282
4707
10360
2063
4153
3465
5794
9198
7589
205
6565
9767
2458
7664
4292
1155
468
5316
967
7246
1532
2445
7023
547
4664
5752
5369
3890
703
9081
3742
4833
3542
1209
7020
10062
5121
9041
1439
4742
2921
1299
8191
839
4800
2084
8573
5737
2621
5765
3967
10434
6221
1448
3662
2752
8857
4247
7862
8621
591
3276
4076
4678
8568
4696
10030
5996
2606
5734
178
5529
2209
384
8823
3436
4686
1171
5324
5061
6136
1283
2330
8491
5283
3402
2406
6441
8713
8121
601
3207
6445
1901
5457
4557
1842
9416
9098
8217
7239
1334
2501
10045
3768
104
4782
9453
8360
3775
4736
1503
8253
927
4575
2519
863
9167
2198
1273
8952
425
6563
8417
2131
572
8848
878
798
7058
2700
7635
10050
5645
8954
1079
6415
3226
805
2950
1077
1400
5073
3588
10178
6203
7358
1228
8502
9869
7832
674
5891
2761
2431
7538
10370
169
3010
9462
5797
718
82
6430
6241
5200
909
305
5567
7165
2947
2679
7347
1679
2920
1004
3667
2335
5834
2289
5730
5652
2090
579
9458
4826
6690
3902
4694
1023
7205
2818
6237
2814
6196
9601
945
3055
8845
7037
8990
3216
6919
7531
1839
9054
136
5468
2710
8957
6599
2609
8837
2387
4934
3783
5502
2130
7219
808
2149
6205
9554
7254
2825
1592
2850
893
9079
3505
4779
9455
3988
8680
7906
4372
3384
2815
4077
10288
7255
5114
286
8412
5197
9001
8351
7490
6765
9557
8596
2961
5448
9733
2653
1318
2187
8905
2996
53
10329
1651
8146
2876
3596
6350
8536
3031
2386
1947
3096
8285
7907
1674
5903
2631
3930
7120
4632
1074
9904
4502
3054
10111
8907
6273
3646
10017
9099
8664
8919
1093
2379
9370
5857
3059
4807
8630
837
1569
9362
7319
7846
8346
7118
2474
267
6002
1780
2548
6370
33
5507
5621
2713
8463
9200
615
2572
6876
2740
8921
8117
3709
2015
3790
4368
584
9449
1762
1622
818
10312
5035
4343
6877
6850
7537
32
7098
2434
5314
9878
275
1582
2464
3712
622
3614
8879
4543
744
7434
9826
10214
6489
9905
2085
9800
1475
1457
6615
181
8099
6036
1179
10268
2911
6253
7670
4565
4467
6235
9802
6447
10081
7309
1586
1649
7483
5878
4143
1909
8013
5349
6420
3069
9333
10043
6080
4464
8571
1055
8333
4442
620
6796
6523
2481
7031
10276
1368
1309
3650
165
7771
8895
3981
972
4083
621
2577
6084
6444
9628
6605
2811
8806
9562
4932
1247
7116
2287
729
847
1181
5372
1173
10343
1630
928
10040
3759
4280
3509
9160
2217
9237
9629
9364
8195
876
3456
7523
5454
9186
7277
1681
1288
916
4483
5338
605
9671
7720
5504
10413
2610
1239
10154
4608
5780
3185
9644
4432
7041
4164
5786
625
5809
1063
25
15
2673
2689
6185
9886
5505
4635
4175
1720
6419
5057
7827
4938
6182
4277
5186
10132
7463
9525
8620
722
8704
2837
3566
5716
10390
1246
5833
3253
840
3263
7703
3097
8795
596
5658
4541
2448
3470
9434
732
6657
2134
5019
3191
10372
4555
7873
5685
8114
914
9675
8511
7142
814
10173
4241
5308
8394
9148
4646
7002
9832
8135
2695
4584
9286
2281
3009
7544
1892
9146
5160
3062
9816
960
4533
6634
3089
6698
5806
6971
7018
7969
3786
10321
7881
5967
9490
8652
367
5962
7481
4117
856
7398
6638
664
8143
749
7894
9943
7428
3482
10039
2702
7191
872
8910
3262
215
6680
8335
449
553
9810
7089
2
6639
4774
5528
6367
5538
6993
560
2518
6168
6864
5627
9598
3161
5881
3853
9515
6763
7245
9569
3935
4090
9603
5233
3654
1413
7982
4032
2622
5463
3158
8168
3965
2791
1764
6041
5240
8063
9414
2812
0
2492
2280
9074
9784
7644
6700
7755
10241
2570
1920
9857
377
6598
3204
895
7067
3095
2654
8706
2136
2420
3040
8012
8853
3177
8555
4987
7983
8241
8843
6193
7123
8381
4453
10364
5680
1389
8518
1793
8403
1312
9318
7978
8532
1237
6326
59
8966
3703
7741
3694
7856
1810
8557
2672
7146
930
5115
9294
10088
8922
1640
8244
5440
1733
1795
2553
9254
3242
5241
7466
5041
8280
8151
1408
1983
2552
2333
9111
1682
5510
1473
7303
10319
6374
5243
7804
9037
643
8683
4821
2356
9543
8810
5230
7167
691
9058
5321
6652
9500
3669
8673
5675
7064
10298
6681
3169
7215
9728
2056
1478
10327
639
5727
2338
3431
1392
7752
3653
6933
2541
3886
6344
708
1214
9582
3462
1702
4463
61
10230
5535
127
1714
6923
785
4072
2900
4279
968
3066
3776
4056
731
4912
666
9906
10087
4194
7176
6454
1125
9158
4223
564
5635
2067
942
670
5072
185
9178
2560
5450
7410
208
354
6134
8189
8413
8607
6303
723
7294
1687
5845
4547
660
8233
1689
6296
2012
3538
2143
2909
21
6332
1467
5613
6653
8915
8798
5565
9155
7158
10366
6232
3796
10033
7352
9575
793
6142
628
8829
5143
6870
9390
9498
7980
5901
5146
2416
10411
8498
5743
7343
3684
5662
2634
452
5700
7970
6706
3746
6815
7401
9100
7030
6604
2197
3414
4289
9665
1061
8716
238
9459
5738
5058
6312
7268
7317
5166
4897
2906
3330
5609
7625
2019
1706
5112
390
6417
5640
3866
2940
4321
4919
8623
6873
7911
64
4915
1220
4673
2941
735
5851
2421
3085
6928
4379
5099
6606
3239
4972
10036
5904
1387
147
1882
3389
712
9180
5536
289
1036
6731
7251
8328
3081
3255
7252
4057
2583
3782
1494
7328
8768
682
7073
1917
6299
4750
273
247
6015
6083
7682
2682
3778
3672
1407
1208
9571
10272
2893
5277
5420
6687
917
7437
8613
235
1997
2838
10191
7629
2328
9922
8170
789
5945
915
10159
5549
879
8356
1067
7924
5079
2118
3228
4335
8035
1703
6590
6217
7992
8030
6314
4396
1227
546
8720
759
10044
4935
4369
3721
6782
2250
7516
7781
9954
2687
9410
5952
9667
9252
8048
5575
6385
7187
939
5320
4869
9681
8024
8474
1788
8399
9985
457
8605
2987
7403
3609
7990
3048
4302
3544
5620
4614
2872
456
2789
7662
8674
7344
5424
2382
7672
214
414
2923
5411
762
7777
9126
7889
9291
1198
9133
4362
480
606
2499
96
6716
450
1875
7715
369
4863
7738
5934
4356
10231
7897
3447
9194
4031
420
8715
259
1899
7345
6913
4395
8
7612
4838
135
1123
6119
5122
2783
3708
8699
5754
1748
9311
947
4295
7014
3293
2430
9116
4516
4341
8771
727
6803
6532
4036
2103
6396
9555
1965
792
8406
1621
6656
119
3971
6602
8913
2542
5082
586
9646
4599
8043
2017
363
6362
5748
10442
10300
5359
1165
2099
6832
8678
5975
9619
1176
8183
1056
4819
2106
4211
7684
3724
5010
8440
10377
356
6406
4856
6503
3258
1712
9062
4120
2362
834
8926
9585
5445
6511
9587
6664
5783
9047
3683
8186
10028
9991
1551
9382
6023
2981
602
4610
5815
8212
5811
512
9118
9518
8079
2937
10183
1588
2016
6578
7657
5703
1771
4955
1663
3461
3763
10445
3395
8282
4596
5927
5744
3163
3553
1697
5544
2574
8250
4674
8851
4638
9889
7172
9553
4639
6752
2384
6209
5676
3767
9032
4620
6762
6197
8993
5306
1403
5835
4377
1657
9474
8736
7958
8243
8661
5938
2651
6837
7210
5335
6014
4552
123
6101
8311
2173
5746
5247
2527
4961
6488
10371
1717
2408
2526
5018
2472
10418
636
8766
6641
3732
7242
8400
1449
7377
9606
5221
1874
1944
6942
9540
6631
8284
8127
5361
4579
10135
5585
7244
4226
9594
1784
5489
308
713
2746
3356
1126
2359
9590
9944
6236
7399
7474
4554
2192
2319
1933
1938
8526
1177
4177
8128
4169
8976
2644
7984
9887
6679
4180
8110
2566
6275
1251
3634
2233
3410
8579
6153
820
4441
4708
6859
1505
8569
8122
1112
5882
8302
1480
4862
3004
9785
3996
9999
570
3280
8059
8439
4188
10240
7074
4231
8124
3005
6871
5871
4722
6678
1410
8254
4523
7879
7590
10393
3514
3850
9513
3939
4458
1254
3943
4967
7338
9335
8931
7603
9065
9750
9040
1292
6791
4822
6355
5028
646
3903
8364
4366
7059
7851
4739
9253
8493
2092
6515
6282
2559
855
6200
10388
492
2988
9951
2304
885
684
6178
7257
4336
3503
3693
4832
4996
3070
7765
1437
87
8992
9792
1936
9738
2869
7835
6139
2286
3705
7986
9026
1967
2454
6038
7768
9159
2001
7038
7940
6004
5910
8497
9707
6671
8210
1656
9189
8880
2290
7256
2440
2291
3766
7915
5472
9349
9316
8657
3605
10301
9815
2351
9051
9674
4916
3406
3632
6968
6897
8625
6658
6644
6549
6714
1799
461
4753
2496
7400
9932
7695
4727
5974
5312
7222
4870
5168
224
3451
6729
1002
9512
1796
5965
3598
7430
7409
5104
1742
522
2003
2388
1085
3973
1320
3793
7560
9691
1660
6986
2989
7954
6109
6787
4943
9171
7913
8495
4378
9916
3920
1524
8570
9421
1873
2892
9852
5530
9870
421
1484
5791
8268
9282
7859
3361
5268
3814
3309
4538
8611
3190
5840
1114
9170
824
5631
2231
2078
4070
10406
3657
7595
5341
6243
7824
3424
4783
4711
7823
4527
2901
8804
361
4447
3448
9673
3499
4913
10318
989
4642
8469
9091
10069
8279
608
7342
1040
1897
1773
957
6210
3595
3229
7961
5416
3151
5618
7533
1301
5392
3749
2459
485
1353
28
6187
10210
1335
9229
2688
8482
430
3459
10287
6508
1284
8700
6465
1463
1527
3473
3372
2101
7163
6964
2926
5296
8971
9043
4801
3987
2357
7917
7021
1893
10100
1351
8262
3750
7390
4398
4013
8852
1260
929
7614
5807
8981
1172
1734
9144
590
8046
2389
1987
2371
1498
1557
239
3277
2021
9576
436
873
534
10212
3292
9938
5659
346
219
9431
4091
8320
209
5756
1215
8148
9218
7938
5485
8724
5103
3838
6966
4296
4452
2428
548
8006
6491
1205
3624
10024
6126
8321
1606
9753
4010
8560
2887
4715
6512
6596
5944
1178
8080
4802
9966
6991
5667
7234
4763
7584
3690
5094
276
9355
4773
577
4257
8144
4221
8977
1243
9781
644
10270
6997
1470
9280
1341
4946
6421
4024
329
9946
6319
790
4119
2669
9454
9261
658
9259
827
2337
1828
6854
2944
4015
6199
5604
998
2405
1943
6811
7968
8102
1481
201
5993
10264
5601
5760
1426
9125
5161
877
5895
3168
6315
6499
2212
2345
990
6338
2310
7489
2248
4237
7304
67
3052
5717
3506
4318
10009
2718
6764
2883
1021
3688
8717
6351
13
8856
1140
1671
8226
4482
7141
5042
6251
6817
8309
