6694
5927
2603
7166
7278
3621
4798
946
3948
521
6936
7475
1870
2454
55
3601
4058
4334
2398
6433
1409
230
6587
5754
5158
2970
1176
2194
811
4411
7573
2096
2631
58
7388
7076
2407
3036
4310
7112
3061
2830
1662
4770
7057
2380
2049
2308
1172
4984
772
5440
2016
7659
4228
2207
3553
7564
809
5659
138
4451
7648
1902
5955
3653
5878
4407
3624
106
7417
3206
1724
5950
838
3805
1628
3953
7283
4557
5254
7653
2713
2645
6399
6154
1253
4371
568
283
3386
5670
5176
6772
1958
4177
5345
4566
431
6077
5066
3862
6671
7411
6002
3947
5580
1292
7103
800
7597
5248
3938
556
5609
3108
1138
3829
3346
1909
4176
1408
6744
6795
7102
4545
3466
4093
6804
5227
353
6728
4461
5170
4481
4315
1604
1875
2650
5716
873
5546
2747
5104
4068
6014
4865
2642
2129
3586
7477
176
6028
2032
1865
3594
5237
1617
2467
198
2939
6490
2685
4892
7004
3559
3648
405
5126
853
1022
5988
3148
3697
4759
4425
133
4844
6327
7604
2326
711
6278
167
4685
443
4577
3741
5785
775
439
5760
3861
1198
101
2305
4342
2423
6006
2899
5396
931
960
3701
3043
820
5952
6125
2703
2858
5691
1582
502
7120
5844
2516
2677
6325
7517
3351
5630
323
5350
4053
3147
1276
3824
1809
5575
3006
1767
4729
1282
2447
390
1694
7400
2560
5297
10
932
1195
7353
7276
5441
4472
1773
6253
6842
3131
5635
149
6748
3790
4109
2170
2038
7370
5208
4170
5591
628
7085
2278
5699
5714
3190
3329
2941
591
1904
4875
6739
2850
7169
7280
2240
7323
812
5612
5599
6542
1877
6613
4790
7592
5849
6922
6238
1406
5704
1150
328
1750
5298
2619
7007
6130
411
6918
4255
2446
3626
3922
5721
3392
336
4077
4949
1020
1485
5473
5683
3261
1495
4868
3691
2177
6753
2598
1940
371
245
7645
5309
5507
1124
3000
2764
161
6982
4506
6856
7625
663
4320
2227
6621
7374
2221
1626
7077
753
5920
4091
7621
2831
5645
5321
1741
2289
5407
3608
6026
1660
81
5489
5224
5301
1744
4786
670
844
7008
4831
6866
2148
6138
7491
1445
1302
1328
1412
3845
3314
2842
330
7666
5002
6774
1718
501
1219
1057
155
1983
1374
4433
4056
6361
551
3479
226
1988
639
4985
5556
2490
1146
1700
1144
1745
7258
7540
6511
887
7492
3934
4731
6101
6768
3235
3951
598
4715
6968
6559
6886
5677
6689
2325
1762
6840
2406
3611
417
5512
7569
1536
2929
2803
3677
16
5347
6415
2768
1099
7436
3699
4247
264
2053
2128
4368
1492
6898
4760
4249
4259
4504
1420
4978
6410
375
596
3382
5342
2354
2460
7518
971
4852
3003
7260
4825
4174
7049
4510
5113
5202
4384
3291
5356
1928
6314
2994
3574
6078
579
5156
7059
5548
5909
6915
3858
2904
4300
6567
4714
1677
47
292
770
2782
2418
1730
2086
2938
452
803
5669
7486
6872
1528
3176
7137
1705
4718
4670
2171
1
2760
382
7707
4230
4811
2673
3734
256
2030
2593
3747
3499
6291
6351
4079
897
2399
6395
2751
7643
7149
3725
7115
2401
45
7351
4428
7608
3827
5370
7410
990
3322
212
5725
801
2244
7208
6870
2202
2771
6727
1181
2838
7320
2894
7307
1633
4779
7290
5888
6718
3693
440
2839
2643
4654
999
2043
6992
4108
4536
1266
4896
1918
6455
5739
332
6599
123
7668
3306
5470
7614
4445
2533
220
5408
1218
7250
6001
3789
6634
3456
7598
3520
3432
2351
7590
76
6105
4822
1382
4525
5625
40
5954
285
4848
6534
2718
6269
3843
5935
675
4007
1892
2580
6199
6031
2135
488
3145
2004
3292
4304
1003
3468
1404
4382
4817
7281
1859
7450
5608
1916
2484
3615
392
2352
7539
665
5652
3281
5632
6574
1692
4508
2551
1473
2286
827
428
4874
5282
4432
4816
126
6123
1069
3248
2348
4181
2601
4724
2033
1901
337
3078
5940
5108
2403
1123
7464
2730
3995
5757
4396
3458
2180
2183
1337
6521
7199
6691
4947
1832
4611
3079
5177
2991
4927
5296
3918
7640
5413
68
5125
574
2913
3870
6012
4267
1667
6538
4485
5079
3143
354
1246
376
5816
5711
5463
6832
3902
1363
6402
6891
5295
4422
7617
2027
6134
6909
4459
5024
1013
6722
648
6239
7365
6246
3192
7310
4933
4158
1122
6888
4678
6213
7227
6555
4575
6755
4948
1586
1539
2347
5715
1821
1065
5835
7001
294
5679
5239
1285
5726
5134
1552
7088
2297
4360
4105
3933
1307
4321
4468
299
5083
18
1236
5979
5028
4318
5974
7245
4313
972
150
6348
6370
31
1354
424
6887
1365
3832
5657
3483
35
6610
3519
1397
2833
6664
5485
5089
4780
6090
122
2275
34
2584
5530
4727
5822
0
3167
4582
2522
477
6525
7257
6990
3323
5649
5474
2989
3766
3005
3728
2955
5615
5899
3378
2176
309
6911
786
7056
3387
3066
6190
4351
1007
2420
2024
1323
5712
6641
909
3814
3389
6476
6859
2966
5172
7458
1887
5742
3662
98
3560
7123
5457
429
6590
6443
2722
355
5594
2246
6254
1083
1383
7168
5080
6215
845
1620
6912
5050
2497
7360
2570
6839
6857
2116
23
118
5547
3439
3463
1286
959
5432
6743
1653
4489
3328
4107
1159
3186
3894
1625
6579
7628
7531
7636
4710
518
3809
5777
27
4049
2172
6025
750
1810
95
3690
3498
29
5611
3017
7626
6108
7568
6904
4092
7487
4833
7437
5136
941
6726
5361
6811
7330
7532
2199
2376
5412
5001
2298
6268
5662
5980
4726
989
1857
2733
3987
4254
1417
610
4519
1777
7118
5069
4085
2071
7559
958
6643
834
4931
7042
7695
1369
4263
3427
3719
2881
7381
3517
2388
2137
4110
6426
1041
644
760
7692
1315
2594
3421
4340
6958
6581
7646
6712
5619
4980
4999
5558
5359
6514
1707
7126
3210
7350
1145
4060
74
6617
4074
6530
2072
5299
5462
1413
6305
1214
2513
3890
1507
612
3004
6465
3651
1836
5381
1278
1161
409
2306
7582
7485
1672
522
4607
5411
2766
2065
1381
6586
4488
5070
5258
7476
5610
186
4341
7594
7081
2658
4232
5737
4883
7053
1849
57
491
6136
2367
7377
1434
7459
1640
2883
5007
7624
6385
2853
5717
691
4073
7574
2272
7474
113
4596
5524
5510
2648
1941
5276
1245
3385
2252
2422
1267
581
6010
1716
2539
1860
6673
4878
6196
3407
6372
7423
1209
1770
5618
4890
5833
3510
1197
3255
7601
6609
3696
2187
6690
2740
6292
5887
5781
1906
1114
1734
7108
4946
7499
5267
3640
2992
3268
5697
5759
3836
849
2345
868
6360
7325
4730
6083
6128
742
6999
1595
6730
5876
4767
1722
2039
2862
6636
3869
6363
4395
5633
954
3459
5362
6572
2731
6328
3607
1550
4675
1457
26
7014
6849
2229
7472
5922
1006
7440
7216
2208
6263
318
191
658
3315
5003
7698
3732
6164
2179
6126
1050
6420
6877
758
5133
6940
5945
6436
6596
547
5642
5318
4477
679
3636
7364
2062
4781
1024
4628
6230
7134
5371
2692
6916
5854
389
5142
6724
7178
2056
6878
366
2495
4269
4667
4889
2005
4209
1636
3132
4862
4192
2253
5521
5490
135
3252
6220
2247
723
4653
3681
3867
2371
1494
5915
3024
5765
5886
1701
1259
5994
1125
288
3266
3377
3644
2184
2510
6258
433
4674
7700
558
1580
6944
6290
4090
4623
5074
1820
159
2015
1890
2559
1225
7298
4299
461
3388
385
2419
5477
1644
4080
3990
5953
5923
2946
3077
1613
4688
1519
6313
3940
2701
3405
3927
7384
704
5832
3665
2097
4296
6600
4733
5515
848
560
5970
3136
3139
5205
985
4511
3649
3355
4629
1898
6640
3437
2552
7096
4589
3752
3660
5668
4043
2022
6109
1085
7404
3737
1453
1396
3596
7454
3879
1401
2602
5323
4791
2292
2475
1758
7128
1957
2788
6075
765
177
3398
3968
6796
6242
2087
5550
1619
7446
2508
2678
6814
6023
1805
5320
3342
6439
2813
1254
4084
3997
1168
6033
1051
575
4677
7117
4284
4880
3161
3010
4429
4021
3347
7328
5144
546
4394
1450
5264
5567
7479
2700
4154
4127
2127
1100
3284
4166
2494
7193
1748
4493
3583
6997
1794
545
4945
2382
267
7538
6116
3800
5947
4372
7408
174
3532
5767
7503
2301
5991
1039
7694
447
442
3247
3316
6759
3290
7495
7140
3780
1641
1919
7090
3591
2392
3880
5092
5995
6438
2652
4000
652
5283
2576
3760
127
2225
6180
3528
6655
5523
3308
108
4885
2816
5324
2848
2800
1497
3791
6994
6398
653
2070
3460
4406
4190
2907
4326
2324
5636
6377
6257
7693
2479
2181
6614
5861
6446
1164
6166
6661
6380
6745
4141
3715
4749
3213
3172
4235
5906
6283
3600
2676
6654
5904
2687
2707
2934
4812
5308
677
6169
2893
666
80
7596
2103
805
6255
5578
2174
3338
6059
6480
3830
5590
5695
6112
4903
7524
6344
6622
5967
4937
206
3854
2561
5043
4223
5912
3449
5780
4036
5587
215
1735
6365
2498
590
4858
4751
5135
4973
1615
4144
511
5865
4280
881
3723
6740
6082
6223
3467
6458
5747
550
6427
5029
408
6501
3228
1257
346
4014
6211
7293
5192
7182
6334
6322
6806
5676
3562
4409
1596
5690
399
6374
6979
4143
3587
2773
1232
5722
1296
2023
7064
1839
5354
2880
7264
5025
6411
1016
4535
1703
2818
7023
1025
367
7190
7469
7500
1921
5688
7101
483
2502
5978
1889
6497
1142
7605
4700
1317
5289
6197
2191
4959
2462
3082
2485
2501
7526
7251
822
1357
6797
2544
7415
2353
2186
5763
3193
1091
1443
650
1336
1553
5943
7074
875
7572
7556
2145
4560
208
4500
1451
5784
554
630
5048
5238
3202
4604
4035
262
1704
5233
6387
1587
105
6578
436
7530
3872
6051
4020
6147
3050
343
2940
6320
7288
4956
6781
308
6967
523
6696
2332
4133
3686
6662
1618
4970
1688
1155
2007
7098
4240
2600
5913
4932
484
1783
4241
7316
3208
7065
3477
241
5576
6396
2999
5981
7362
75
593
4669
3958
3823
6376
4707
615
876
5841
7337
1529
7122
3249
6948
5272
3194
7481
3141
1319
2863
6198
701
3274
1638
2028
6483
2973
1058
1897
4100
1841
5256
5270
6383
2034
3162
7473
7167
2947
4905
1982
7131
6924
255
7282
1506
4171
1309
3815
2283
4248
3080
536
6602
235
3295
3936
2151
1239
631
5261
7409
5471
173
996
537
7035
1428
1221
1283
4513
3285
7591
7663
4324
6854
659
349
7383
3264
6737
779
867
116
6321
5252
5626
3952
2855
5315
427
4930
7038
6829
878
2669
7125
2131
6779
7438
6304
6421
4264
2634
4094
142
7305
1894
7295
4211
1996
3073
388
2595
4581
369
4256
5060
5157
5229
5166
3170
5231
1046
5936
2520
5996
2563
2874
1607
970
4276
4003
6233
6973
4549
1978
7270
2441
6277
1578
7124
5968
4179
4364
4842
6355
1682
6236
5351
4438
4062
4044
3763
1509
3472
1848
4136
319
7222
2815
6408
1484
5755
2923
4656
5409
5447
5247
5840
4482
3950
6604
616
5486
5423
6068
1482
4147
3496
7634
3120
2500
4478
2440
936
2492
2840
633
1247
1622
1421
1943
638
5783
2962
4352
2268
860
588
6373
4148
5601
7359
7566
5414
494
6716
5016
7396
28
7136
504
2147
91
3875
418
651
5847
3180
5997
1143
3448
541
7207
1304
2916
7237
980
356
5529
5488
6473
1517
4412
756
3557
4347
3541
5253
4501
2555
3506
1081
6620
62
4041
5566
3975
4753
3943
1712
480
1606
6606
4962
7342
7045
769
5496
5480
5881
6286
4312
1751
6406
5846
5511
5504
3828
1064
2105
684
6007
5589
5986
1415
951
1975
5932
1910
1156
3971
4526
3372
3568
1075
2372
4423
3240
6276
7401
6681
4401
6653
5101
5779
2099
3700
7054
2505
4188
2081
3733
2321
902
3883
163
1721
6279
3226
7660
351
3761
7032
2169
694
1447
114
736
2888
5734
4343
1179
5741
3013
1574
5495
4164
3703
6329
3888
2067
4279
5012
5789
5675
338
841
2742
791
807
1543
6339
2112
4357
1881
1204
1731
6337
5958
6527
4884
495
1955
4988
2
217
2010
5897
890
3140
2735
266
190
3994
3901
4950
6102
4186
7343
4764
4614
3930
2311
5498
3782
339
2340
810
3965
5027
7313
3335
6085
5606
6264
2704
2641
3094
7551
6175
5178
1476
6058
448
2331
7217
7164
2873
1655
7490
4925
1886
53
5344
1472
1048
5553
942
3279
6382
6217
7583
4676
5559
234
1478
3929
5340
2390
4748
2048
3676
3921
4008
2531
6379
372
2906
3501
6933
3121
507
5215
1435
5418
7037
2018
4316
6117
3672
1782
365
6229
2566
4533
6179
3455
7097
7334
7394
5543
3759
5729
3687
2260
6649
3683
832
5305
4827
5218
4496
3199
3487
4055
2926
7496
1390
7241
233
2972
5930
1585
6488
3470
4612
7005
1274
7044
5446
3413
998
7321
4333
1271
2777
3123
4116
2776
3019
4634
4765
6576
4694
877
4789
1923
5004
6734
1154
251
5065
7680
5565
7069
3044
699
6678
5403
2825
222
463
5673
2796
368
4703
3633
2140
3209
5122
1966
170
2754
7034
4687
42
6221
3223
3534
5209
6294
1798
3887
3580
4555
7631
205
6873
5435
2845
7407
7494
5071
1876
6133
5214
7382
6193
2596
14
6972
4554
5650
739
1262
2091
1702
384
2534
7189
2621
3740
4449
6731
5931
5482
2758
3606
1489
350
3408
2284
1165
2456
4665
1576
124
5864
7147
5197
286
5284
6265
3099
963
2333
6939
552
5788
1137
3980
6287
1903
3298
3756
5914
7015
6346
7550
1049
2651
6658
4260
4796
1556
7171
211
6914
706
858
5078
6884
2793
5112
3221
5526
2627
583
4344
5154
3614
7468
4799
4004
542
6210
6723
4152
846
5121
4480
2976
5059
5756
2223
6861
1868
3418
5103
7662
953
2387
7226
3871
7165
2572
3271
4346
3755
5194
5127
1895
3278
3966
476
6874
4437
4657
3471
637
4317
7701
2459
1815
3751
4199
1422
7581
4061
5896
3670
3546
4350
6139
6225
1433
2961
6469
4225
1015
6985
5046
5131
1148
6096
4935
6729
6316
4744
2017
926
7327
6171
6717
1047
6660
1061
3705
3434
6754
5803
3093
7515
7029
316
175
5304
1757
7094
6331
2583
7630
2046
2812
5942
3767
573
974
6720
2296
1318
295
563
4928
2814
1793
7398
169
209
1891
4527
2054
4216
7678
3744
2094
3617
4532
1402
5985
2640
3286
2182
1261
3179
2715
7366
4649
4548
4599
227
6978
6422
66
525
935
4435
4814
3340
7240
1410
4163
4231
2537
1227
1140
438
4505
1934
3184
2895
7547
4989
3182
5773
4838
3848
2556
774
4237
870
2765
462
4828
4338
1985
3270
5720
7463
6827
1838
4938
2195
302
1288
5436
3976
3698
2358
489
3548
4283
4960
1589
4160
6369
763
3417
5337
3225
945
2436
5107
6875
2019
3873
5744
4456
626
2269
7682
4040
567
3913
1273
2577
6846
2920
3813
4591
6494
6562
3374
7618
4636
2985
813
6714
4467
2037
7041
3915
4071
6669
7358
3277
4971
1106
2697
1067
1643
5219
6053
1922
2867
6910
6066
1376
1843
6901
4578
272
2110
6303
2680
1332
7275
2144
4658
6366
1685
6518
3312
6226
6338
2118
1171
246
7200
705
825
1951
1407
514
4309
3436
2210
7575
3964
519
6890
1076
2045
2496
7623
1938
5666
4491
1000
2077
6799
7552
4081
3144
4627
5015
710
3721
5870
3802
4337
6187
589
3893
842
6106
3937
4066
147
6205
1588
2671
3115
1079
1690
3016
6773
606
2995
969
11
7225
4330
2832
7127
2294
3926
5317
3588
4911
5769
5597
6293
5478
7242
7274
6862
2378
3032
1761
3503
2319
7092
6580
6088
5889
247
7368
6676
2835
5705
6259
6824
914
7525
6342
6140
4881
5487
6124
2119
22
3028
5405
2279
4048
6855
540
7205
3993
1926
4523
6709
4834
3031
6976
4585
4046
450
3602
2476
6784
1112
7565
4067
6435
7010
5310
1394
655
5796
3173
2100
2592
164
4145
2558
5484
4024
2987
315
7272
1925
7100
5281
2271
922
109
1949
4886
3774
3287
1825
7587
1320
643
3243
4189
2834
1696
4471
3156
466
1965
4440
2404
1804
7303
5977
5863
3778
950
715
4968
1103
3356
473
3729
4392
5228
2149
1570
1341
7002
7068
360
1231
317
5542
2384
2956
5557
2663
2746
4913
1830
5275
5745
6571
5531
562
6156
1068
4308
1298
2618
3352
3310
446
4939
307
274
6272
5680
865
2950
7119
2511
2807
6680
4348
434
5605
4405
1732
5562
4354
2633
1490
2035
992
6746
7555
2638
2373
5426
3433
1160
59
2003
396
2329
2571
4017
1530
1403
6024
2614
3794
5643
5277
4534
1384
7301
3656
218
2021
5075
4987
2935
3730
880
640
6330
5761
2851
5311
1014
5879
7690
5817
3981
20
672
1862
6821
3114
744
5624
3125
4182
2605
5325
1989
6381
7699
512
1347
1569
3424
201
3998
1971
4871
2217
1378
783
986
2784
737
7462
4940
2124
3215
6825
3939
4102
5045
3642
510
1269
6612
3327
6684
1311
2529
1962
2819
3074
4087
2971
344
599
3135
2635
2763
4424
5678
4063
3521
1818
404
3088
2189
287
4483
5951
265
5651
4975
516
5733
7195
4775
7238
1800
7389
6785
100
145
4901
5339
213
6453
730
6335
7322
5171
7279
4681
5815
1785
6228
7175
1362
5240
3932
7702
3394
4797
3076
755
3130
1728
464
884
6003
102
1568
6550
4098
348
4064
7349
2778
2102
7650
2337
952
1756
4898
4580
2113
850
6552
1866
2216
304
1090
4212
3149
2435
1795
2290
1664
1592
2084
7187
777
1775
6568
1759
1601
6194
471
5731
3837
4757
1888
7312
2986
6168
402
4899
625
7467
5782
5965
6022
830
2792
7635
6677
2996
2427
2451
1393
2277
2107
5212
7159
1353
4229
5399
6234
7082
3806
5456
5273
1674
7528
4388
3250
686
1802
6086
2134
7244
4845
3743
178
6674
1824
1452
532
2811
3684
1322
273
6847
1554
2409
6906
4904
3844
693
32
5181
1855
5836
1527
4097
7426
5939
1612
6298
7155
3404
3796
3527
544
6608
1624
7557
1771
2698
2657
866
5099
1905
7030
2903
6535
3236
2729
4011
4042
4713
6531
4620
4512
134
2750
4336
300
1031
269
2152
1175
5534
5549
3868
6645
2506
6880
5220
1884
5415
1295
90
4175
5866
4954
1203
2666
5872
5481
5868
622
257
3034
6766
2997
1533
2726
2967
7488
5667
1272
2705
3163
454
6889
7143
46
6955
415
5787
6203
3702
3593
1444
6167
4082
3712
6252
1538
5058
1710
4851
1787
1202
3738
1268
1395
6778
5005
3187
3638
1084
1400
1907
4365
6686
7252
6009
3049
79
4854
3207
4173
1184
115
2719
413
2101
289
2794
3350
2051
37
7024
768
6054
3957
7578
279
3650
3452
6700
2615
5506
378
3909
5703
6961
139
7145
7399
421
557
1351
520
1929
4637
6181
6949
4563
4165
6141
4002
534
4431
7611
1781
6687
7218
3361
5877
3116
4243
361
5641
1976
2088
6509
6353
3810
4288
1827
1723
6938
7152
4672
403
7174
406
683
5884
4866
7683
4646
5516
6883
5972
1986
5595
7133
7444
5689
5118
2625
6414
5520
3320
7452
7083
6029
2261
2841
3689
2844
2375
4752
6788
2781
6447
4335
1411
4813
4882
19
3089
2473
5858
3283
2617
1496
5051
674
6819
3925
7705
5062
2616
6189
6209
1942
2930
3709
1657
3239
7105
5825
6235
6561
39
2514
7284
4873
4704
5911
3166
4969
7341
3068
2914
5693
7356
7070
780
934
4197
6113
1265
5225
321
2545
5314
362
5364
3989
5274
2762
1455
1678
4861
3826
1252
3986
3081
6163
3852
2344
7318
5124
620
43
3430
1753
6185
2025
5941
3038
3196
4774
5654
3931
7689
5809
3370
3177
1514
2817
2682
4054
6089
3977
5140
7203
3804
2900
5614
6110
5491
1776
2357
1663
297
5384
172
2466
7229
6950
4047
6192
2242
2654
6989
3671
2196
6032
1468
5535
499
3974
6244
4111
1340
5607
5894
7153
3326
4213
2936
3440
7562
1335
1584
3825
3639
1801
5875
3175
3438
7412
3668
6015
1212
3954
7107
5375
4673
3851
2728
3983
6923
1944
125
6114
6301
4914
790
1470
1250
6529
64
908
7354
4515
214
681
2349
248
6830
2055
5709
5449
6418
6566
5857
4473
4924
380
7157
232
3610
4377
3450
303
3118
4161
4397
310
3807
3486
6807
4622
2809
910
4893
146
6742
5513
505
4574
3367
1562
2744
1882
4787
1338
6791
3637
5054
4644
7355
6560
2628
1030
5464
2477
1808
5960
6081
2480
802
2823
4613
363
5287
1491
2630
1017
7040
3903
1680
6150
5582
2185
6333
5443
7248
531
635
957
893
4050
7439
2918
2553
3564
4281
5073
4114
3692
5600
2524
7703
3850
301
619
5891
836
3735
2789
5114
1650
239
3657
1845
549
8
3508
4366
7681
4010
7185
1113
156
5775
2582
729
7600
2549
1768
2197
5150
3620
906
3874
3309
751
7234
4734
1930
3573
7428
5146
7304
3035
1073
604
7433
3785
4139
3899
5998
2890
3478
5901
3866
1066
1537
4399
1747
4934
4919
1697
3745
280
6767
3303
419
2783
1567
1737
4444
896
947
7058
891
2538
1279
2849
3876
2964
1563
1392
2416
7138
7391
657
7223
4419
6457
151
2338
3465
4198
1308
7514
6079
3064
6495
240
7584
2461
2478
821
5243
1523
1174
3717
2014
2361
4072
6616
3713
1001
7113
3110
4138
4258
3272
4683
4379
6710
6423
6556
5259
3658
103
6042
4383
1325
4018
2259
5162
3635
1856
3332
3784
2937
2085
3511
1561
7043
3051
5685
5639
5082
5076
7478
3183
6657
7508
3269
2205
5210
3984
771
2146
5068
6011
2224
1431
1446
3171
5845
5696
6505
1548
4509
207
506
1571
1170
4573
6631
1803
3711
3059
7296
5903
2109
410
3783
3063
5671
2159
5249
6152
746
4701
6626
2114
2691
6893
2775
3495
3415
1647
6057
5009
7606
7629
5778
898
5434
4632
1844
4442
6021
4537
1687
2827
7685
2525
5746
6752
7339
6471
5687
2153
6764
6121
4101
7331
202
5455
2336
379
3669
2011
5898
6598
1738
6065
7676
99
6701
4016
3087
2493
911
1130
7688
976
4540
6127
3101
5663
5236
2891
432
3331
5808
5509
1726
1956
572
759
2822
5410
5621
3550
7352
1349
859
3220
797
975
1127
3212
4766
2310
3009
4455
4712
3368
1339
2530
3001
1863
2249
4359
4287
86
1343
983
5023
5925
1230
5684
3373
6103
839
6219
92
5293
3547
7016
3022
6882
2732
5802
5018
577
2737
282
38
3762
1686
425
437
3776
2607
4792
2772
6837
2917
7026
3491
457
864
7579
5728
1973
6845
2877
3091
1151
7483
3096
938
6084
6157
4810
4993
5203
4887
5419
1034
1924
2612
1426
131
2960
4598
6706
7104
1229
6461
4069
5637
2450
1630
4818
4088
7340
2374
5850
3251
5306
5708
2258
1565
4809
1652
5033
920
2927
5718
5694
6288
6409
2245
6044
3205
3792
4695
5265
394
5772
4709
5603
661
326
104
4650
6692
586
4784
1833
1733
5244
7099
4705
4801
5056
1540
61
6104
6111
487
5890
136
1360
1500
3659
3014
7422
6741
6715
1334
3742
5916
987
4966
6835
4221
4463
5400
6996
1960
2662
1399
747
3629
3753
3393
4178
7516
3109
1333
1591
6736
5561
6295
1243
71
3916
3102
5493
3542
6062
4434
3197
1872
1215
6018
5179
6738
2694
7332
6500
5758
6991
2154
6371
4579
2491
1314
7148
7183
5452
3227
153
3655
2394
1987
4829
6005
5910
2303
88
2896
5232
7346
5602
762
6332
6885
1010
6368
1228
4857
647
422
6683
6013
1621
1742
576
7527
3376
6153
1590
6296
5983
2957
1186
4909
298
923
4006
3254
2013
478
3963
3944
3896
2684
5660
978
4522
2093
3647
4920
4912
7599
5022
7675
4997
3299
5020
7392
5730
6524
7593
1185
2396
4168
1439
2125
2889
1614
1927
4415
1893
2609
2281
6019
1095
2295
2108
6670
917
833
7025
3592
3222
6897
5223
4029
347
5383
4841
3232
6063
1557
4943
3999
4112
2215
7470
2734
2843
4691
5786
2910
7652
5217
7319
2445
6132
7687
6249
1499
3105
4251
5598
5338
2963
3831
4295
3727
6544
7405
3151
5751
997
4329
4314
4207
3540
3119
2901
5819
4682
4378
3708
968
4543
2060
7061
5982
2590
712
1939
1300
7294
6963
5969
7672
3169
4917
3157
4026
6206
6981
7197
2993
6074
2270
4146
7089
2859
4958
1572
1102
1797
3518
1968
1132
1053
5343
7254
6605
5724
70
2173
1280
3384
1213
5008
828
7286
5246
5047
4922
2875
3256
1668
5592
5429
6250
4486
5570
4306
2330
5416
1313
3311
5804
4117
4224
4517
6907
4403
4550
4955
4804
3363
1436
3462
6591
4290
7311
4180
6400
1126
2166
4974
1658
7172
3253
6969
6425
2854
3111
4923
1508
7460
1056
2316
623
6184
4363
2540
17
4894
5402
5307
456
2897
6484
6204
5155
7501
3397
6545
2250
2066
3294
4450
7181
2489
956
5917
662
6957
359
1581
2720
7291
5852
6695
5770
5129
3473
5851
3185
4150
4187
1487
5706
5823
203
6362
982
6306
6905
2579
1377
826
3245
3855
1899
3233
5164
3214
3419
166
5445
3201
7060
4542
3441
435
2206
6603
740
3955
5617
2547
2335
1119
3722
5349
3818
24
475
6868
4234
2339
1806
1277
1915
4870
3530
4270
6808
1233
3558
5093
1249
4603
2218
4840
6445
1373
3150
5461
7706
667
327
3906
4782
276
5466
6564
1498
2133
5613
4689
4625
3618
3174
2430
6354
1689
5892
6345
3838
2232
3991
889
3625
656
535
1755
4135
5327
6549
3704
2536
1879
2611
5585
7545
4633
3839
3706
6437
6833
6851
5365
4544
3554
4460
7561
2130
129
7455
4487
7510
1220
1190
4172
4475
4465
2886
4452
4155
7588
2921
237
5856
757
1992
3095
5119
4621
6493
6719
1009
5148
3203
2846
197
3246
5719
7314
7033
1979
3556
1223
5168
2949
1419
6142
2606
1545
5100
6091
2711
387
6786
1600
2405
1105
6027
5300
607
6611
1994
479
4915
1693
333
84
5882
3537
6491
3481
1648
7039
7344
36
7466
3085
7019
4918
3113
472
391
6148
6975
5895
2585
3710
30
5032
585
2504
3446
4821
6481
7558
7373
4030
3153
1063
1464
5437
7507
621
6959
3833
6931
4686
4853
4576
1263
4761
3092
1040
847
7051
1477
2455
7249
5368
6498
2755
4285
5661
2471
6803
284
6297
3663
1104
3878
5285
2412
2871
1234
5185
3129
4716
3946
668
4122
4037
6270
1837
1819
1774
1346
6486
3816
4454
56
6725
3750
5200
4680
1670
5360
4446
6451
1740
793
3168
6038
7177
1698
5159
6876
930
5221
571
1541
6618
1555
6087
6341
7453
725
4466
2463
3142
4725
6775
680
7224
4272
1027
2417
4711
5653
4120
3590
815
6146
5834
919
5377
6430
7263
1977
6502
3293
3812
4404
6319
2472
1133
4220
67
5946
1709
3949
3425
6489
7267
1579
1301
6299
3026
3493
1361
1129
4850
5593
374
3126
1505
7395
2990
238
3027
4998
2111
1210
609
6577
1984
5743
4369
1111
7535
3885
1637
4355
2984
2052
2801
1380
5551
6392
3137
3358
7198
6482
2178
6
2541
4794
3912
2499
6988
2787
1796
6095
1342
3288
77
4846
1005
6517
3622
7424
594
5387
3959
4104
2433
5583
6665
1345
120
1780
5791
1852
117
4547
2723
430
5417
5102
5064
7647
1458
2431
3442
4033
2254
1070
6467
4385
7432
7567
7379
3505
5292
1306
3654
5186
6143
4421
1344
2458
6454
696
7333
1883
6485
291
682
5674
7055
5821
1931
5278
4502
4031
7691
6589
1518
2528
1639
6045
3480
2164
1018
1945
168
2267
5492
3849
6016
5369
5348
7084
4051
1972
3579
1071
3040
6760
7
3904
6311
7285
5021
322
713
5367
2265
2975
3343
6191
789
6711
673
4642
377
7184
7338
6049
259
1284
7196
1042
6930
6747
3754
4559
3645
614
4803
5479
2828
2738
7162
5401
2942
2076
6892
1379
5805
4443
6261
1754
3072
2905
3643
3410
1465
6822
1163
3406
6056
1610
4631
1180
5271
320
6648
6553
915
1474
5372
2304
4720
2636
2526
4132
7380
2073
1479
1425
2379
7192
2488
6917
1946
1846
738
4257
6080
6573
1534
2235
2931
6750
1388
5501
6900
2364
4888
4684
3134
3275
1109
6582
5341
6809
4302
2059
3464
962
7239
6993
5390
641
1251
6444
5241
4944
2791
83
6942
1303
2569
4376
6693
7347
5161
741
1459
7130
1525
5926
397
3821
4083
1224
1370
7502
2908
3324
5378
6831
1368
1471
7080
4655
2343
2256
994
7677
3461
7308
6569
48
2639
5771
7671
4191
4869
1173
7498
508
4227
2968
565
6310
3344
4972
1532
6601
1456
2868
1055
4738
4951
4699
5199
4600
7544
3025
7063
1954
3652
4756
1679
2587
1603
3577
7522
111
7402
2664
1019
5826
3488
4847
1526
5672
2237
3572
6635
5132
5382
4584
3960
204
4217
2012
1023
3842
5957
4057
3822
2568
6004
4953
3920
3924
5115
3453
6802
3369
4012
6707
5933
3160
2688
6592
3795
944
5406
5139
7287
6097
4252
5806
509
4626
7191
3065
3128
749
3764
2293
1052
1854
50
4205
2397
3381
2426
5169
6162
2925
5554
1093
6503
7456
2234
6159
3772
4389
2981
6174
2453
6629
2978
1002
1699
3112
1952
1791
2312
1216
5355
5698
2885
636
584
2438
7505
6902
4616
1564
4553
3504
7121
5572
3682
6450
4569
1605
4826
110
2597
3242
2360
2757
4427
5500
2362
342
603
3731
1088
6512
3623
6468
6041
5430
4832
1812
2175
4184
1193
3799
6539
4820
4721
2667
913
754
7387
5838
3581
1398
2826
1980
6456
5918
2213
4356
193
6966
566
2644
3273
1583
3339
7202
2626
243
2706
2428
3678
2233
3484
5948
5352
7571
3516
526
1535
2365
5798
5962
1074
6060
924
3892
5801
1531
4755
5573
929
818
6646
5312
6780
7091
3819
5116
1310
1087
3106
7654
2425
722
1816
4076
3181
2157
527
7519
6036
2574
4430
4
6195
2543
1244
4086
2567
794
6064
3886
6946
1896
5391
4617
1959
6508
6928
4739
3641
3714
3923
1427
1128
2095
3211
1598
6178
254
3820
3673
2359
7309
1169
2089
7529
4089
1814
1294
6393
605
1727
702
3321
7465
2943
4282
2366
4128
474
2323
7186
1441
4910
4238
4516
5944
6965
3736
5448
93
6732
4125
3911
407
2117
196
4839
3857
3086
5518
1746
6462
904
7430
646
6815
5137
1096
1864
4586
3021
4859
1593
6340
5088
676
5174
1364
6652
5085
1646
2069
4208
1799
5450
6416
7570
4609
2741
5017
2383
2724
1789
493
453
5563
3336
4361
4793
5508
4118
5393
5928
5752
3178
4645
3341
260
4572
6977
905
2599
231
4860
795
2123
587
5105
835
5964
1493
2661
6852
2562
2668
1666
3631
3561
1853
6343
3357
2928
2266
5260
1418
3538
7329
4339
6479
2802
183
5189
2912
2063
1714
698
3047
2092
837
973
4776
6472
3469
3400
4126
874
107
3758
2443
3688
5111
4783
373
1651
965
840
984
3589
329
2866
1842
6073
5077
977
515
1149
4593
5333
5727
1199
2872
6783
5151
3241
5334
627
3978
4855
5130
778
964
352
2098
6672
2674
1107
3919
7386
608
4668
3334
2064
5041
912
7489
2945
7609
1594
1177
1765
5736
5732
6532
6047
1503
4262
4568
4541
1675
1524
1991
7441
3257
6115
5336
3801
4902
5871
888
5963
6685
6588
6758
3914
6536
3578
513
4268
2282
1158
3259
6275
4167
5460
4520
1566
1964
4941
3015
7679
89
5907
1424
6528
894
2959
3616
6943
1937
861
1101
6540
2263
4274
1098
5128
5938
7429
3613
7232
6232
7512
6149
3409
784
4507
6417
2714
2050
5353
1828
4202
312
7416
4597
2588
4470
2721
3500
2523
7150
7022
6757
7534
6356
4387
4019
4659
7255
7520
6419
5647
6836
1289
5245
3048
5374
1522
2632
7163
7011
4788
3856
3905
1299
253
1635
2647
6037
6813
7173
85
1082
1414
1442
6404
1684
1270
5874
1321
5366
819
1632
7553
6151
6040
1504
6285
393
5425
2761
671
1515
2104
6688
4349
4570
4458
6792
5859
2291
831
4539
1043
2509
7610
2061
6642
1873
2377
1466
2702
6120
3033
4298
3492
6241
4420
6627
728
5038
6812
1981
2150
1033
2613
3716
4976
2115
6941
1575
3443
7523
1037
236
7161
6945
4762
1297
678
140
7403
1869
7585
3219
3053
5322
5538
4977
7243
52
928
185
1211
3627
7194
4195
1097
3718
5288
1026
2287
5646
1760
7637
1642
4358
3787
4119
2309
748
3494
5701
6593
570
7357
2709
194
6570
3218
1222
7471
5656
1386
54
2386
4900
7273
4436
2161
7497
3786
2274
252
5494
63
6039
5013
1092
4253
6647
1331
3865
1547
1206
3300
6067
2482
7627
6533
6794
4266
5188
6828
72
6563
3191
1608
1141
5961
2683
2424
4292
5380
5330
7154
5893
313
2542
776
4499
4863
5201
1993
420
6983
2483
3359
112
5444
735
4075
4808
1629
5255
1021
200
1772
143
1861
3075
5195
5544
3426
3423
3576
1950
1029
401
6094
1120
6980
5084
5235
3536
7142
455
1631
1967
1290
2402
5541
4169
3674
2790
4294
6575
2434
4239
268
2532
690
733
6173
7180
6863
4137
6951
1997
2322
5152
3555
5087
3749
1352
3563
3057
857
2442
4588
4134
5966
5117
5855
6176
6776
2209
5
6407
6231
5812
5569
4750
386
2922
4747
2201
4322
3127
5536
3612
4038
1835
852
601
7661
281
7375
6390
2006
7027
707
7674
1874
2470
5454
3585
199
1449
2659
3907
806
1226
6633
5522
6935
5010
4952
2001
5764
1035
5468
5052
561
6721
6956
6628
3305
181
4297
7657
3165
2847
1715
1512
4151
4408
3798
6675
3565
1764
6384
4666
7419
4777
2074
2739
4806
5934
3262
5173
5555
179
3146
2082
3847
6300
1094
3803
7595
2273
7431
5303
632
4936
6763
5627
3263
2610
2980
5198
6470
4558
6448
3383
885
364
7669
1597
685
5853
3289
496
5768
6817
2163
3846
4129
7062
5528
7548
3420
3571
3364
2646
6818
6312
2795
720
4647
5710
6749
6554
7461
5839
6713
5055
2468
4271
7537
25
3788
2211
4398
3973
4099
7336
4587
3349
7013
5880
7385
3680
3543
2575
5438
3489
4652
7066
6394
1560
4414
5475
613
1784
296
7665
6182
97
5081
7546
1147
3422
2623
5160
5006
4390
7146
5810
6934
5628
1974
3380
6119
3841
1385
1187
7457
7144
2806
4664
5631
4277
263
51
7028
5431
689
3018
1521
4698
3679
4964
1963
2779
895
3366
7420
6787
4830
7231
341
2350
4736
3695
7589
1948
6869
4045
5792
340
6359
2770
2400
4926
7009
5216
695
7638
7139
5042
3416
2158
3882
3428
3768
6403
5376
6954
5971
2355
766
4215
7268
3707
6389
4374
3917
3900
7075
4242
3779
5527
4717
6099
4416
7632
60
3535
2517
5999
7576
1242
7651
4640
121
5329
189
5476
2953
244
3104
564
4571
5427
4013
1634
1900
940
1480
2162
1372
4353
2040
3435
2948
2649
4679
2589
334
1551
2898
5829
743
4219
6858
2262
4492
2464
5000
5026
7345
687
5956
5545
4769
3039
6970
1573
5397
1194
441
6953
383
7141
5097
5187
4331
137
6735
5644
6810
7211
2878
645
2799
2381
6894
6844
7633
1488
6765
7602
2385
6879
3526
3793
497
2452
5828
7073
2710
7533
2810
4439
6158
5707
3200
4921
2824
4103
6358
1080
458
3090
6442
242
4722
5268
6309
470
5811
4386
6777
6522
6548
724
3985
2965
5183
3775
7078
5616
3313
7176
6172
1511
3996
4301
3582
4474
6428
4250
158
6848
907
4635
6052
3097
1460
1440
5682
6964
6043
1995
7297
4476
4453
6118
1241
2255
412
5505
1255
2410
6424
3509
3575
6632
1217
6537
1611
5579
6506
6644
3667
180
4311
3507
3403
4856
2876
5604
669
4608
3549
6896
5290
1659
5207
4996
4942
2248
7619
3962
7031
5740
7511
1933
6137
395
6350
5226
6020
4286
2106
4305
1316
1717
3396
2988
792
6145
7577
6460
4246
1510
7616
4413
7259
4638
5976
6464
4265
6405
6771
2879
5319
4965
2670
2675
3781
4157
3058
1953
4096
3244
3238
5713
7213
4410
1935
3664
5458
1914
4484
4651
900
492
1885
7414
6656
5634
3860
3002
4991
3070
2241
3864
2743
250
5723
6061
555
4696
937
4618
799
4728
335
1183
7116
5031
788
2924
1045
6412
2307
1281
1908
6317
5753
5395
7536
7482
5193
2341
4995
486
2861
4303
3375
7427
69
1054
4690
1779
2041
7206
4823
7135
916
3
3317
381
7021
5141
4754
2190
4697
2257
949
7372
2203
1831
5110
154
1513
2395
3276
6155
2752
700
7215
6050
6046
6703
3595
4907
5517
6638
1706
5036
3881
773
6227
44
7397
3685
6793
7667
5120
6237
4551
7504
4236
2474
4601
2892
4835
5379
1790
1463
5313
2327
7071
2550
6937
7361
6349
7188
939
6367
3982
2884
6708
3447
6705
6251
1375
6100
2829
5992
961
1661
3482
6913
5774
6607
468
5280
1157
2155
6200
2515
4495
2699
187
5537
4843
1324
3260
5571
2507
1275
6704
5623
465
2320
2864
7209
2370
5098
7214
4538
3544
745
1167
543
2414
4005
597
2120
490
7156
879
4986
4648
5908
2977
1969
6623
3444
1501
3632
2226
3533
2160
3319
3524
6860
5424
804
2857
1287
2521
6160
128
2020
4426
132
4039
1077
2629
4732
7541
1387
5469
4528
1153
7390
2318
6826
1475
7018
171
7664
7160
5433
3217
1358
553
5514
6318
731
6401
1998
2564
3195
2759
5106
5655
2820
5459
6921
7265
5658
6770
152
1454
5167
6952
49
4273
3067
4200
3969
6798
6867
1713
5837
2465
7277
358
6352
1826
4524
5035
4982
2693
3107
2212
2220
1813
459
3345
4095
1673
6326
6702
7000
4367
469
7484
3539
5346
2518
2527
1769
7129
7261
4418
3297
1516
5326
7269
2228
4992
3124
2852
6397
4660
6733
6998
4552
1139
7246
7201
5975
5540
4795
271
2716
7620
2000
3399
1389
6208
3490
2222
2156
229
6962
5794
5499
3552
3811
5577
5153
539
7046
3454
6515
781
3055
1627
3451
6375
1135
3675
7067
2334
6679
4693
6637
7521
3282
4106
2457
3941
1329
6308
2870
195
829
3224
3325
4815
1720
2300
3757
3474
1467
6122
6030
1256
7580
1577
21
2909
6463
2429
538
4115
5929
6071
692
4702
717
5294
4562
6048
6452
3967
5109
5389
2767
2681
6651
6782
6838
1858
6069
1192
6477
4864
2143
2167
4245
5262
2620
871
787
6984
3052
3863
993
1990
3365
7684
6523
4373
7235
4746
325
7442
6929
4662
6541
5184
2314
3045
426
2317
7563
7642
278
3512
3720
4244
6201
1917
5750
6224
2214
2804
6135
3412
862
225
3634
5086
2411
6131
5467
7221
3353
5885
1483
2042
4819
1970
1559
6619
4332
2821
277
7236
3853
892
2280
7017
7406
2008
78
1305
2786
4462
3646
498
533
3020
5924
2748
2481
1840
1188
7603
4156
2679
5848
2708
1438
3155
2057
4778
4293
6207
6266
1044
4001
2749
1725
851
3158
5843
5749
13
4546
4319
1152
529
5919
3296
1558
2029
2837
5211
3797
955
5095
4639
311
7111
3972
660
2608
6274
3515
6216
4745
4740
4876
7607
7306
3891
3765
5453
1878
4469
2578
3566
2557
524
6307
6499
7335
3234
6899
1437
6281
1238
4391
7448
2444
2068
6008
5869
5552
854
4498
1264
5279
2998
4772
5392
4961
4464
6986
7247
3411
3942
872
3230
2689
4706
4291
6474
981
7228
3603
2727
714
4479
6386
4708
3605
918
7418
580
5040
2276
7079
7132
5795
1060
7554
2075
7371
5439
4201
7179
719
4805
5061
899
6388
6526
2369
5163
3928
6663
3401
5072
293
1691
988
1656
3216
2413
4837
4328
7151
2503
3908
7326
4503
4602
6496
5451
305
7367
3724
1012
451
5748
5638
4641
548
5138
5519
5581
7315
4203
7050
4204
6177
3060
4849
306
7220
160
5900
6510
3395
4441
6347
3895
6222
991
3029
4530
7219
7435
7615
6557
2979
6565
3069
6597
6245
119
1932
4113
761
5386
1196
6659
3391
130
1739
1829
1136
2230
3889
6698
2138
6639
6615
6262
5640
6267
5766
7109
6000
7425
2448
1683
5860
4564
5586
2573
3771
5702
4121
1486
3431
1778
4052
3992
4643
3523
4059
331
2236
2969
6947
3570
2769
6925
6035
3514
184
7299
3159
1326
1391
3666
5574
5420
2932
2408
3371
2655
1880
3884
6558
2581
4605
249
5692
3961
5831
688
6543
943
3231
1032
4159
1356
1200
96
4897
2193
1011
2974
7292
2391
2865
324
5149
4278
5234
6927
2079
7106
5776
1367
5422
4323
219
6903
5814
6823
7378
5799
7271
3956
1072
7052
7451
2808
2902
4275
6800
270
5286
5196
4393
4078
2432
869
5363
752
4877
4226
1763
2139
5057
7114
2756
4981
2002
2519
1110
6378
1936
7348
654
5385
3476
1851
1416
5867
1121
5620
664
2944
7673
5037
2121
6280
7697
4162
2586
5242
4879
2856
5332
1062
5827
901
5665
3122
4583
4023
3531
1743
4824
6841
3188
188
6273
7048
2251
5147
3333
3348
7003
2083
3840
5539
1207
6516
855
6243
2951
3360
141
400
3475
4447
2346
6364
3835
6161
314
2078
5862
2058
3567
6289
3046
6302
1736
3030
5143
1623
6214
582
3777
718
2437
6789
4906
7047
3898
3598
7586
6865
5091
979
578
4610
2009
423
2126
1115
7262
2798
1676
528
4758
6769
2660
6093
6475
6034
6070
6165
2486
3402
3100
7393
3330
416
2774
6240
5328
3910
7300
1792
7639
7670
1912
6871
1947
5206
221
7072
1350
2122
4556
6092
3726
7421
2342
65
1237
1131
6682
2192
3661
3204
2439
3198
1117
3445
1078
6584
6699
261
1208
5044
3154
1811
5049
1542
3502
5388
4022
3988
3362
5686
1166
708
617
7686
4531
1293
611
4153
5564
7006
6248
1059
1549
2044
3770
5316
5067
6098
1258
4967
2785
4742
5525
1235
5428
5762
5987
5502
3414
6188
3012
5175
5442
4070
3834
3979
4606
503
5681
3379
5011
4891
3545
5263
4723
7212
6751
6630
2983
5584
6413
5190
1461
1786
595
5039
1602
2882
6504
5269
2672
5421
4124
2805
2299
4402
5483
5990
2745
4763
2231
843
3265
785
6519
1366
4027
817
933
1681
2080
2637
6076
7622
1850
5824
4594
228
5813
3522
6432
5180
5019
2356
1999
6391
1719
1312
2696
6144
4185
7413
7506
6459
6816
921
6585
4514
4417
5034
824
7493
3007
2933
6170
642
7549
2368
82
2736
798
4836
4661
3970
1469
4123
5842
7158
6431
4196
2952
4327
1711
1961
3630
6853
5588
1788
4307
2797
1520
4692
517
530
4561
6756
7696
4497
3258
5182
1752
2204
4289
1481
5335
5937
5014
3525
6441
2132
6547
6843
3301
1162
3529
6995
3877
966
4015
2919
4028
808
764
1108
5145
4009
2313
6478
4773
2243
1729
4929
4592
1134
3117
3551
1348
2315
3748
7658
165
7509
3098
2725
634
3935
5873
4025
1118
6624
1671
727
7302
6594
3485
2328
5905
6282
5096
4800
7012
3694
4663
7324
4375
3041
3056
6761
7036
7020
2622
5738
1920
2512
5465
796
5394
1260
6971
3304
5949
7093
4521
3808
6202
3280
4671
6801
4362
6625
2036
1847
7289
721
4735
4785
7704
157
4457
1086
2546
1817
2026
629
4194
2200
592
7256
4990
5664
5818
6960
7612
7656
4233
6507
726
5230
6186
3011
2604
6487
7204
2264
4590
7434
716
6212
4567
7110
223
4218
4400
7542
1708
1654
4963
6668
1182
6183
697
703
3042
1616
618
3133
4142
3604
3897
3189
73
4261
1665
7095
6667
823
2288
2712
4193
3164
7170
6583
6449
444
2393
6805
2302
6072
3609
182
2165
1004
856
734
5532
1371
1822
345
5165
7449
5373
6284
602
6271
3429
4494
5266
6762
1248
3628
2869
6926
1178
6790
4895
6513
1645
467
3597
2031
3152
5800
814
5302
3023
7655
3390
216
33
6908
7513
1430
782
4624
5700
5902
12
4802
3817
1089
1423
3084
2142
7480
5735
6650
5094
398
6434
4979
1871
2239
1766
6492
1189
1502
6017
7376
6247
3138
4737
1116
4206
2860
4065
6697
3599
485
275
3229
4381
7253
3062
1327
2665
5797
5793
7087
5191
1913
2982
7649
1867
1405
290
7317
2690
624
3746
5257
1834
224
5250
5404
4529
3497
6336
5790
2836
5973
5830
2285
2136
7445
5030
41
6864
5568
3237
3054
370
5993
4615
767
4448
948
7086
3008
6107
5222
3769
5807
4719
4149
4325
2954
967
6820
87
4872
5989
2915
1807
5629
2686
3318
6881
500
5358
2591
2656
4807
5331
3739
1008
863
5984
2219
162
4957
148
1201
7266
925
6256
3083
4183
2238
4630
4565
445
816
449
2887
5648
6895
94
3945
5251
4345
3619
2198
1669
2168
4130
709
3513
3302
2415
4210
258
6834
6429
6324
927
2554
4380
5204
649
6666
4595
6974
5063
5357
482
7230
1191
2449
481
5533
4214
2421
5883
1359
1544
1911
460
5560
6466
4032
559
4222
7369
6850
6260
2695
4908
1649
5053
7447
3267
1695
2469
2188
4140
3037
2487
5090
1355
2090
210
3071
2047
1599
6440
144
2624
1749
357
4619
5497
3307
3457
3773
6987
2535
6551
2717
2565
4518
5291
7644
1823
6055
5472
6520
1448
4771
732
4741
5596
2389
2753
883
1609
5213
5398
192
1028
7560
886
2363
2911
903
3584
1205
15
7543
3103
7210
3337
4983
6323
7641
1546
2780
7233
2141
4131
6546
1038
600
569
7443
2548
3354
5503
6932
4743
1429
4994
4490
4916
5959
6357
5820
3569
1330
4034
4768
6920
6315
9
882
4370
1432
1240
6218
414
7613
4867
1036
2653
2958
6919
3859
5123
6595
7363
995
1462
6129
5921
5622
1291
