1616
977
1503
2058
1509
2413
351
1877
570
2399
2292
1587
733
2229
2485
1315
1232
1024
434
2318
1705
1907
908
905
786
1885
1821
2435
347
1511
941
2468
1989
1087
2371
296
1956
1092
91
871
1142
1168
2037
1713
2305
2211
2327
1362
787
2215
2186
648
1201
1786
726
382
1266
1022
2255
1943
1771
995
2082
200
2495
1043
2158
1475
543
1643
381
722
1034
1128
1886
2204
333
1870
554
2456
1310
1887
1325
2404
2444
944
2427
552
2366
1556
1408
942
1160
624
1229
512
1360
1988
816
1099
127
1311
2348
1720
591
145
1239
2143
826
2027
1661
2140
849
2398
146
1558
590
2151
1624
955
2317
1122
1336
315
2333
2336
842
1608
417
1780
59
2384
115
169
748
2029
1262
1763
2492
619
1194
1633
102
1992
1906
228
2076
1604
2447
1137
1834
1579
1594
1544
2152
1017
1028
44
1858
1524
847
1694
2033
689
168
1711
924
1971
2338
704
28
190
1151
909
2117
1277
2040
413
1338
307
1045
477
1496
2282
2482
1069
218
785
1288
1286
2464
1289
2496
192
1729
70
2463
1683
243
988
1414
2088
1152
1844
1407
240
797
1470
364
550
2417
605
1879
2493
2013
141
410
205
298
1371
677
599
684
531
614
1891
2271
441
1671
717
1975
507
600
1237
1435
1760
457
460
173
1951
1161
1784
19
631
52
834
839
855
2474
2335
681
72
2061
782
473
2303
1173
2141
951
1753
1225
628
592
913
99
1184
2147
1602
1822
1946
1785
446
2488
1198
1156
269
1697
1331
912
702
2119
695
1752
385
771
1802
151
2373
667
191
837
994
239
88
1815
134
215
2148
673
579
2378
1337
2300
569
314
1301
1895
2011
2085
1995
1814
1868
1514
1973
2360
1473
481
802
1278
1555
865
274
1644
2207
1954
2030
1911
10
776
1512
1903
575
1878
2253
1293
175
1
1216
946
1615
75
903
2180
398
1824
355
1649
1774
1117
572
1982
2434
263
373
2259
1376
2026
1455
2208
1063
431
2295
1215
1541
2437
2330
896
1271
2136
430
1350
359
1674
2239
652
1928
540
162
1936
1060
2301
1442
1285
1016
2098
285
2123
325
984
1741
971
1466
1296
2243
225
1696
311
227
1978
1091
1626
2325
1172
2022
1001
2
927
2199
1707
2153
1947
818
160
1949
784
508
2005
27
991
94
2473
2489
1448
2190
668
124
727
1901
345
395
1806
1836
2431
320
286
2130
350
630
2471
2155
688
2368
1938
2094
1256
1789
1893
400
29
594
41
1208
195
1346
766
37
1241
2388
891
1187
928
2126
1359
2346
2184
338
214
1023
620
394
404
1134
184
1259
2441
2049
1985
82
1691
895
181
1924
154
297
1635
1731
1902
740
2159
1798
1807
980
2114
2394
1733
1520
1200
683
2430
74
1377
194
2156
742
5
1051
542
1839
318
2389
1014
2275
2166
1018
1795
1093
161
1015
2280
2073
943
1905
662
133
1957
2460
224
253
1366
1718
744
1695
998
476
989
1456
503
1983
2356
1052
1412
1647
868
1422
478
1701
1071
1682
284
1171
2019
401
2183
1381
2181
1343
452
527
1773
1961
764
106
1942
2291
910
1221
2107
618
902
2164
2279
841
1082
795
1384
2200
1423
1500
265
1894
1714
894
1449
193
1321
343
361
1061
1776
2214
374
465
538
327
2068
1722
1930
2101
294
371
2442
493
1586
1791
2212
2478
529
1757
781
1745
1549
1497
676
2014
728
234
1677
1472
367
682
1175
2424
644
1126
1592
1386
789
36
887
26
2157
1799
1501
661
525
1154
710
2312
708
1723
794
2470
322
670
387
1089
1750
1409
1486
2481
1939
2203
129
1294
1704
1207
840
2483
1132
884
1133
2074
1447
412
745
14
1199
2230
326
811
2273
486
1640
1135
2266
700
2032
1119
288
206
244
447
1427
2083
1464
2120
2228
189
2234
1986
163
1781
1972
1292
1742
1709
907
66
528
1044
2418
820
2079
165
936
2340
2182
339
1206
972
282
1966
2289
2050
1805
1933
2244
1164
341
1158
266
1783
1264
992
1598
1843
1483
87
2179
455
790
2411
1959
348
778
875
1307
2361
777
1969
68
1999
1994
2382
1488
1180
973
1952
665
334
1067
2038
1382
1383
1710
945
2118
680
110
2342
1765
2358
1348
2237
756
732
514
743
490
556
1866
1809
2028
1088
466
2262
1521
577
21
1233
1676
393
78
1686
147
1031
2090
2108
1719
2063
2198
621
2274
2480
1607
182
1529
1997
459
117
308
1297
2363
1227
1401
2277
616
2092
449
845
1867
916
2265
1996
485
1317
462
1405
987
1568
1065
375
1452
584
186
1740
1754
408
1857
1097
1543
249
615
643
1681
707
2116
633
876
2311
76
520
2357
2429
788
2122
2218
1159
450
1693
1125
17
799
1739
448
1257
1744
669
2329
1916
2309
2298
1356
749
687
86
827
1079
1413
779
1816
867
1341
551
1203
295
1094
1813
626
1840
2462
2467
2191
2264
1420
1842
800
2150
2003
675
1334
230
672
16
1557
2364
993
1280
859
22
304
1146
2127
312
1515
2446
1358
2299
889
2145
1871
255
769
2226
419
1538
1165
854
831
798
118
2056
1049
1917
2097
1248
71
1941
2137
1737
659
1041
330
555
2313
1819
1851
1013
1841
289
2008
378
1728
960
1921
1990
521
233
1329
836
39
1659
220
1639
564
1006
1708
833
1717
443
1650
1025
1494
1379
1438
821
2007
354
316
911
2408
426
2185
862
2341
2220
1481
932
1461
2491
303
428
612
1327
179
1899
2043
1790
2409
1852
2432
1441
642
2379
718
2012
365
1070
1372
23
952
532
627
2270
1485
1762
1059
54
2314
1396
1948
2393
2178
1625
1981
1150
1231
1542
1077
1998
1302
920
197
2066
497
533
1787
1670
1032
1591
254
1468
1425
1540
1919
204
203
211
1222
1564
1801
438
2310
716
112
216
1463
1860
474
1332
886
1068
126
411
1109
406
976
2422
73
1532
1974
15
2362
47
442
2173
1882
423
1900
562
901
440
83
949
2290
622
1258
1363
260
2206
2477
1716
2047
172
1536
1086
915
2350
1768
1145
1835
25
2395
2281
2285
61
1833
1400
1057
415
953
1444
2054
1498
1073
772
143
1623
270
751
2390
1859
1589
2052
53
685
377
1096
1552
765
721
1053
1980
2232
1628
1415
2132
223
235
2402
567
138
2387
898
1354
405
2391
595
2070
635
1458
2459
1085
42
136
402
1979
397
119
1940
90
1055
1037
1105
1143
2135
822
2121
2236
2149
2167
697
656
578
1630
2412
1084
1218
1883
1148
271
755
1960
471
342
1008
30
1322
2000
1855
79
904
843
1618
399
467
2328
1915
80
1347
1318
1153
1599
1224
1669
1431
2268
1190
1950
35
18
388
56
1571
2433
646
403
2258
1254
654
1715
1436
2115
380
1580
1149
585
1011
1312
986
2177
293
872
2288
92
2326
2296
580
2160
241
746
1970
2055
2306
2242
1527
273
259
1434
853
829
2169
754
1653
1421
2099
290
1864
77
1652
2240
1398
518
1453
1393
1808
969
1767
649
899
1163
2133
678
383
97
491
1873
650
863
1047
1162
581
1118
1192
2465
267
812
384
2445
1131
1611
379
2286
261
275
2111
1385
207
1499
1110
513
1050
2217
1380
1046
1196
1912
209
1508
1240
1800
1204
458
1792
1124
653
1246
985
1357
1567
825
2307
641
1081
636
632
2172
1033
1621
1724
1778
2440
425
851
256
558
1487
1078
1920
736
999
1931
2334
1782
2374
1747
576
753
1645
1120
963
171
1342
1830
2062
866
2352
2046
1517
1688
770
2170
852
1004
657
84
12
934
187
439
504
2349
813
494
226
573
638
498
856
1689
2396
958
2134
545
737
453
1428
1361
1654
280
1478
60
1394
472
1390
2256
264
276
1636
639
775
598
250
566
416
1495
1320
196
1749
881
1002
1820
7
1955
2105
2125
1474
1797
1945
1699
586
2454
1530
921
1596
482
1100
1666
258
1268
923
1861
2260
1460
418
2487
109
2231
1837
874
806
1687
1035
1291
938
1489
869
762
1764
1314
386
510
120
262
964
1433
714
156
860
625
1469
848
1290
1457
715
1811
1242
2385
248
1685
1690
962
1561
609
2015
337
1872
2443
1863
2425
252
1550
694
2375
1114
801
414
231
479
919
2319
1042
229
2452
2010
2272
838
1660
729
1929
164
2365
454
1238
883
1155
1368
1673
499
1554
1601
1756
651
1226
2355
1651
2486
1056
1166
2193
427
1395
183
1253
1927
50
1534
202
691
1454
2146
1115
174
506
1838
2227
2343
2009
935
1712
2021
2453
824
583
357
655
679
933
2308
2042
1926
1353
496
495
844
300
1367
523
1932
1169
1746
861
2351
701
1631
1010
396
272
346
2087
1263
1005
1993
291
1516
2324
2347
879
965
541
2004
589
1450
1136
703
1212
2057
132
125
1748
487
11
2414
1141
2067
461
85
1210
232
565
882
809
1964
148
123
686
2113
2367
2321
1205
713
1892
1388
1492
287
1563
2263
2449
1627
1340
1211
2093
1613
1937
1585
1378
65
1219
2250
1829
814
2376
1130
55
324
2241
1698
422
213
2331
925
2222
2163
2405
2188
2106
2339
505
519
1890
1178
2213
603
1825
2276
468
100
1898
153
1642
1123
810
1000
873
306
1655
1391
1260
64
2400
366
758
2354
2131
536
372
121
983
1779
1300
1847
2359
152
1889
1662
2257
2142
445
817
2439
858
1638
1832
734
2252
1845
2124
699
40
1684
1039
1547
356
344
1888
1672
975
967
107
2165
332
1510
2069
2154
1553
1108
1880
961
33
2091
451
1617
1181
623
546
370
1953
706
730
1751
1098
1862
1658
1402
724
309
674
2248
1345
2024
8
328
1678
1282
2041
906
1545
158
2484
1027
108
1539
1313
305
828
2458
517
1352
929
323
1775
2161
1663
349
1243
1869
1369
1230
1578
34
1593
1573
62
997
2455
1083
1299
268
1189
1279
246
1634
444
1197
1029
180
606
1977
1537
509
760
1009
368
432
49
2337
198
480
488
32
2002
1276
516
114
1273
1319
2081
1876
864
2171
870
2045
2415
1214
647
1865
140
2196
1612
1406
2380
1577
2144
1326
2095
1614
1734
1884
1480
1703
1482
660
105
1228
2223
1622
1036
2497
2490
2064
1339
830
823
1769
1606
2168
1426
1732
1467
2323
1365
2353
1609
1597
1727
2249
2128
1281
1484
693
43
2044
2476
709
1202
489
360
2048
738
878
352
850
1853
671
281
752
2224
1418
2254
1220
2332
666
363
723
2187
1236
2247
1370
176
1962
1706
1176
483
2086
1493
111
222
1519
1641
948
1620
1897
340
1935
96
389
1574
918
2023
979
1909
2406
2261
807
959
968
1583
1429
1328
1330
2025
2060
63
1303
238
1167
553
1726
1477
2287
185
178
93
1918
759
560
2457
1525
2245
2423
1788
45
155
544
208
773
2017
436
1306
549
390
1267
391
747
2475
1934
2370
1766
2039
515
548
1476
2139
1794
1451
1038
1249
38
2448
1502
2381
1854
846
2084
166
1976
914
1179
559
2436
725
95
1965
1373
301
492
310
610
2162
761
2202
2129
877
1446
1021
582
2072
201
1411
557
526
221
1665
511
150
24
81
982
832
607
9
1437
1848
1177
1419
1849
922
640
2174
1054
1106
696
880
2451
808
1584
46
1831
2469
629
1507
1195
1351
283
2001
1828
1374
435
157
783
2051
2238
319
1963
1770
2401
1987
2175
1355
547
236
1575
1074
1255
1679
524
113
1459
1758
956
1925
1445
2195
720
796
2192
1804
1793
1603
1270
1605
1174
2035
1471
2210
974
2407
336
1107
3
1772
1559
251
501
2420
1668
819
888
1112
2392
302
1572
500
1392
277
634
664
597
358
1026
966
1637
2278
1104
1505
1462
2034
1465
1513
1252
2438
1439
2450
1387
1316
1896
1632
791
177
1283
2201
137
1247
1875
1403
750
362
98
1817
321
1826
1827
237
568
1595
128
1910
51
601
317
1102
1944
369
159
900
392
1191
2221
2235
1761
692
1305
893
1138
1759
2428
2294
530
1323
930
2103
1565
2197
2216
1730
1308
658
331
2219
561
1404
199
990
563
1646
1923
2383
353
2109
1680
2397
1582
1667
407
20
1170
1235
947
1424
1610
2320
1522
149
2322
1066
279
2031
1389
1812
116
767
792
1062
210
48
1504
1375
464
1648
593
1562
1581
2315
2269
1217
954
885
2053
805
534
1528
571
2369
2104
242
1738
217
292
587
1364
1265
793
1881
1908
1548
978
2194
1183
1657
2006
981
2089
645
409
1725
1700
122
1675
167
1803
376
456
1518
1072
1333
1656
2251
1188
2297
2416
1284
1735
1991
937
257
596
1003
763
2498
2016
130
1007
1850
1570
1968
188
1856
1397
58
0
1967
535
970
2065
421
2344
329
1309
2267
1139
475
1823
741
608
1251
1058
712
1479
996
1874
1664
313
170
13
67
2403
739
212
1984
2472
1430
502
1193
1692
637
1140
1531
1012
484
698
804
539
2080
135
1490
1588
1736
1958
1440
2293
719
2036
2102
926
711
245
2494
1560
1076
2189
131
2316
2112
780
1410
1721
1274
1600
437
1064
835
335
2479
1223
1213
1048
690
57
1349
6
2246
2461
1526
1629
1535
1298
604
2225
101
1796
522
1287
2077
1743
247
1619
803
1121
2075
2071
1234
1904
2209
731
1095
1399
1157
142
1533
2110
1914
1913
469
1777
774
1127
278
2176
757
1335
574
611
1702
463
2419
89
2078
2386
1818
1080
2096
2283
1250
1185
1245
2410
892
2284
1101
1040
2377
2372
957
537
1129
1275
424
1186
1103
1566
897
1090
2466
2345
1491
69
890
2233
1846
4
2059
1182
1209
2302
1576
2020
1546
104
617
768
1147
2138
1523
1269
602
1272
470
2304
144
1113
2205
1922
1261
663
1075
103
429
1324
420
1506
613
1416
219
705
735
931
1417
2421
1020
939
857
917
1810
1569
1432
299
1295
2100
588
2426
1755
433
1443
815
1244
31
2018
1344
1030
1144
1590
139
1019
1116
1304
940
1111
950
1551
