976
1164
849
996
966
1336
1179
1251
484
574
1089
1306
714
1083
631
1007
906
268
1347
1013
865
341
757
503
870
634
888
68
138
1334
545
263
814
1029
250
6
1116
622
271
498
1234
612
1289
627
1051
768
745
369
1373
800
1115
679
26
382
1187
668
1280
1023
818
1387
349
409
1249
76
277
971
1156
120
1149
194
874
265
577
1174
1323
1104
225
547
172
1345
698
792
1167
388
487
389
987
1350
1202
1328
97
752
778
1327
460
1035
329
765
318
1080
624
1203
767
22
162
391
699
1188
1365
479
696
390
1285
315
436
339
594
359
240
1223
143
183
1063
1124
1143
270
257
323
931
241
1208
859
1093
687
495
468
1032
1042
1108
681
4
891
917
426
1165
1337
1183
893
1287
525
1185
1236
381
266
440
1059
590
101
1256
825
1172
134
1111
386
160
1091
275
771
176
1195
1224
725
926
1079
748
1132
452
1380
787
340
1168
629
693
670
858
980
1270
233
1246
939
1314
206
40
370
1186
1297
956
576
1240
826
1064
1012
1123
529
683
65
508
1041
1081
35
231
1138
712
1027
1204
43
1062
348
423
1028
1275
343
1368
236
330
1226
770
1074
291
1232
1141
946
735
178
840
247
660
151
915
662
1157
361
256
1269
47
1190
85
598
1375
368
1341
896
284
396
744
1325
524
305
1339
1171
788
607
534
701
364
481
1015
90
1137
656
1094
766
1271
499
889
1057
1201
1109
326
979
435
491
254
186
904
570
1036
1322
1043
1033
71
1342
1315
450
414
1220
1304
1120
1367
625
209
310
1073
1065
338
1233
311
764
1039
538
1160
599
140
313
494
558
801
913
1295
848
635
729
345
347
844
42
110
943
1213
1102
819
1031
432
374
1002
824
1154
482
965
1052
198
890
480
1177
41
918
298
15
205
9
211
1205
470
1282
869
786
936
873
152
1340
308
950
63
490
1046
1286
1273
644
342
325
1024
1326
1206
671
1389
640
1272
1398
522
438
854
763
402
1284
362
919
439
467
81
673
1150
989
52
690
27
447
1370
453
868
546
282
1147
1393
924
75
1076
1119
72
637
497
1353
129
1048
1066
746
841
654
933
937
128
959
910
184
108
302
697
1376
887
584
985
964
812
905
66
730
920
1136
573
1095
564
1231
941
299
863
1405
742
1189
861
244
477
1047
1152
1139
58
472
1130
803
682
506
383
334
911
846
1133
535
434
411
678
32
161
190
610
642
560
1331
96
154
464
288
984
806
517
486
717
379
1016
945
358
789
87
321
1313
1351
1001
721
360
1400
1107
1071
193
1009
280
659
454
816
827
1060
692
639
1248
1352
243
139
650
118
316
707
754
112
1159
677
561
1274
332
159
465
1238
663
1049
675
1408
756
1343
19
593
320
25
527
563
809
94
907
1101
960
718
466
1379
505
1317
850
999
351
543
898
804
643
834
708
1242
927
828
1140
437
456
336
1067
509
799
796
1262
48
226
327
550
734
691
1312
279
556
1397
1222
149
416
492
188
1045
618
751
568
405
163
516
1230
50
1131
295
62
333
658
1396
829
319
602
1044
591
774
1004
962
518
1394
732
1087
605
1374
1090
665
993
122
883
444
938
784
301
899
1211
415
461
199
357
1114
1055
1329
790
169
141
255
1316
894
1372
1276
879
957
947
267
167
977
1169
1384
7
1354
1260
1030
954
636
710
441
740
542
421
307
350
1252
685
147
476
912
886
181
875
823
1170
232
934
430
1228
408
1000
695
836
103
410
565
1014
398
125
1225
293
958
31
133
1098
458
1264
1255
3
215
1153
115
1385
747
572
269
356
587
153
1358
384
204
1018
1103
655
1227
229
994
1399
89
197
1127
578
246
1008
1010
1321
95
689
1388
783
992
10
779
916
782
260
1003
1085
551
664
963
376
1338
1192
1072
375
851
337
519
902
513
1392
74
352
603
1244
925
871
1259
566
1401
928
303
276
1209
515
1355
781
258
986
1
168
1320
520
189
77
283
377
1058
1406
1196
422
24
845
1245
666
248
541
724
1361
1217
738
114
676
365
1038
575
795
930
982
29
700
523
235
1257
1303
855
1290
810
86
227
455
581
216
98
1319
948
397
785
881
626
1110
1037
119
1088
1288
144
653
988
582
646
1300
1292
1078
59
554
1006
187
1050
531
1307
862
961
737
1005
820
11
944
609
292
179
252
866
1335
1268
1106
702
1144
704
1221
1200
294
392
1193
791
975
185
932
510
872
621
923
1100
136
173
1263
127
839
1266
504
972
1182
135
1134
583
88
1176
1283
838
1075
521
601
641
741
694
579
1348
13
750
132
23
38
1125
17
1129
91
33
124
230
1279
287
1258
61
970
1096
667
628
354
619
463
553
1216
126
5
815
1218
78
328
733
909
974
978
1332
395
1366
882
608
630
1349
613
1070
262
569
400
346
973
595
53
446
901
156
1229
727
981
539
1117
1310
70
1025
942
51
49
502
1112
1371
102
12
1333
1278
131
419
749
632
711
1402
261
331
157
1199
182
462
93
880
21
171
200
57
1302
1281
511
0
589
306
1034
429
616
1148
1356
822
739
73
404
557
1378
107
150
885
1291
802
951
929
1082
478
1311
922
142
967
427
425
1293
281
251
798
473
705
777
213
443
895
1382
39
719
549
1084
148
449
623
403
762
237
606
680
335
720
1324
1362
1267
805
847
158
387
1381
813
649
897
238
562
445
1301
285
908
373
223
580
1118
413
457
1128
661
1377
830
638
485
1363
18
526
1296
483
286
249
672
1175
84
514
218
380
604
121
104
67
536
600
469
884
775
995
1173
34
1040
44
177
1194
1113
1086
614
212
1068
674
1277
417
647
755
1069
371
297
69
242
1261
586
253
1265
394
399
793
314
1247
997
367
703
239
935
500
14
322
780
808
831
794
759
1126
289
921
1054
657
451
736
99
648
201
501
324
433
363
860
864
1407
219
1212
684
16
272
196
208
296
309
1178
633
1360
530
278
46
1359
537
1161
1207
852
474
552
202
424
174
45
837
1022
100
1181
772
544
1020
1243
807
1219
109
1197
1357
669
1369
856
80
1215
688
214
312
1404
1021
773
378
217
540
1390
776
571
760
8
393
1121
867
111
83
1298
892
1318
55
203
1166
900
175
716
459
1309
817
36
645
597
273
713
968
1180
1214
833
1105
264
1026
366
207
37
878
442
835
686
1077
620
1391
952
1158
758
588
1198
1210
82
224
715
596
903
28
567
192
493
164
195
1237
753
532
555
259
92
743
1346
842
1099
1019
615
949
1254
1092
145
401
617
20
344
983
1122
1155
431
877
1145
914
475
1146
407
420
418
1364
1011
221
274
234
731
991
1386
969
1299
1053
137
1383
106
2
797
385
355
507
1294
726
955
300
428
843
448
60
1056
79
1061
1163
56
559
220
1142
1308
471
761
1191
1250
130
811
228
30
222
998
821
180
709
533
652
853
406
353
210
245
1253
940
706
317
166
953
857
548
155
723
412
651
728
372
191
990
489
1395
117
1135
1241
170
611
832
528
123
592
496
1235
1162
1097
116
1330
1017
146
165
585
512
488
1344
769
1184
1239
304
1403
105
54
64
722
1305
1151
290
876
113
