621
2336
1537
896
1964
292
556
180
1250
1603
809
2063
665
317
1491
1479
731
803
1109
1917
1189
1907
1951
1467
2482
1276
2206
494
1832
1859
2105
2319
754
434
1172
985
384
897
464
1629
2144
1203
1038
1564
593
1529
1146
76
1285
603
1239
1104
1719
1242
1065
2039
2369
394
1092
179
1338
1028
1177
983
1216
2095
15
1851
215
771
2194
902
1263
1457
2019
1587
1074
490
2288
1295
1910
1668
1670
2370
423
2143
1877
2170
552
842
1979
2174
670
1471
1019
194
899
1545
1819
2213
952
168
977
1337
554
1838
825
294
1476
204
1739
1433
469
2202
428
2237
1231
2469
281
37
991
1383
456
993
1641
2195
363
1915
226
1827
688
1966
336
817
2257
2363
33
2352
2150
1006
409
2478
1960
248
1179
1712
262
2205
118
2283
2320
979
1121
2214
1566
452
1453
436
1103
2351
637
680
1148
1464
1070
702
333
575
863
1804
2243
2154
340
1711
485
2133
718
1999
824
496
53
2071
2342
1918
1805
1788
2411
799
142
591
1024
1831
2043
887
427
1093
2000
177
2379
815
1730
1700
1516
1688
175
361
1335
115
472
2471
1517
2098
100
800
398
1854
1634
231
708
1543
277
1354
80
822
2431
2208
2329
25
6
69
301
448
1033
1904
2180
778
2162
1485
163
1619
1063
11
1380
1841
974
674
1186
711
2177
116
2434
1822
1208
2463
1861
360
2090
927
1090
36
2339
1669
1974
1873
1962
1837
2145
295
1310
1198
2034
1229
2467
2116
725
367
1140
298
359
1627
1573
2156
241
240
1532
2307
650
567
2457
181
237
1890
73
2314
844
2020
528
787
1486
1040
936
2135
1618
1897
2276
1424
686
1850
2258
2141
2410
696
2266
1106
1436
2160
2380
648
1735
1955
498
1206
232
1510
2296
489
698
619
609
172
468
1763
2058
724
701
338
97
2051
1968
2488
1440
2418
120
1946
768
716
517
1034
1370
62
1816
706
2493
2327
2344
26
137
1376
1891
1346
1718
1224
623
622
913
636
2316
1798
1274
1432
804
1225
2151
861
940
543
2333
961
951
808
1461
1571
2172
2125
131
1594
1811
1183
318
1631
1577
1046
987
283
710
1685
1334
1107
775
1199
1762
59
845
1201
641
1425
2315
2234
2419
840
1721
326
1585
1455
46
354
39
1426
2403
1422
107
727
1878
481
2134
2366
523
2147
1622
749
1305
563
2192
846
1672
691
1204
98
1657
2438
668
1237
306
2452
77
948
233
1678
467
918
859
2313
323
895
1793
1303
1011
955
1749
656
1341
38
1807
1796
580
1450
479
243
776
1691
1101
914
2281
443
1716
1400
1252
1265
2371
2318
904
140
2487
2466
1599
806
856
2449
1584
547
989
829
1317
2458
376
1998
1522
1466
761
1902
614
1686
102
1508
884
2103
1675
2117
1062
893
2212
424
2014
85
1921
1928
234
209
1602
772
942
1963
1326
2078
2498
2354
254
2252
969
901
719
855
971
705
111
1647
1056
1316
147
1181
84
1926
2153
293
2384
925
1496
2340
1187
935
249
2422
988
134
503
758
1173
255
1222
1557
1745
246
439
1715
751
2189
149
1368
1253
852
105
199
364
1359
2166
1696
289
2026
61
1407
1213
2402
2155
932
1561
1856
212
919
20
1275
387
1638
2036
530
562
671
2389
2074
2217
1120
1448
274
441
1437
618
628
2037
2041
1356
565
1794
910
1165
2437
964
1152
509
2374
220
1667
1235
970
1381
615
1750
519
1347
1477
1589
981
7
1091
729
1752
1659
2240
291
1421
2062
2008
161
1072
1468
1360
1813
1800
1128
1494
1170
1249
132
997
268
2450
41
1975
571
28
1774
2409
1738
876
269
1575
848
598
1945
1942
625
2395
504
1989
1823
1682
386
1087
2268
2408
1556
786
2356
1996
2159
1353
1210
13
166
2110
2068
1777
1409
1744
934
604
296
1118
1325
1085
1445
2161
2439
1895
978
1214
1842
878
1505
1655
1601
595
1866
2413
714
1290
2231
992
2448
1944
722
1950
2359
1403
461
1860
2250
2483
921
325
1934
247
422
857
2357
1704
2275
35
2136
1032
2178
230
82
1255
1643
578
2173
459
737
1217
2050
629
213
455
707
1071
2171
2053
171
2060
378
1605
640
1013
1315
352
203
1197
2461
1825
49
589
2472
2040
1567
273
1518
2070
559
1442
823
2031
1940
599
92
1048
1958
2146
1489
2220
652
1329
1937
1994
1661
1900
275
1609
259
1821
627
1797
1572
471
2148
1692
2064
1332
462
47
1855
1163
781
836
1621
2004
430
185
924
570
869
1660
2387
1814
2118
476
1260
2255
1331
1194
1920
2055
875
55
1031
2348
1328
1817
582
632
561
2139
616
64
2109
208
558
634
553
1228
1593
1828
2453
1523
1758
1509
1296
1513
996
1279
544
661
404
2193
1266
2056
313
2367
2372
1396
579
31
2341
1499
1387
1010
1027
250
429
1547
1002
267
2028
1159
2233
2267
2232
2375
136
2085
2454
191
966
350
1702
1640
186
1395
328
577
1435
2433
2030
187
1982
742
2420
1502
2254
2362
2067
270
2442
789
1530
1
1727
2421
747
1243
1562
555
486
1552
1922
1131
2112
2271
1943
890
1710
1990
930
2400
488
329
889
2272
2188
1576
2132
1916
2337
1806
78
1102
1258
493
1248
2224
1791
841
516
2364
2128
1059
43
1017
1463
2179
954
1986
831
2163
1182
110
2119
738
574
1373
2017
891
1871
888
2405
1751
1371
202
2164
2015
1588
1785
2259
1150
2455
90
811
792
1947
2444
566
2225
122
1586
1049
2464
146
2443
458
2186
1389
1490
1606
1630
2479
151
1221
1984
1105
1211
460
1155
71
2490
252
235
1191
1681
1185
513
568
937
435
2079
663
2429
2211
819
103
1909
2113
581
1865
1220
1301
297
2083
1241
284
158
470
370
2338
521
1708
903
814
228
2089
395
1398
2397
745
894
2414
127
647
2383
344
1889
349
1169
1839
266
576
793
1125
820
1304
2350
1088
1724
658
1039
741
1881
1671
219
299
1089
2175
2304
1100
783
682
1650
1888
721
1130
1302
14
1174
690
1843
369
947
2491
620
1809
1666
2157
605
357
1230
587
911
1684
1789
660
669
225
1405
1018
315
2480
362
2045
699
229
207
1423
1742
2326
198
870
1737
1323
1319
1269
1849
2140
480
2373
1343
2086
453
1321
2131
588
379
1294
206
1286
1367
278
2006
1291
1129
201
1342
797
1981
879
1733
635
1620
1642
1932
1055
687
717
1330
1726
1012
1254
679
253
2425
265
438
1698
285
128
339
1635
1919
2221
883
1969
1695
261
1262
1292
767
507
586
1289
1664
1776
541
96
1196
944
695
1487
1526
1521
412
1663
1144
79
1756
2005
1970
849
1035
868
1858
2076
189
1977
1949
1632
1003
1503
210
1366
1299
457
1193
1579
1653
1215
160
2334
1061
1690
1592
119
1536
1408
2289
419
907
483
736
157
2323
302
218
1786
366
572
106
1614
1676
418
139
2209
303
2167
1553
1597
1026
1135
2198
2115
1506
2345
2042
1830
1441
929
960
2038
1044
1769
264
355
700
600
1876
8
726
639
812
60
1058
1162
2091
3
1375
2081
2427
657
750
410
1833
1980
1714
101
2328
1066
1549
2424
446
1665
2242
401
2385
2396
1138
433
257
1209
279
769
2182
2286
164
244
22
1544
2210
473
342
777
1060
1701
1965
2007
1401
48
748
916
1524
311
1654
920
1164
2445
1414
2249
746
864
222
2121
1699
351
407
2066
1456
312
675
2052
1234
245
1095
2012
2075
1015
1000
1624
1967
1460
1626
12
2324
2399
1959
1041
1649
1844
1772
624
1840
1175
1142
390
953
866
2191
1870
415
9
2247
1713
1078
2486
1987
853
584
847
1364
1651
286
2492
1322
1728
794
1430
113
2265
2230
2235
406
1339
1067
939
34
2010
300
1472
752
1677
67
258
2142
676
1568
104
1352
99
2106
1995
2245
760
709
75
451
850
374
788
195
633
986
2416
2293
2406
2108
1790
217
173
200
1340
926
29
1720
684
2377
1885
353
1358
1759
497
2332
759
1123
1429
2325
1406
683
774
408
1863
1740
2102
813
2129
1625
143
1009
1874
150
1318
1384
1097
1137
30
1908
2114
511
536
810
2084
1361
1077
1802
2001
1443
735
606
1247
156
320
411
1515
1639
2428
42
1192
1901
1546
1115
1372
1617
2082
1096
2207
839
365
2494
2346
1707
1043
757
1127
2100
2011
2239
1580
2176
2013
2294
205
560
330
1444
1925
348
1973
2343
305
1086
2101
1126
1504
1273
1081
1391
2299
1780
1636
1771
1446
1754
860
510
188
880
1257
1149
968
1648
1783
2023
1905
2092
2024
1894
272
1784
1495
502
130
1723
984
1725
45
1991
1875
1200
216
341
518
288
1256
962
21
1386
2097
2149
1020
862
1307
1869
95
223
1483
1781
694
86
2355
444
1538
2072
1094
17
590
1574
2138
52
227
608
2032
2035
2184
1845
399
2260
2123
1694
19
1267
1134
692
5
886
2496
2073
1731
2279
2270
1184
135
2390
1757
1481
2295
755
2417
1997
167
393
1053
1835
165
756
197
976
1766
2330
1281
2088
440
1852
762
1590
1469
941
1765
1826
1238
1124
1117
314
1345
193
1628
1560
990
2497
343
912
2201
2126
1251
877
557
1418
1911
403
1662
1202
2474
2465
2219
402
998
2183
1470
1160
973
211
1313
2412
524
159
2216
662
938
905
2002
1030
642
1236
542
2158
1333
1438
2228
867
2331
1108
2069
1637
1111
2489
537
1052
2435
1687
2365
2277
1161
1473
2423
2317
501
2200
2303
900
540
1270
1007
1278
2120
260
1559
780
2404
478
1133
1451
170
1551
129
263
1434
664
995
1550
492
89
982
740
1233
420
1607
1633
182
2462
282
2290
2473
1848
1933
1623
922
236
506
1156
1880
2021
548
743
2187
1795
432
838
1153
617
1941
1616
1867
1385
1952
1054
1474
176
834
1542
1993
1531
928
1857
2485
1864
385
733
832
704
1306
1747
2197
112
2029
183
1413
324
681
1948
2300
125
1956
1350
184
466
2104
2376
821
2322
1378
1924
368
1862
784
70
1374
798
1151
874
1957
828
1311
1582
1693
2460
596
546
1050
445
1158
892
1954
242
677
1277
1431
1284
2335
310
2215
1555
2309
169
1327
1834
1073
795
1528
2274
1004
2398
449
375
16
1770
1084
1683
2261
1428
1261
2484
1226
50
442
801
416
1098
611
1604
765
2204
2321
2391
728
965
854
381
2018
2451
1264
1420
27
1365
851
2003
1245
1320
613
1168
730
1397
956
837
1899
221
447
1288
1976
2447
1344
1458
400
1272
763
2054
2080
2168
251
1803
1722
256
649
66
1427
2025
2256
32
2470
1369
2238
949
377
2287
673
2349
1539
2046
1348
785
65
583
1598
2022
885
1388
782
1736
2284
2477
1961
915
121
1548
1787
1016
2137
1868
397
1914
2027
1846
1099
1927
94
1478
1287
1349
23
239
2360
872
533
138
1541
672
1023
2169
515
638
1893
2393
950
153
802
1492
2382
1887
1872
678
2426
522
1935
551
514
389
773
1390
2127
1923
1953
653
1810
1938
1363
2312
626
484
2353
720
1511
796
371
280
734
549
1768
18
1500
744
1029
2481
2381
1512
2190
539
308
0
1488
56
144
1021
1501
723
2196
421
2077
307
858
2251
1514
1527
1047
417
959
1705
1036
943
10
1674
659
154
1820
2430
1154
610
505
1595
1646
1068
1812
413
2033
4
391
335
431
40
643
155
923
1596
2218
1377
1570
2264
1608
1419
933
1022
1746
963
1113
491
1808
2096
1116
1355
1246
1357
2229
2124
2440
1051
2475
1382
882
1741
569
826
967
2016
426
1734
2165
1219
830
347
396
651
2273
1143
1658
500
1482
909
531
2310
1166
83
1824
72
1903
2441
1583
535
715
1679
2048
1748
2280
2394
2278
1533
644
2407
337
1402
592
753
74
178
1645
654
2065
238
2436
697
88
1195
1362
1404
1992
594
612
601
945
1180
1309
2401
1612
1753
322
331
2057
917
1079
1379
525
2093
475
818
2311
2059
999
1190
1829
1615
1792
597
1410
1732
1207
2107
739
602
124
190
1223
1454
2248
1936
2285
1042
1644
450
1898
2061
564
630
1611
108
1656
881
1110
1853
805
1540
1498
689
2297
1205
898
2378
332
835
1240
1673
1717
2301
1484
508
346
1167
114
145
2262
871
1312
1507
529
1480
2358
1600
214
2122
1767
2282
196
1818
816
1394
358
1988
2087
321
1399
1760
1497
1581
1271
946
1244
437
2241
405
2199
1069
779
1057
1558
1912
843
380
1280
1114
1755
1314
1122
54
1879
1083
1591
1392
1045
2456
958
2227
1525
477
2292
685
931
44
1324
975
1112
2392
1132
2047
383
93
1336
573
1775
1896
1778
133
2298
1782
316
109
585
906
1212
2476
356
1652
1080
534
2302
1282
304
2306
309
2
1136
463
520
1178
2415
1610
1188
1779
790
1227
1554
1743
162
1535
2099
1847
1449
1416
1913
454
2263
1452
1761
1147
2111
276
1971
1706
2246
2094
545
1465
1929
1297
2361
126
1978
2253
732
1565
1983
152
527
1283
1351
382
667
1563
482
1462
1176
1082
1415
1014
2203
63
807
766
1298
487
980
91
2495
833
1157
2226
2185
764
1815
1578
1218
372
141
327
290
24
388
1931
465
1836
2244
123
1906
994
1417
512
1801
373
532
1493
1412
58
1520
2388
51
646
550
873
2130
908
1703
117
1709
1613
1005
713
703
1886
645
1232
1119
287
224
2368
1680
425
538
712
87
1939
526
474
68
693
2049
1001
1268
148
192
1308
2432
2222
392
1689
2459
666
2236
1075
2223
607
334
1076
1300
1892
2386
1985
1930
1884
655
271
2009
495
1534
957
2446
1293
1697
2308
319
1439
770
2468
2181
1519
57
1145
631
1259
2291
1459
345
2305
499
1141
1475
81
1729
1171
174
865
1799
1393
2269
1037
414
1883
1411
1773
1139
1025
2347
1764
791
1008
972
1569
2152
1972
2044
827
1882
1064
1447
