7440
3656
4966
513
2005
1644
7533
5526
1958
4709
4731
3600
6390
4117
5243
2139
3178
4242
3126
639
2230
981
2629
2564
3804
2782
7596
1849
4560
626
6645
6261
3606
7341
7280
1105
1404
7591
4955
1313
7324
1495
5583
3041
6679
276
4124
4996
4761
1529
6483
1219
1415
4914
5952
5166
7617
7432
2621
2637
114
3067
1733
3495
4539
5134
7218
6009
3448
1228
1169
5567
6510
4541
6945
5080
2376
2721
6517
7114
568
2381
3699
5517
6209
7426
6292
1949
6358
5097
7503
5791
1965
3528
2765
2243
5020
2634
3484
2516
807
4729
5704
1374
7135
1242
2226
516
1715
5930
6641
5766
3469
2774
1512
5865
635
6388
3858
2060
7104
5810
2675
5416
2174
3569
3680
5167
3468
2775
3063
3950
4809
6325
1300
3024
2238
4700
6596
5899
806
3010
3897
3783
5065
2071
5324
5396
3951
5327
396
2307
1844
2859
6876
1039
6259
5022
3638
7130
775
1901
2180
3614
4612
1426
2691
6531
389
4880
4287
6749
1906
296
4275
3247
7239
1056
4366
852
4616
5350
5286
6982
4941
942
1010
3673
6327
7296
3809
1581
3802
3982
3749
5468
4610
6467
1601
3956
6723
3702
1050
4318
4162
1213
4004
5475
2836
7115
7553
6804
1745
6579
2112
5306
346
446
7628
6175
6485
786
1812
6777
3419
6950
1789
5604
6257
3226
5448
7312
6718
1301
5479
6058
1805
6200
1489
7084
3862
3765
2025
1206
1084
5757
1365
5924
6977
2048
7087
3121
7120
5250
3585
7356
7688
6252
6329
2964
2996
5437
2092
5845
2142
1845
4067
2227
7021
3520
5555
6970
2481
792
5315
4492
2207
3841
3548
3506
6127
801
254
2863
819
7462
85
1566
1290
4686
3682
4384
1201
2625
3254
2473
607
5552
3974
4028
4901
663
3218
5492
3460
7544
1395
2670
5772
2768
7194
5249
2229
4223
3251
7275
7295
5566
5025
3037
6016
3516
6108
4084
2342
6883
7040
430
3551
7562
3557
7075
5788
5129
5688
107
78
6987
3023
7319
355
4846
711
6816
4044
4216
4094
4997
2123
1351
646
5629
7439
6382
6535
1035
3992
2272
4437
4631
4804
5901
2239
1394
1659
5730
4734
2050
24
868
2154
890
3626
5156
7117
7435
2297
6415
7547
3676
4037
7141
1939
5996
6618
2479
2051
5957
1480
6152
1210
3840
2886
405
6276
426
5228
3250
348
834
7093
3350
5263
3266
2777
2149
2757
4946
3615
189
16
4386
2983
2812
6553
7643
1409
5530
6957
751
2377
4030
3032
3172
501
2726
3368
2523
7517
765
5743
1075
6110
1636
5425
7139
4370
4807
6318
5082
1653
7676
1637
5208
7342
7681
4555
482
6975
4591
4346
7322
1584
3264
3095
1038
935
4157
1682
2640
4266
3153
7609
1302
1997
7667
1508
6112
1729
927
6773
1504
199
7507
7682
2009
3847
1713
154
3053
1281
4495
3116
5053
6282
6452
4824
7367
884
5485
1878
111
77
875
358
3730
4637
4582
1231
7524
5831
603
3658
4740
4711
4182
2930
4414
3224
1978
7335
200
2877
2284
2885
1270
3035
5361
5388
5685
2426
6193
6076
6323
4121
4435
4672
4325
4283
3813
4651
6150
3773
5417
7187
3394
583
6721
15
6961
2795
2918
4650
67
5513
7082
5435
815
7033
7343
93
934
3064
5857
7254
2679
305
6859
2769
683
6384
5669
5366
1892
7300
3123
3887
7262
2901
5434
5021
2208
2554
918
3925
344
4500
7612
4204
4479
3889
1638
2194
4673
4821
6256
4043
3280
2544
2628
7345
439
6369
3853
5218
7572
6833
1801
3856
6793
6604
1987
4335
333
2712
2288
1716
4372
4778
991
1412
2689
1037
2067
5750
6163
4083
4774
3580
5027
1980
7210
2368
725
6090
6770
662
3733
1642
3017
6411
4255
2985
6652
2456
6915
4789
2397
1900
7605
5339
2595
6205
6847
5701
2744
491
6814
6086
2807
2594
7097
1669
261
4144
6536
3259
5605
984
1306
4786
4546
6794
2244
1692
2283
1418
7333
5191
816
4514
1992
3946
5714
7278
6493
5079
7561
345
4185
1102
4354
858
4238
60
7549
1046
1672
2899
4843
1111
481
4310
3659
3199
2108
7057
2601
3933
5697
6045
7291
6387
4760
1163
4887
3786
2604
818
3609
5057
5428
3072
5106
5273
2359
6541
6026
866
3717
4481
3013
4338
5570
2662
3058
2332
2520
277
4979
2401
3438
112
5177
1693
598
5539
708
4905
1570
6837
7645
6149
6739
6049
2269
5481
6782
4913
5536
3969
1261
6691
1338
4779
943
2259
6432
1796
3377
5547
7536
1665
6550
5126
5283
5347
5236
6992
4849
3367
697
3033
5532
3345
5504
6446
7499
7109
3301
3357
7077
1218
7460
4167
4215
6043
3714
4830
5450
423
3550
7402
4246
1086
4692
6040
2446
4045
6165
4106
1207
5151
6522
6557
4614
2264
1639
4432
4858
4088
5961
7700
5196
4071
4202
7620
7437
3741
1192
4347
906
5980
6556
2442
2449
130
6967
1122
1982
4399
2370
4450
616
3418
6972
3007
3832
5835
4427
4605
5466
6960
1525
911
1349
5800
7279
6802
7580
6755
2424
5756
3971
2407
4837
5710
6297
1057
6484
56
3397
1031
364
2352
4276
3747
2084
790
4975
1467
1132
1628
1726
2937
3821
6781
6703
1586
5265
1239
4066
4274
2552
4990
5528
4311
5851
7431
2497
1846
268
7523
6249
3176
6991
6922
5565
2193
5200
1121
7140
5702
3779
5975
968
4520
4935
1983
5610
5430
38
4077
4394
5116
2832
5686
6512
1208
4277
1230
5158
3027
975
2225
1731
6227
6270
7663
5585
2477
552
7409
913
6437
4925
828
1335
141
5426
3201
642
5176
2606
3361
169
772
2876
6738
6893
3381
6565
6733
7099
3547
6607
5938
2636
2276
1670
2105
6805
3578
6918
7350
4620
4777
5527
1174
3734
4496
4543
4698
478
5861
1537
166
5276
1855
218
2915
3543
5046
3149
532
6107
3732
5880
275
6178
4156
1634
7487
5319
4697
4005
2157
477
789
7671
2641
4757
4451
6039
1237
1599
3364
1823
7504
932
1386
7414
5370
1381
4544
3325
1719
7260
7585
3959
4666
5679
1975
4289
5233
5190
6851
1782
2333
3505
3678
6776
3239
2355
3577
6669
5503
6495
2010
4881
7340
665
429
6637
3634
4888
4986
2709
3667
1119
4465
6181
1131
746
1794
4573
198
569
236
6030
1389
3533
614
1054
7484
6540
4900
7641
3369
1724
2487
5068
5789
5867
727
408
2591
4313
7236
472
10
1266
2354
1759
1257
5136
2000
2586
2065
2303
7566
6342
1995
3763
2590
4446
3415
1455
1904
6728
7303
2054
6630
1842
6125
7498
5848
1788
4956
4703
3131
5288
398
3430
2649
5120
4107
870
1829
2687
3718
6694
726
3494
6420
4345
6059
1373
2366
1897
1865
2389
4630
3065
1686
3169
522
5564
1065
2565
2855
6527
4705
5977
7247
447
3977
125
5898
1233
5820
1941
7501
6717
7058
3471
1969
3284
3071
4494
2756
1565
5755
2963
6185
4688
3282
6098
4805
1501
3231
1308
3596
814
337
5363
2925
6668
1760
696
5216
2028
2866
2022
28
1023
1100
3233
3482
767
4813
2989
392
6436
4717
7509
7272
7276
322
1635
245
307
4984
3941
6316
4210
3922
1221
5827
6863
2252
2040
4562
1160
5210
1202
584
798
4260
4958
3846
6274
5321
1718
2518
6429
1902
488
4674
5614
6196
2036
6798
2674
2412
6939
1477
1013
2708
2463
3333
5275
126
2778
5282
2175
4369
3868
273
1517
2286
6348
6655
6948
5272
4685
4395
2111
2122
1831
2003
4963
2854
7579
591
5023
1523
321
7151
3978
4235
5499
409
6311
6089
222
4639
2448
6563
3444
5461
3079
2216
6760
6910
5784
7089
287
5705
4632
550
1827
2045
5670
1333
203
7519
3677
1321
4294
4471
1521
217
6747
721
2579
6823
6028
1709
1217
694
3899
4126
3476
6462
6135
5063
6923
959
6328
452
3056
3624
1574
3618
4636
3509
3182
2540
5206
4165
6100
3727
3539
4957
6106
3080
5472
2273
5005
221
1209
5117
4080
7630
2375
2224
480
5825
3695
120
5783
6102
5030
6171
1110
3736
6807
7215
3517
6067
49
2422
6732
6255
5142
143
2163
1088
7177
4098
764
853
3756
3030
2214
4295
1540
715
2073
2282
1661
3154
4561
3636
2898
5181
5852
4506
2436
5256
5351
7411
1676
3207
6146
924
5281
3831
7464
4301
2152
916
5332
1725
7384
1159
6593
6095
677
5728
7450
740
1798
553
3903
4483
21
1498
1944
3646
3650
660
4808
518
3719
5403
7478
25
6099
7238
1704
2999
6710
4070
4081
7542
2490
7268
3582
6779
3876
1268
370
889
6444
285
2549
5202
5331
1626
6126
7538
6677
4593
3801
7616
6786
657
1376
6850
2975
118
2393
4771
5463
2452
6751
2467
1620
5110
2383
3029
5999
3353
2816
5496
2319
157
6899
7653
3256
4380
6968
7670
1299
3081
7422
4423
14
5998
4306
1610
2179
6748
5285
291
5421
5011
6737
1792
999
2733
3338
5194
5908
3589
2819
4271
6744
7127
5775
7521
4381
3836
6881
6188
6963
837
6434
1012
3466
4014
1391
4567
4388
1973
2348
7358
1981
6595
1475
548
3329
6954
3661
6053
673
4332
2752
1961
4739
1419
7011
247
6299
7223
2085
5560
271
7458
3324
4426
7197
1803
7131
831
2760
1576
6343
4464
5841
1120
300
4921
5085
3159
1021
3647
7514
5238
7113
5859
3499
5928
6463
2865
4187
2736
2773
7019
1441
3014
5586
6137
6573
1417
4994
6357
176
2072
1622
5024
862
55
5168
7541
5183
656
3326
4060
7182
91
5093
5738
3805
7304
731
3135
5465
4917
2669
4669
6199
6269
4064
6224
4019
992
3961
1149
743
2315
1165
289
3104
455
5118
4397
773
1560
6657
75
7391
6372
1631
5724
1198
1402
3124
855
519
5516
1255
6380
3191
997
4189
3948
5959
3048
3371
6056
4721
4747
1234
5588
2920
6392
4874
7249
1101
4634
3293
2602
4550
914
6672
7207
6211
6234
7035
1153
6983
4781
2041
7511
5357
1474
3901
3715
1320
7694
1405
463
3562
4198
5375
5582
4027
2555
3521
5606
1577
6322
1968
7429
5171
594
3453
5184
3968
1822
3077
74
681
4528
213
4139
1773
2140
3347
4146
6678
6515
2543
458
7482
6116
6242
4439
4511
4618
7703
2672
5440
7551
1923
1428
4456
6147
2514
6500
3440
5336
2131
2231
6882
1328
3524
2759
2588
29
4919
4361
5277
2148
7195
7492
7054
4011
422
4409
1123
2732
1420
2125
464
3236
2183
7036
5299
5240
4531
1603
6547
4422
6521
282
2121
220
2597
624
6955
5486
4641
6034
4689
2021
467
5044
5408
7583
5145
1049
5445
5713
1329
7574
1145
1030
1701
4261
3200
6142
4378
360
7578
954
5268
5945
779
864
5982
3735
5540
2593
323
3643
98
479
4452
608
3935
4823
5657
2418
4517
1549
7433
2076
3234
1793
5122
6469
4208
3348
36
7217
6789
7106
6004
6808
7525
1179
6047
3882
2771
5753
5353
4764
1879
6978
549
4765
6929
2339
7588
123
2831
7067
559
1277
1392
4365
2055
63
1241
7599
3380
7184
5994
961
6911
26
5374
8
473
4707
6608
1772
958
3066
5328
628
3949
847
1048
5436
6236
2049
4265
4895
1548
769
5452
5801
3399
4768
4307
6832
3914
4448
613
5395
4155
1797
139
3374
6999
6105
4749
437
3728
4856
3413
3579
3544
6179
1362
6425
2567
4055
5781
926
4648
5667
4680
1144
1352
7668
6946
843
1295
5868
1069
6023
944
4184
5419
6223
4629
7098
1134
5523
5988
2
5291
5502
4364
110
6231
4280
4001
3593
1516
2102
6528
1711
3253
3083
5074
794
2317
5473
3060
7178
1848
138
4737
4455
848
1727
6765
6015
7535
763
5163
4348
7167
1627
61
3511
2979
6653
654
5824
4790
2892
3685
2869
3944
201
6518
6628
6027
3050
6225
6266
5356
4475
1553
47
4862
2905
7100
404
713
5289
2951
5241
3770
2345
2521
2599
5469
2338
4890
2255
2198
2610
676
4509
3136
7285
6298
1017
1717
5096
5266
293
4145
4732
182
3312
7493
2722
4219
1916
703
2617
2001
2945
4714
2489
7474
4178
2136
5509
4507
1582
5953
2128
7206
3416
5545
6845
4991
7639
4263
3817
2511
5290
6658
7030
7243
5596
2279
3092
3177
5973
5484
5
5491
4459
3623
2472
6418
2535
5026
859
4477
3526
2458
6051
5727
6640
5695
1005
2808
1542
5970
4206
5137
5394
788
5019
6306
3703
6470
7181
3662
2444
6440
2360
1826
1097
1403
4357
5470
1450
4855
179
1468
1985
4549
6123
6435
6208
3190
1429
1044
3462
1180
2592
5809
4687
6361
6018
2581
7266
1181
4564
987
2716
5393
3084
6501
449
1136
684
1185
1272
1008
739
5225
2396
6790
2311
3738
5741
4333
5735
3893
4285
1651
633
5647
2660
5009
350
4832
251
4601
4534
3289
4200
2973
3844
6649
6238
5203
2528
5804
2385
4622
6771
1042
1461
5454
1573
7038
6119
5935
2439
2046
539
5529
2502
6250
4626
7212
7179
5340
2304
6052
2741
2187
6460
4704
3109
6172
7250
2080
3115
2029
1232
4429
3835
5346
1762
882
4377
3382
2281
850
909
4385
1696
2337
2589
6560
6817
6338
5984
1909
6481
3552
6702
3555
951
6368
2688
5284
6070
7529
4920
3378
2318
2908
3219
2420
6511
1707
2093
1342
865
3049
6995
3599
6159
4420
6330
3498
7209
542
3934
7424
5813
6599
5000
1927
4434
3012
6712
1673
5087
1883
5456
4359
5639
3098
5797
5326
6562
7473
7382
232
2978
4484
5838
1520
3330
3186
3376
2097
2754
2109
5808
686
1791
4570
7166
3909
190
1875
4661
1959
2965
5951
6248
5217
52
7126
4292
4279
1114
3491
2378
5742
2566
3721
2240
415
4191
50
5656
604
6011
970
5307
20
6244
1128
2171
2766
3652
5577
4608
7078
650
6353
2248
3854
4569
249
6962
5811
2357
6117
2934
3892
5301
4600
7143
6633
3843
6725
6029
1597
7415
6169
3016
1398
3308
1710
6424
7365
1
1747
6780
6253
2734
6706
1129
3824
2277
431
3713
1645
6506
4013
1170
2954
7442
1691
3036
6716
1550
1146
6588
6720
5932
6904
2607
1552
7283
5759
1345
7002
5086
4993
1740
4123
2603
5592
1107
2797
3939
5431
3183
1093
6333
3857
2727
2012
3257
2170
502
5244
6177
5354
989
543
3406
2956
556
4756
3101
6120
5412
3545
298
6623
3164
6933
7245
2677
5051
5248
6356
1940
1140
7470
6118
3937
4374
4149
5911
2856
7587
6796
3866
4893
2935
317
5034
5949
5334
5739
6492
3863
5589
7666
1051
5623
6727
5401
5252
3122
872
2506
4551
5886
4624
612
1390
3390
7159
3268
809
6083
3760
134
3947
5902
326
5746
7598
2997
7352
4871
3118
4232
6629
5154
3970
3040
5992
2178
3619
420
6400
4085
1810
881
2500
2468
7133
253
680
6130
284
4835
4762
1749
6994
6791
1458
64
297
3767
2350
7595
2153
886
723
252
6247
5451
6024
4563
1479
2392
4951
1350
3479
1977
7626
2914
259
1527
1814
4201
7007
4859
4911
4952
102
4501
4646
4251
1776
5678
4032
142
113
6074
2701
5398
2302
2553
7559
4203
2986
5014
7661
1604
5081
6853
719
3388
2559
470
3340
4635
2362
1575
3006
5983
4315
1934
7557
4319
496
3829
1344
1070
2138
5882
7614
5866
2476
1147
6373
5971
4775
2631
5125
2373
5918
6671
6592
2019
128
5761
760
863
1765
4836
6797
4603
3926
3327
4852
4499
163
1200
43
1561
6750
6757
4229
40
947
5627
170
876
414
2508
6736
7287
5355
6496
7706
5349
6111
4770
5298
3758
224
4110
4540
5104
3842
6981
4733
5676
6494
4151
1022
1063
2137
1443
5016
1011
5847
1853
5684
7244
7386
3653
4193
1019
5762
4872
6337
6774
158
3972
4342
7530
4949
5524
406
5297
7230
5815
3133
1698
411
4413
4389
5659
3285
766
5296
547
244
6
7265
7455
1515
7220
566
5571
5041
3995
2845
6877
5251
6819
7032
782
7015
6993
661
184
2615
2909
576
1367
151
6864
7164
4349
1860
887
5174
2770
4447
6890
6576
3094
4010
5254
1546
122
4566
4699
1871
3386
136
1025
544
4795
2652
13
1705
1836
2327
386
5561
6044
4968
5599
6271
3426
2697
5231
2323
1226
820
5535
2991
5900
1126
3603
3795
757
6768
1089
2129
1835
4059
1401
4936
6687
7185
4230
7121
1331
6659
7601
631
6287
6097
4264
11
2184
4609
618
6214
5267
1151
1141
5453
3879
3387
7438
6157
6985
1484
3074
1630
2627
2068
3743
5578
5995
5921
2673
6180
4590
1400
6610
3622
6457
3270
5075
7119
4099
822
413
2192
2980
651
210
3411
1721
2349
2218
4839
7225
1006
6543
972
5834
1264
1028
4469
710
1863
6959
3400
4727
7528
3782
560
5274
42
4825
5247
7188
4513
7013
3110
6022
4611
6626
5380
79
1452
7211
2624
1917
5197
6654
5078
2702
3980
7051
3924
4231
3221
3362
3754
3230
2280
6872
4930
6795
4132
5201
1509
6212
7486
5785
3146
1490
7689
90
3365
2940
2654
5278
5617
4985
263
2946
6121
5119
4239
4051
1820
5871
2341
4723
695
7122
536
6263
3222
471
5671
869
418
3788
5280
202
2450
5692
7311
5480
6320
2848
962
456
4002
7274
1058
4665
6451
5613
1223
4879
2680
3318
3522
1018
258
4029
6309
5091
1602
593
4237
1368
6304
5625
533
7009
1314
3864
4515
4896
3566
4816
3837
3068
3692
7545
5209
3114
1436
5049
4730
5779
5944
7328
1246
4759
3938
6077
255
6313
7003
4594
666
1817
4050
4039
589
3475
5040
1938
3766
7647
2715
4408
5376
4934
1732
1383
7329
898
7655
374
4192
2241
4183
5192
2900
6772
5188
1278
2066
186
454
4288
4355
5987
3225
2438
5790
4341
5910
3724
4783
6042
4212
6998
6213
7543
1807
7649
2011
2346
4256
6423
2932
2924
1595
432
7632
421
5384
6885
7327
362
3262
1439
753
6905
4244
6874
294
5381
5821
1263
1605
7685
5406
5255
4554
5229
6886
4480
3458
3896
6219
6984
3632
4130
3607
5580
7208
2320
484
46
7297
1924
1076
722
7636
5660
5768
4863
1679
2541
1766
4584
1447
4225
3147
7270
6226
1862
6280
4974
930
2780
577
1838
3156
5287
3389
2563
4505
3351
2927
7128
1756
6917
5840
106
3525
525
6951
283
907
5661
3808
1052
7059
5663
6073
4981
7228
7096
309
6109
5942
1053
3535
5997
5602
4217
208
1647
1890
5018
3691
1922
2061
1926
1371
2310
2275
4589
6383
6824
2990
6980
1656
7479
4894
1000
854
6376
1427
2077
5457
6742
817
873
3459
127
4257
7702
5253
3465
6965
6639
599
1963
5632
1658
5544
920
5644
2867
7286
4607
5519
37
6046
1243
4926
3641
6069
2575
34
1173
2537
2659
776
2560
2939
1072
781
4763
5624
3299
4137
5371
3319
7611
4392
4587
4249
7255
3744
878
3424
2053
2651
2058
716
2584
2682
658
2883
6296
3085
6603
655
3671
4838
3277
3611
2792
4118
1188
7582
2971
6366
2300
1873
597
933
2344
3360
4842
7162
5870
4352
4602
3434
7202
2509
7687
535
4645
7373
3617
1736
7242
2313
6398
3449
3209
4404
6683
4798
7308
3791
5794
7539
6693
4253
1655
3919
3967
7695
4424
2764
17
1533
4642
752
3275
6001
6005
728
6162
5806
2431
6062
1315
7496
343
648
2916
5546
1032
105
877
978
2783
2247
2706
7477
6497
4337
2526
6378
3436
1494
4391
6176
4296
7684
7315
4973
2253
5088
2199
5219
4542
4197
4087
3976
6621
5807
86
908
759
6288
161
5965
4114
526
2928
692
6183
4844
2298
4105
3871
2512
5150
4820
3249
6674
3193
6735
466
7129
6569
4679
7142
1491
3473
592
3737
1617
180
1629
5235
27
2577
3359
1967
6503
2776
1363
4999
5989
1251
6235
4327
4462
3560
4568
5135
6422
3421
885
5556
7693
2620
524
3541
4799
634
6477
2605
6190
6405
3379
1319
7320
5906
672
3047
6145
379
3568
3681
146
1646
3698
5817
1960
2665
4719
5591
5628
32
4866
2835
5603
891
784
6305
3246
6401
1555
3993
187
332
3373
2202
5858
7199
3777
133
2921
6956
4160
3456
6617
3038
1972
6570
4845
7443
6788
3962
1250
7593
5620
3911
6161
2414
4458
7618
4982
5032
610
6319
1730
7370
967
5400
193
3891
2740
0
1341
5864
5313
306
2172
4867
3602
643
4022
5330
4140
4929
3015
6516
5778
3640
2694
6279
4356
3000
1413
6241
6871
1164
4657
4793
6289
4196
6697
7334
1384
4619
4293
2351
5172
2685
5682
2425
351
7111
4581
5337
6439
3716
5494
5943
6907
1690
2267
5878
7010
4892
1293
2887
1579
5221
3076
2254
5180
4854
7500
2796
6759
5894
2047
6381
3664
3780
617
637
527
1738
6096
7039
6686
563
4988
286
6478
7368
3102
6591
3953
2289
6605
2305
1245
5198
5159
7183
1265
6836
3290
6218
5947
2069
2434
5467
839
699
2611
6148
5643
2953
2972
1465
2106
3860
1158
3061
2027
6571
2683
7495
3587
983
3287
2081
5459
4623
4254
7156
6554
1932
1199
1113
724
2474
1667
3515
2363
4138
1594
6084
1359
6215
4135
1260
3167
5239
2457
7138
2531
4891
7446
2753
5884
2948
575
4995
1430
1979
6913
928
2755
6061
6685
1222
7068
2266
996
5317
7055
6606
5849
4755
1914
4368
215
5887
4592
5441
7383
1999
4931
375
5520
1256
705
2141
3684
7064
5179
2805
5386
237
4933
7447
3945
2290
5638
5237
917
5601
3336
1780
4478
3848
266
4468
6690
2124
2052
1852
2423
3298
7472
3151
1918
7581
3927
7137
7222
3372
1513
2220
5673
6914
1962
228
2789
1493
1868
1567
3620
4903
2561
1886
7229
281
2110
4072
397
4205
6246
352
5618
1720
2542
7644
1779
5633
2862
3665
1182
562
4743
2265
1285
5153
3105
6355
5449
7417
7152
7602
3601
1175
3621
3051
4181
3297
7221
3859
6202
5300
35
474
1649
4814
6529
7505
83
428
2630
4443
2793
5207
7049
4040
3776
623
1947
826
329
324
5608
2402
1360
960
5726
192
2596
931
2037
1781
2720
240
7031
7669
460
3173
2079
1060
3564
6852
131
4535
636
5418
5776
632
6275
7569
5152
5424
4904
4093
2568
6601
3598
3895
4724
3078
5712
3890
7321
3439
2668
2482
3155
1171
2578
3502
2116
5364
6335
5799
5818
7480
6526
5471
1505
2160
1830
845
6587
6523
1124
3217
5812
3127
6490
5102
3091
440
1040
6491
1993
6953
4371
19
4143
7379
7079
1193
6374
6818
3356
1943
4758
4962
5718
6158
4461
4376
2671
4482
6237
424
7028
18
6820
4350
6371
949
1935
1668
4588
6445
6166
4062
5922
6583
443
4579
7660
4328
1332
3536
860
6778
241
1547
3018
2369
6647
4041
5645
1356
2292
7515
4965
2612
150
159
3187
5033
1611
5223
6407
2008
7540
7604
4195
6696
2006
7564
3069
7155
5178
2844
1551
6002
6947
3409
2536
4695
6186
6827
3990
5029
5115
7361
7600
3086
6064
3311
1616
7375
4411
7062
4353
7705
5258
555
4092
3261
2417
6321
3966
4959
2751
5752
6258
3286
3849
2847
3883
4466
5844
3274
4521
5767
3708
4180
7441
6194
4987
5764
5015
6479
3165
4537
2038
5802
6260
645
3905
3073
1346
6060
1469
5553
3452
4577
4553
1522
6216
2538
1283
4819
164
2623
6285
7118
6498
6143
1625
3160
1459
7552
4248
2809
6979
4104
6783
3991
4694
2943
2119
1227
2367
7672
7307
1214
5103
3605
160
3431
3302
486
7088
6265
6310
5981
5681
3446
1539
5387
4980
2114
92
574
3869
5986
5855
1722
4902
7678
5415
1694
451
1318
5121
6646
4390
7200
390
1434
5186
2888
6924
175
1948
974
7309
5447
5043
2107
6427
2213
7263
4971
3300
7331
301
5641
7489
336
3305
7603
6301
5736
2030
2219
805
6363
6566
7026
7623
2358
689
238
2441
4463
5862
6648
2096
2821
4273
5972
5008
7248
3414
3590
5261
7662
6068
2643
6203
4234
602
3731
3683
4950
4016
4416
1559
1064
5383
3750
403
7136
4008
7034
5161
7110
6520
4878
2126
6140
72
6708
7025
6346
181
2147
3432
6729
4510
4627
6000
2169
4281
953
3797
3454
2191
1688
391
4023
4744
5212
1519
2806
982
6092
6082
6228
3196
3283
4038
3307
5733
5004
2917
6861
3496
4850
7449
5903
1613
1002
3039
316
6624
545
2703
4467
3279
3852
6019
5476
2879
2217
3335
4166
3180
7607
6164
4133
5615
2515
1832
4417
7563
1291
2739
6138
7679
4489
4487
1588
6315
729
5382
3205
2894
2221
4658
4671
4317
2236
851
4163
148
7526
3441
1841
4822
2534
4772
5622
51
579
3451
5745
2609
1410
4015
2825
2944
7638
115
4736
2245
3572
402
3442
6397
3591
2364
6620
2057
1569
7610
4969
1663
1061
5260
7050
492
737
1068
3576
1951
1864
2884
1623
2790
2858
4643
384
5109
267
462
1112
883
500
7227
2676
89
7568
3508
6114
4882
7622
5462
6071
2196
3825
3341
523
7590
5310
6262
1176
1528
4785
4533
6997
144
6326
1280
3334
7366
6131
6758
558
3592
4334
6719
7376
6834
2156
1466
4503
3686
7400
6821
7665
1808
1662
5215
2562
5302
3425
3352
7186
7399
4947
6581
7189
1366
4861
6488
1671
1945
2188
1476
4538
6032
6714
3567
3838
2263
2761
7453
1433
2767
3486
5325
1016
3358
3963
2185
3710
1004
6136
6468
5138
5897
6291
3429
6362
6103
2950
1423
1534
7041
2742
1240
6552
3108
6409
621
802
4557
4433
4018
669
2405
4362
4247
4419
5422
3904
1770
2257
1607
2430
4683
1685
6689
4812
7018
156
6533
3148
6558
4977
842
2222
7302
629
6014
3363
3563
1305
4046
7348
4025
5010
6887
6600
6307
5067
2851
7092
7491
1286
3306
71
2873
2648
5551
3113
2135
1912
2857
5963
3642
6217
1135
682
4170
2228
647
3693
3540
7416
1971
5978
7469
2730
4122
678
2700
100
4834
6986
3707
4578
7237
5488
7648
1538
3483
7485
6093
368
6740
2904
7466
2365
1648
5293
5568
5890
1728
1361
4373
5533
4943
5407
2347
5853
6594
755
223
4940
7555
1531
3597
1590
5144
3554
3112
3212
2787
1857
7180
1795
2786
619
3635
4425
1769
1700
3026
4818
6507
1833
6976
1894
4715
4576
3928
1764
3385
3161
3396
912
6294
6385
1178
4127
509
3512
7020
5155
2810
7558
5226
1675
5883
1775
1837
6367
3265
4532
561
7160
1059
2321
1514
1282
7436
6940
849
7698
6230
7546
6487
5360
5769
4303
6952
4340
6539
1746
5929
7150
6129
2309
7132
2539
2826
4864
342
2168
4559
5458
4440
506
6713
4897
6927
5312
5991
3005
6104
1414
3709
7637
243
339
1258
4441
3117
1216
622
3490
5923
1632
7074
2504
2818
3125
2440
2719
4147
7394
571
2261
3171
3420
4382
231
7306
94
347
3412
3604
3349
6631
5369
4152
2853
530
2949
7573
212
1640
2094
3988
4800
4806
427
4574
6902
7576
2748
5579
6764
1737
2416
1591
1177
923
3752
1687
3556
5432
7163
698
6450
5934
861
6663
6537
6344
5411
4141
1336
3855
5094
6033
2020
4753
1377
4924
4421
7174
3045
4530
6345
736
3179
7634
6589
417
1543
4751
1253
39
2815
3584
2039
7169
3877
7395
5798
4571
1664
5501
4831
512
4075
23
5169
835
1196
3405
3873
3184
3210
468
1425
7043
5803
774
6449
2988
7699
1211
6931
1666
4453
5309
3141
4393
1421
1753
2613
7646
5593
6937
6841
4659
73
7246
278
1294
7344
6812
5729
4754
7086
3269
5222
7468
4363
7095
7510
5786
4351
4939
2002
1986
6577
3771
1919
3720
941
2015
4597
5842
2657
1809
718
183
2663
6421
7467
1235
2143
312
1870
4405
6800
7430
6408
4938
4656
6428
5958
3292
3645
3097
219
5099
6151
1225
97
7204
6461
7284
246
4606
6855
5559
1358
2095
7619
2587
3822
5612
4828
3785
4728
4360
6352
3689
5574
5362
2394
3921
795
7427
5294
3401
4604
6302
6966
5709
4490
3194
2437
5042
5214
229
3529
7172
2967
1589
445
3811
2960
1289
135
2089
3235
3830
1330
674
2018
969
5696
4857
4621
1099
3532
2801
6619
4460
5279
520
173
1931
7490
517
5954
6688
1839
627
3140
7349
7597
856
4326
4068
5607
6925
262
7575
5133
6891
6701
4967
2992
6379
1082
295
3867
4909
3651
3888
2931
6831
2681
5182
6513
4720
3492
7690
6167
4052
129
2035
2545
7005
1482
6341
2100
7363
1888
109
5896
5108
787
1204
6524
2842
871
6775
162
387
4735
2384
4675
7192
3955
4367
2800
1303
366
2314
5937
5038
5974
5522
81
6842
7704
6499
5654
2406
7697
1139
6364
3445
1703
979
1127
3252
1267
5455
6153
2251
7125
6935
5482
2145
497
7147
6867
1804
257
207
706
3046
6767
2569
6682
7396
810
977
7294
3089
4633
137
2713
605
2829
1154
1544
226
2433
2823
2374
742
510
3654
4502
3917
6941
230
4190
1825
3851
6464
6414
5587
5508
2410
4324
5888
5292
6006
3985
811
1077
946
3542
7534
5708
2994
95
938
1786
5805
3337
540
2891
1799
5333
6413
7198
7621
7454
2955
1378
1397
363
3570
7103
5860
4841
1279
6734
2690
4
1172
3787
5070
33
700
4073
5706
6459
2686
3354
7691
5409
3816
5304
6430
2167
5373
6482
6359
444
6665
6055
6843
2491
5917
3549
7076
7412
3310
4057
5760
7083
3463
4472
1723
6856
5931
6075
652
6525
1015
5881
2462
3197
5885
7066
7071
3395
6973
3497
116
433
4668
2356
302
6139
2215
5397
65
6078
3666
7388
1311
58
1680
3996
5515
3134
2293
4286
3781
1954
5649
2205
3103
308
1994
6763
5442
3455
195
3316
6472
108
6722
3258
3487
7584
963
6889
3174
1834
4131
6551
1843
4811
4109
7154
7288
5946
3315
4782
167
3346
3513
5569
5611
6546
5341
4236
4079
7271
132
4159
5013
2189
457
5635
1933
328
4519
4322
6615
1984
3772
5506
5822
7410
2513
6643
6699
4910
6156
2906
6809
4100
4164
5915
6458
5662
5413
2164
7577
3437
1026
4438
6473
3670
939
1470
1866
671
7339
3612
952
6700
1191
5836
6878
5833
2839
3447
4953
3185
7347
7161
702
5510
476
3784
2118
2460
6168
6012
5893
3158
3697
2404
2585
1677
3814
5123
4406
6220
438
6416
3402
4412
4676
5264
5926
4701
894
341
2841
2031
6417
4524
6124
6835
3531
2256
2981
2598
4595
4403
846
2494
6787
3111
1921
3729
140
4090
7338
7175
6349
1757
498
6087
5723
2820
7606
4875
1269
5164
4259
1148
5007
6443
5955
4291
6964
7037
5132
6412
5246
3195
4302
1416
1453
994
233
585
5557
4033
6351
7445
3417
1657
4410
3627
4240
1156
4883
950
4713
5404
288
973
4827
2693
2461
590
1964
7148
659
5072
3214
394
4398
701
205
690
5162
2372
1326
3485
6278
6091
5140
3648
4316
6762
768
4810
2499
1387
1734
6860
5576
490
315
227
6035
7014
5379
1045
980
2237
903
762
7108
3470
152
121
5792
3057
6862
3828
3613
1816
6632
6996
6324
2750
1511
4710
3723
1950
823
4796
3021
1956
59
1889
5402
7405
2718
5658
1115
704
3751
528
4470
1824
6206
4725
1244
1442
2781
3918
1014
1784
6676
4677
3082
1248
3803
3999
2274
3688
3489
2749
5518
1819
6854
7594
3534
7656
640
1203
4964
521
6745
2840
2103
4387
7044
1936
6066
2195
5816
4497
7004
5187
7292
3142
5969
6036
4702
573
5721
5143
6419
2784
2947
7048
2380
5511
1271
4116
7214
3093
7323
7224
419
7425
3574
4128
1041
4199
1500
6988
5814
2166
4869
5146
1518
2576
5390
3705
7346
4690
1104
893
1755
812
5495
2910
6651
2387
385
2260
1751
2799
6971
2551
7258
1380
2580
3467
6038
1189
5392
7488
6182
7313
6912
256
5637
531
4125
7023
7298
6756
6377
6031
6389
2495
6746
434
2165
6365
4922
6222
7000
1464
4214
4158
2063
6286
2316
234
1580
936
4847
2117
6590
7418
7330
248
5720
6370
6561
41
2324
738
1966
4047
3144
1036
6574
6711
7556
4722
2278
1778
174
6949
4436
2993
6284
3872
5795
4726
5443
4175
6829
6534
4583
874
2204
2469
6025
3044
3022
2176
511
3998
7353
2182
6932
1288
5956
1184
4718
7707
1874
4148
7256
6354
442
2453
896
4233
381
3810
1195
7201
1027
1905
5195
2704
4745
3139
6549
2070
3500
6969
2478
6281
529
4512
2710
6072
587
900
5335
4766
5003
7299
6050
7465
2729
489
693
3595
3009
1435
3932
5666
5303
7627
6277
4970
3028
7145
5165
4321
1354
925
5691
2745
2326
3488
1712
7642
5537
1771
4485
4177
2803
832
6442
1790
7022
687
1774
6709
2724
3281
3322
1297
340
1681
3997
2330
1684
5220
2661
3168
395
7165
2583
6892
3663
838
1310
5131
6037
7592
5740
867
171
7282
2969
5095
5050
2090
4308
2353
3070
5069
2246
5064
964
6784
2447
3501
2017
5320
2340
4119
3043
2912
3885
7497
6154
4865
3518
5500
7219
3208
5352
5141
6811
5127
2870
5940
250
2705
3181
3583
2785
1996
5269
3746
7428
1364
4003
4188
824
6155
310
3242
2466
7413
2957
7029
2488
745
4580
4095
2328
3263
6575
5438
7310
5372
4323
5098
3740
5531
2007
4615
2737
1952
5598
6585
5160
6625
5719
6431
7506
2911
7586
2498
2600
2929
2644
1103
1187
280
1385
3407
2519
5365
2087
7146
3020
1556
7173
2717
5001
5059
70
4174
6612
6567
2503
2413
1024
565
2813
5630
804
1388
5342
4767
7531
3303
6471
7380
194
5343
2791
1079
5105
1800
3774
7253
6846
1396
4290
3087
7351
2828
2483
4103
1991
7226
6580
1236
1840
4516
4300
4944
209
1989
1098
791
2626
3278
2211
5056
3630
747
5846
3223
4797
2846
3538
2725
4681
6441
1763
1029
6133
1530
7520
3660
2696
3594
7045
7508
216
7008
3267
2547
2830
4220
564
3188
5967
5148
6844
3166
2233
5548
5619
7654
2024
3510
3958
2104
2882
971
2895
3644
1564
5512
1970
1739
7401
6509
2966
1485
7406
3523
2398
1448
3294
264
1506
1463
1818
3629
5563
3762
4889
7267
6300
4305
416
5242
6538
2206
1654
1322
2427
2291
3789
5460
6908
4998
5892
4375
5076
5199
6806
6903
1449
777
6692
483
4649
7527
1750
6656
3107
4221
2959
30
7652
5765
4000
5631
7216
3090
5968
6041
2162
3272
6013
6616
4336
2091
3175
507
4173
7452
149
6916
1541
1445
1440
5875
6901
4297
5909
5077
4558
6007
5205
485
2890
4937
2849
1811
6229
5423
6314
3655
5084
177
3657
4860
3314
4401
6704
2271
4272
1106
4061
3761
7046
606
3637
5427
6880
922
2043
2861
1787
4791
7516
4525
1578
373
581
1043
4113
897
7072
1535
3229
3546
6919
750
2522
6897
5359
4444
2144
2811
7234
5062
3291
88
1695
2878
6085
3633
630
1259
2936
1652
7502
4268
1197
3170
5747
2075
6456
5066
1920
6611
2619
2833
514
6815
1910
6115
2897
2919
7407
2492
5936
5211
5960
376
5100
2814
7231
1877
2379
3586
2616
3690
2532
1674
4787
1343
844
3839
7518
3129
4741
2802
2086
5147
1462
3704
3474
1125
895
7060
6681
2209
1507
1896
7683
1451
5414
2210
5876
7374
6636
940
7233
2653
2817
7420
799
5912
7056
1118
6433
6730
580
6332
2134
2078
101
7423
1741
7314
6799
2546
5889
3503
7105
3
7476
4960
6207
5071
5595
5694
2308
3792
4269
6695
7434
7421
1262
5725
6898
6080
5648
649
3119
1856
3428
5584
4670
7281
2113
6830
2099
4026
6926
1861
3913
3002
2200
3096
1408
3213
304
6865
5962
1911
153
2647
1885
7052
879
320
2399
3228
1471
1488
7513
1953
7362
3296
1813
1424
4091
4916
2329
910
1545
7657
3435
1913
3034
2390
1324
821
5699
2645
2864
1472
2455
2995
2684
5646
4457
6191
4868
2618
235
733
1007
4716
441
3722
3457
4660
3464
367
3916
1438
7191
3493
7259
311
4473
3694
2982
7404
3162
1009
5405
4329
1224
1974
214
1478
2707
827
103
921
3481
2763
335
2322
2130
5933
5716
3818
7264
1143
2557
3608
3152
3768
1708
1929
3726
7571
2743
6201
3273
499
6650
1908
1090
5012
4647
3979
5490
5763
1609
6634
6785
4161
6989
4853
5748
6584
2938
6245
5541
5149
2974
3478
770
4644
5621
3628
5358
6455
5717
685
6726
3132
5626
4024
48
3625
2082
54
5869
412
4708
4168
5538
4154
3610
3355
3930
761
5525
1998
5651
6868
7451
6273
4078
3143
3480
888
5636
4017
4547
3571
4330
5916
2299
6920
668
6303
1339
2331
3964
1138
6857
3558
857
1767
2977
5090
7171
269
2033
5777
4552
6476
62
5941
6447
6586
7336
2922
1292
5939
4961
318
2190
2415
2127
567
6839
4908
178
7613
6813
1689
993
3055
4383
7157
3320
688
4748
1532
2335
5653
3138
2232
3343
6661
2443
4884
6870
2158
734
5259
4009
2465
3639
2517
7387
1168
1821
3004
1033
410
2872
2034
2382
5213
5751
4769
5314
4396
4031
5749
1238
2391
4111
5609
5985
3700
6386
5111
670
5793
6160
2088
4565
966
7116
7448
7170
1895
4243
2306
5554
3450
5262
436
5600
5385
3137
2059
2250
5112
1946
1382
1094
371
3408
4218
6454
6438
1524
4112
7094
1503
6769
4048
6894
3954
1615
4491
6572
6101
4976
1487
985
7063
551
361
4508
6508
1854
6858
5964
7240
7615
2400
1312
4076
5107
4245
2525
2258
4488
1785
3192
2666
5045
7061
6395
1215
6564
570
7354
1880
1903
272
2484
5895
4179
2428
7252
7570
744
4684
6233
1585
3001
948
2295
5616
3120
2735
2913
400
7635
5446
5731
4498
1081
3514
4625
3986
5879
7080
5031
3908
1247
1869
6675
7149
3796
4250
1190
2678
1526
4948
7378
1296
7629
1347
4877
5039
2998
956
3423
4545
7398
2334
5925
2464
6684
5843
359
6879
2429
6141
5877
4815
1337
1758
4065
2411
7168
4784
1847
5367
5722
5672
6021
57
5348
1802
2574
3042
1249
7065
3553
6838
6545
7359
7085
6667
382
5873
2032
4915
2062
204
2451
1899
4299
7070
168
6221
1744
2871
1047
7686
7537
758
675
372
3238
1340
3331
3812
4211
4034
1806
6184
6909
5193
4664
5507
5677
7640
2146
4885
5839
3739
2287
3745
1499
7090
2747
976
155
5061
2023
4476
538
211
4069
2294
4063
1001
5498
1554
2970
6644
2573
5907
4400
582
2212
2984
5597
6453
4655
5048
1743
3248
7677
1062
3260
7053
691
1117
172
493
6396
3008
714
2952
7069
4526
7024
1399
1593
6293
5189
6848
2650
5830
9
1752
2798
2875
5391
609
7463
7144
4129
825
4794
1748
5157
2432
771
124
4222
892
6753
754
709
2507
1598
1754
7203
3884
2074
1937
5344
4252
5245
4870
783
7475
6514
1583
3128
4258
5829
7651
5990
955
5828
4312
4663
2642
7273
2475
4746
1481
4803
3769
356
6766
829
6936
4142
3983
4298
5698
5338
1150
2409
4840
6921
6003
6243
4270
5703
357
5837
1881
7390
185
4522
349
4431
7494
2325
3530
1095
5543
319
425
3850
5734
5489
3920
6662
6715
4628
557
6943
3906
6906
1162
274
541
4226
7459
2343
3215
475
2933
2556
6017
325
5850
1650
260
588
2159
2186
3392
6666
2779
4548
7196
3894
2501
2711
7047
5819
1020
4314
2098
3631
2336
748
338
4228
5796
303
1379
3271
4942
7241
5640
165
4054
242
5771
239
3383
4906
3581
1085
2907
1142
4706
5305
899
6340
7364
3244
600
5913
5854
7371
7554
2843
2942
6240
5782
3826
2312
6081
5642
5114
5036
5130
7471
6519
3240
5257
6254
6660
7369
3674
2026
2262
7548
4876
5230
453
6582
3255
3344
2558
5368
5693
4176
2889
3936
4486
104
2941
6334
4662
5572
4599
4006
4693
990
1407
2150
5707
6825
1074
2548
2285
6888
841
3907
3794
1882
4454
5689
4898
3912
2834
1456
957
3317
1876
5318
2470
515
7134
5634
1699
6197
6489
6113
4585
5006
2155
5737
2614
3216
4598
4101
4058
7107
5322
1431
3588
5329
7674
2655
2902
7332
2635
4042
6403
6391
2445
6290
508
1898
1325
2386
2395
2529
3668
6602
1273
1432
7481
188
6743
596
1976
4927
5477
3669
4848
3790
6063
2270
22
2361
1083
7444
196
4833
2582
3025
2731
4227
1108
2896
7153
6375
3398
6548
5101
1777
830
6057
4074
6754
147
1276
3861
5139
1167
1683
7608
3276
1930
1284
3443
7393
4792
270
96
7190
7701
833
331
2115
6803
5905
66
7692
5047
2268
730
3519
2827
965
1850
1220
6008
4415
6339
1735
6283
191
69
378
4136
2234
5979
5863
1558
6680
7457
6698
3145
3019
1867
4907
7664
620
3672
3339
5581
7397
1116
7372
4918
4851
2004
3987
1298
292
5478
1212
1562
1742
6938
7550
3827
2758
3799
313
6402
5715
4575
4826
6900
461
5497
5089
5113
2510
3878
4402
5904
780
3874
1536
4654
3304
3881
5429
3422
5073
572
2530
5758
7317
4169
5966
735
1592
3800
2249
1492
3865
7360
6826
5444
6251
6232
3088
5674
2486
3157
2419
7213
5832
3507
6406
4344
3100
6532
1370
6272
3323
1369
6873
3062
1884
3711
5185
31
3834
3823
2968
7589
5594
4089
1600
6267
369
225
7232
3328
2203
6974
1568
44
5687
2572
902
4817
4150
4983
4992
5514
4696
5668
4358
6404
4873
2151
3342
3003
5224
1186
2016
6664
3241
945
383
793
2044
2403
3227
401
5002
7659
1783
546
1205
5948
4186
6020
5914
2120
797
450
720
1643
2527
5856
6542
3833
2868
5770
504
4572
3687
4776
4120
6132
1411
7293
6128
6559
4320
1454
2976
2550
4653
1353
2177
7205
534
4418
3332
5083
1067
145
986
6598
505
3059
3472
4691
6173
813
4194
6642
53
3755
4449
7680
3321
3031
2852
4712
1483
7017
1194
5550
6866
3870
4652
45
6347
4596
1092
4339
6189
7389
1055
5316
2161
7261
2923
7176
4829
6896
3900
1157
3150
5950
1618
3054
265
4742
6622
4613
1457
1152
2874
1614
2838
3206
5439
7565
1348
6705
3559
6761
6731
2881
1323
901
4153
5787
756
4021
1587
5780
7696
4923
4638
6198
4053
2698
5037
2893
2646
4267
4284
6928
1572
6614
1155
3757
6578
503
1406
7289
5483
6195
2728
6944
1316
4474
7567
4304
3807
3973
3099
5232
7305
2480
6054
2880
615
5891
4020
6079
1473
3675
1510
5017
6752
2493
5295
3410
469
3375
435
4049
998
1828
6792
2242
1706
299
3245
3313
1988
7408
3742
3565
1697
3806
6134
5092
2822
3575
6360
1925
1859
2860
1990
3952
7624
7403
1375
3748
7251
749
4780
1893
2926
6170
6958
1254
4527
1563
1624
1307
3875
5754
2570
7269
2850
5774
2235
4097
2622
3198
4428
4928
7633
3725
4331
3220
4407
2083
4912
7483
4241
6544
3845
2133
465
1891
1071
641
1229
785
1633
7392
6555
5345
5270
2987
3295
5655
4972
5549
3243
6010
2301
407
5690
3764
388
4640
1166
2485
5675
206
7027
717
6088
1641
625
1091
2296
7532
7385
1928
99
3384
4134
5732
4224
3679
82
5399
5919
6264
5773
7673
4036
6312
2042
3427
653
3815
1003
290
487
4899
601
2173
6638
4445
3288
6673
537
1608
1612
7042
4108
6295
7124
7337
6336
4678
1304
808
1502
5920
4086
3309
5060
3573
1109
4750
586
4886
5823
1130
5558
2608
7290
3203
5521
7377
5234
4989
5993
2371
5744
6094
2656
578
2762
3775
7318
3204
2746
377
3075
5534
7381
1080
84
5680
459
2837
5271
2958
4682
664
3011
644
3404
2013
1872
7325
6399
1460
7112
3957
2692
1437
5665
5170
4056
2496
1446
6486
279
1444
6613
3202
1851
3965
3616
6268
905
2638
2664
6480
741
3527
803
1957
1915
1275
6394
6875
3130
995
6426
4035
937
1078
6350
6065
2658
5562
5976
554
4379
7277
6707
2714
1768
2201
5493
2639
7625
6308
6895
1309
7006
7650
6635
3393
2699
6828
365
1327
6568
2197
3820
3929
3461
4667
3189
1133
3561
1557
7658
919
4309
6192
2435
4954
5035
5575
2738
5389
4262
2633
732
1714
2505
3880
1161
5573
5664
7012
6810
1497
7326
6331
5124
3931
4586
448
796
495
6502
5204
3477
494
7456
6187
5433
6504
2788
2408
2962
3778
5474
7461
3819
5487
5927
5420
5378
1422
2421
6474
1183
4523
2388
6801
6210
6670
1761
1907
7123
6466
7560
4556
1393
3984
5872
4096
2459
1887
3942
6990
2064
68
4752
2723
2667
7091
2014
3975
988
667
3232
7073
1496
3981
4442
1815
6505
1606
1357
7158
117
3504
2181
1942
3712
3696
7235
679
611
595
840
3391
6627
6393
1096
1571
6204
6869
327
4007
5826
5683
3960
330
6239
4171
3433
1596
2804
712
7631
4115
707
2571
4945
7257
1621
2824
5711
1137
2794
6048
3537
7
354
6122
5052
7357
3994
5054
5175
6465
7419
3923
7522
5058
1066
2223
5173
7512
2903
4172
904
7301
3910
7316
380
3898
5542
3706
6448
3370
6317
2132
1317
6530
2471
7193
4282
3915
1287
1334
6724
2632
393
4430
4773
1372
5590
1702
5650
3902
3163
5464
3211
4617
3366
4536
2695
3940
1073
1087
119
929
4343
6475
3237
4529
2772
80
5505
7016
4012
2961
5652
5874
12
314
2056
4082
1486
6942
4518
4801
6849
4504
1252
1955
334
4788
5055
3793
4978
1274
6741
3052
6840
880
800
4207
3701
5227
4102
3943
6410
3106
4209
4213
399
5128
4802
5410
6934
6822
6884
7001
7355
7081
76
4932
3649
3989
1034
778
1355
5323
1678
6174
6144
4738
2101
197
5311
2454
638
7101
1619
4493
836
87
3798
1858
353
5308
3753
5377
2533
6609
6597
7102
7675
3403
4278
5700
6930
5028
3759
2524
915
1660
3886
