2499
1162
7820
2466
3345
5553
200
5901
2972
938
6916
132
5603
4034
9242
7694
4636
5350
4638
4863
7038
6404
9957
19
8115
7547
7747
4185
9052
1393
8001
8344
10363
7442
2997
2415
533
2709
8916
3189
9578
5101
4833
2230
9986
1476
603
2868
796
5096
4057
9582
8002
5725
7757
1623
972
9458
7962
10177
1437
3056
6901
9665
3964
1045
1816
3980
7214
9919
8507
6544
8015
5180
3603
10342
810
10052
4743
3629
2259
1021
4886
8501
1014
5810
8838
1224
2756
6951
717
1549
2241
4092
4788
1151
10307
5035
5273
8606
2
9267
4590
2236
6900
7903
3940
2811
6227
5710
4966
4375
8158
1797
3646
3006
2570
7171
4235
5308
1794
1720
2616
9678
9877
3789
1070
156
660
6574
8908
3641
6277
4008
10144
5056
2050
6994
1353
6561
1924
8723
7382
9647
85
4225
3273
7737
3494
3790
7533
4328
7126
5618
2465
9631
165
5954
9179
2641
2561
1702
118
8934
9626
6263
7839
2441
80
2588
8690
8693
8014
9720
4141
1520
6255
4708
9102
1486
6546
8067
6659
7538
6963
9013
1531
8949
2180
9885
7374
4984
493
4350
10452
3531
5052
4002
8042
3698
6068
1205
682
5158
917
6510
631
3377
1730
7034
8651
4290
3502
6035
6267
2682
9038
4719
3000
4706
6176
3027
8202
9702
9548
242
4880
954
6092
323
8491
7267
3810
1456
1089
2413
5909
8110
3818
9925
8407
8810
4287
463
2582
6892
4146
6553
95
7629
9024
7786
5939
846
10146
4424
6591
163
426
396
4901
1136
3708
3419
5394
6503
5163
2600
2270
8378
349
5396
1394
7454
7699
3346
5668
953
7514
5852
5989
7424
5755
9160
6331
10391
1126
2275
4096
3016
7932
1455
4753
4802
4105
619
6628
4814
9309
8741
2434
8422
252
2061
4912
1048
9520
4109
1724
9697
5840
824
2724
3002
5259
4865
7650
5469
1500
5837
6393
1975
4237
4321
9540
3890
3567
3398
8827
9454
6386
6195
8588
4499
3469
9333
7094
6479
7501
9247
3286
5060
3686
7086
8417
1748
4995
9660
7304
3415
7418
2412
630
4808
2728
6505
695
1841
9113
3730
2362
10001
10031
5943
5784
9619
2286
1117
8817
9873
6979
685
9543
795
142
1226
9135
9413
1993
4425
6342
4177
1674
4364
1879
4723
7790
1836
169
4766
127
8461
6266
10042
1220
1895
5380
10098
1069
4548
4232
793
6702
9155
9797
6587
10378
2347
1978
2183
2498
3308
5042
593
9209
1263
4189
6882
716
6711
2351
7609
9316
3707
1363
8691
2136
10099
8336
10398
504
2539
2828
790
428
6069
1377
7851
10217
9576
4604
9078
1939
6355
583
9293
5898
3878
4781
2330
6284
4657
1279
9900
6852
5284
818
6442
1791
9935
6812
7870
10131
4712
9589
1120
3112
4163
9794
7434
1633
7907
5921
8295
5864
2946
5471
9750
4496
1310
10340
5889
8665
270
3744
1482
2758
778
2176
9513
380
3938
5464
9583
10145
4104
6670
5674
4187
7677
4222
679
1192
10422
2814
1230
4913
1663
2219
267
8242
7982
2663
7331
1243
8852
5093
8047
2818
4776
541
9419
6475
7988
894
3247
10405
2823
5168
7955
6337
10046
7446
6168
10233
3664
357
2313
9205
5585
7143
9423
7258
2574
8873
3055
3425
7842
6485
167
4790
3590
5424
713
3085
6721
9809
6880
4041
5551
9243
6483
8320
7821
10298
4459
7306
7427
2106
9635
4896
1655
8680
5868
1018
3276
1024
8811
4926
553
3856
2310
2142
9428
9972
123
4332
6531
5578
10362
365
369
4854
9107
4902
3739
52
6560
1107
8205
1848
3955
3825
696
6824
2949
6668
4672
5239
4560
8582
250
2984
6700
943
651
9224
4964
7984
7804
5751
8689
6742
10453
910
2501
7852
758
3847
511
4578
400
9037
8248
8531
3550
1595
1432
6774
5283
9000
65
932
7969
8269
3406
1652
5197
6597
841
2956
5371
7469
5113
5535
2595
6954
4782
8251
8577
1846
673
8575
4848
9617
4065
6762
10092
7572
1785
9363
262
208
6323
7274
4331
2003
10411
337
6356
2028
5070
1798
5217
8024
10096
5763
6161
7370
7451
2945
5667
4759
1684
10309
5727
4358
1990
5590
134
6157
2447
353
6429
1005
5920
3329
4228
9301
1339
6638
3997
6187
4022
10241
6079
4184
5276
4609
10220
10373
4954
8629
6015
8574
5486
10416
6281
9361
5403
8244
2371
8777
6471
4209
2919
4770
5956
4352
8239
2733
8898
5866
9913
585
8654
825
168
7879
8542
5047
300
3589
3970
10012
10016
669
4466
5049
683
6794
2473
6256
1157
7311
5886
7108
4524
1330
6297
3547
3295
8220
639
2943
2916
3338
8367
9585
773
3767
3923
6153
2317
7933
505
7557
9227
4127
3703
9418
9366
748
2853
1800
2815
9172
6501
3578
1
7606
4277
2131
2494
2609
4094
3250
376
9575
5678
6396
7294
5606
4362
8739
3863
8418
5731
1458
10347
392
904
1563
7483
5613
9275
8656
6758
6529
1441
707
8425
4952
2645
762
7770
6633
5788
3051
1065
2404
4906
3130
4932
1017
101
9161
6806
1033
9940
10185
4150
4951
3155
5765
7103
1485
5420
5194
4915
3257
5172
4128
2217
3816
9137
7843
5189
5182
8552
7900
3986
4665
8078
2143
9149
7816
9252
1738
5007
8397
1101
3758
7462
3959
3206
1892
4419
4834
9610
4253
3799
6455
10337
8411
926
9206
3238
8163
5750
3673
4544
8286
6825
7574
9995
5326
7057
6493
8733
7153
9700
6333
6029
9586
2660
10173
6648
9370
6684
4709
7871
6451
9148
4551
543
10100
9006
6993
4400
10446
5355
9571
78
8364
8616
1989
2065
4305
7819
8525
2734
9108
6778
7383
7006
520
3573
2478
1570
7292
8007
2640
4242
4191
6815
9463
1815
84
5855
7133
4453
9117
1197
4552
6749
3913
8345
9923
6100
6500
7065
3828
3114
9736
1945
7254
9287
9559
4597
3315
9627
10089
3430
9560
5136
10065
3126
8617
10049
1809
3297
139
8388
7670
4413
6182
9603
94
10354
9939
5918
3819
3910
9362
10094
7101
3814
240
9431
1528
1980
5752
9402
1564
2435
9261
9304
454
9517
8604
8357
5061
6240
1838
4864
1996
4644
10296
7394
1497
2632
1915
7182
8814
589
5034
4840
862
8107
6897
6797
1313
10402
10409
2295
8555
8637
341
3768
599
276
7581
2770
1260
9033
6771
6637
6259
50
6696
6737
8857
7156
2928
10318
5143
6117
5116
8028
8403
2686
8679
7802
6295
7081
8595
9710
2104
8816
8674
7436
1681
5037
4006
531
8308
10264
1839
6820
6658
4218
838
635
1375
7659
7384
5797
8833
1041
10451
6105
4201
9076
9064
1756
5550
3320
4791
7951
3476
4444
4437
6717
4973
8246
982
5836
2129
1115
753
2608
10069
3528
1359
9971
1269
3984
9654
241
10423
9754
7458
2191
6448
582
7853
5132
10120
6476
1077
7813
5179
6839
1554
9740
9094
3610
9691
6385
7298
4075
7638
6941
2182
8913
5229
760
1906
1832
3875
4994
8470
5625
2856
4119
5579
3285
1245
9200
7206
2026
3552
3979
1736
2020
9476
9901
10278
2908
2170
5547
1469
2848
5017
6804
6262
2863
6025
2357
7278
1602
1586
6908
9007
9822
2074
7652
2866
10045
9494
1557
6661
9134
8369
1467
1749
5125
8370
9952
3701
1694
9980
8660
1507
5331
2957
7491
4159
2897
2149
8382
5932
10032
8774
4878
524
4429
6376
10273
5146
3987
1861
25
9322
4395
5591
777
8860
8687
6950
8996
3274
8431
10039
4432
1386
164
8587
870
6826
4180
9381
1935
6221
1342
1632
8131
4471
5455
8077
4380
5998
5820
8343
8528
6674
4676
6646
3931
9642
3718
3779
138
8293
366
6234
2627
6581
850
3287
7797
6242
5949
686
4164
705
1179
7220
4107
8141
1742
3110
1581
9830
3936
6422
2810
2234
7904
7682
8683
509
8847
6002
8189
6669
5885
5139
7142
5087
4388
3553
315
5114
9728
6764
6714
8961
1699
8143
6278
1559
864
3680
7754
7910
4909
8797
1883
1413
4971
899
4678
9673
5036
4486
1338
989
1125
3187
7540
5044
8611
9504
7250
5135
4985
9303
770
8881
2502
3038
9027
5782
8880
8893
7855
2439
8903
5777
4641
566
2383
4917
6946
488
9675
8721
8003
9392
6215
3662
55
7482
1085
5595
8843
9167
2069
1420
5427
4594
10004
5356
976
5577
9771
7085
4845
7090
1453
4856
5459
6245
517
2906
5651
1824
5882
4273
4295
3335
5687
6864
5127
6598
7987
6617
3133
571
734
7918
4477
10288
2566
8694
8053
3720
10159
5815
4943
10194
10323
1216
2576
1068
9531
4246
257
234
4739
7615
2902
1828
912
4004
3292
8835
8093
6739
5410
5164
7796
4928
6744
7994
9989
992
8570
1568
6921
6939
9545
8563
5141
8517
6444
5500
3150
3004
7395
1272
2518
6344
7746
2411
1204
6462
4794
3379
7232
9718
4423
1175
2269
4489
5838
3683
3208
413
6253
10430
7832
6644
3418
10083
8199
8029
378
9650
5213
3916
9328
5975
8499
1624
2017
7964
4787
6538
3215
9450
8738
8306
882
1771
6341
4888
8828
3632
3083
6986
2976
5608
502
10226
781
6654
10224
4293
3738
292
1000
8429
1312
7487
2160
8911
1752
1969
1427
7634
9581
10294
6642
7039
7179
7620
4401
4526
7564
4517
7227
10352
5124
2247
10319
9074
3275
9459
5225
3834
1916
10442
8977
7016
9019
2907
7863
8066
5639
9732
1462
3681
5600
2851
2268
3868
9477
8861
1084
9645
5633
8519
4042
1188
6971
2948
3503
8488
4615
9283
9277
2596
4251
2120
5624
5938
1585
4472
4439
5170
9356
7066
447
5522
2271
3235
745
5015
2355
4889
8056
6486
2727
1762
2454
5279
5258
7429
3022
7936
934
967
5576
5503
1063
1284
3795
2892
5977
8419
4959
4900
3222
4793
7414
1849
8910
8020
7934
6809
3115
3858
8641
2647
2396
7467
8416
8337
5443
9120
8722
10172
6456
8578
5584
2884
5562
8706
7880
3786
6325
4438
1505
2538
2755
10443
5307
2342
10015
2027
4415
3270
4120
5548
7702
1723
3129
6127
807
5255
2900
8831
6041
7237
9730
3067
2557
5519
3199
9711
8135
150
214
9199
923
9276
6847
8258
7865
9125
3563
761
3234
4563
3608
7627
4245
2953
5452
10244
10420
9162
7736
5268
9764
6604
1023
8326
3693
4231
5492
9461
7939
4131
2954
6805
4740
9706
6902
8533
4281
3565
2707
8030
2798
3142
5302
6410
4564
7585
1928
10238
9212
5610
7708
6123
4199
10104
175
309
3263
7318
7307
4931
10306
1754
1597
1271
5716
7095
1238
5275
7959
3106
9439
10254
560
6193
5650
8145
3029
3099
5807
8184
1731
6099
3595
1550
4447
3998
364
2254
5735
3812
4050
7147
8885
6271
3919
3145
9230
8049
3104
5313
10127
3491
8877
2208
2521
1786
5351
8576
7328
7211
5365
5025
5491
7106
7846
4115
2795
5517
4876
8717
6116
1217
1221
7735
5871
4694
5928
9841
9280
7912
535
10167
6783
4810
7521
10246
5905
4487
5960
115
1325
475
1029
113
5233
9838
24
8636
7644
5250
6876
6412
2913
7639
2479
5690
5758
804
4600
8785
6858
1606
8825
154
1191
1889
1060
3337
5203
312
9296
4992
1679
5686
4076
8406
4403
8841
9500
4046
9337
6418
8998
4260
6205
4197
9067
8148
4583
7651
1635
2331
4612
7160
9542
573
5675
4066
592
5292
10424
5745
3666
7768
10360
1409
8750
10339
4493
3784
5705
10383
6928
10034
1982
5058
4632
6922
1726
4573
6420
6040
10375
9349
4748
2546
9096
4879
5945
9672
2255
6566
9591
6760
7587
3355
4817
801
8989
457
480
3466
6027
1218
2329
10321
523
215
8064
744
8639
866
5617
4285
7302
4302
1667
7972
3186
5465
2372
6276
5759
5764
9408
9616
8264
7925
2729
8493
1910
2846
2601
7161
3695
1644
4326
205
1463
1853
2638
8940
9614
3107
6054
3849
8787
6022
9853
2432
4527
572
2036
6562
5969
9991
8513
3605
4435
3636
4137
4777
9420
672
8404
2001
9193
914
7660
5103
9569
3763
1610
104
5698
924
8562
8666
10447
4980
3772
530
5230
1536
6350
7717
1274
5504
1776
8944
9837
9095
6970
4686
4135
6709
10000
4540
3284
5774
8929
6712
4372
2082
255
5479
5581
3522
1894
1977
6446
9503
10136
6909
8445
4898
2448
8541
1051
4080
7351
8057
3846
6192
4351
1200
1875
1098
6842
9351
5819
5793
5652
3452
1690
384
2655
3293
5599
8849
7779
8866
6829
6401
5662
10202
5312
5480
2025
9600
8432
10212
690
2689
10165
3935
1298
10078
6072
2598
2353
2747
3179
6478
10122
3835
8265
9776
491
8619
7654
8267
634
1952
1535
6868
5083
1423
3963
1399
5390
6314
8539
4368
4870
273
141
7901
3978
1680
8976
3625
9036
10289
3500
9234
7632
5858
161
889
2989
10248
3722
5825
10435
9552
3371
6704
7663
595
7097
6298
3018
8710
2855
9215
6082
6551
916
3541
5392
1545
1111
7795
10176
1286
9580
4117
3873
10025
2832
7377
4630
10011
9566
3838
4969
3045
5200
5142
10364
7007
3992
8008
3628
2124
2827
7269
7980
3153
4129
424
2889
8615
3792
173
3049
9175
6370
2517
7177
8459
7116
181
3982
5812
7523
3072
3511
7047
7172
4051
4918
7361
10456
9331
8226
3699
9527
4522
8790
7129
4455
9783
3995
4668
9514
9269
290
182
2685
8017
6364
2799
1833
3770
8083
5616
7573
8300
2990
3248
9893
4960
3136
6915
6965
8854
6548
7878
3357
5240
5605
4824
617
9597
1174
2535
4911
5841
6186
2263
876
5426
10261
1669
383
978
2578
5699
4154
7408
4475
9045
5493
2806
968
2107
6362
4383
5278
2630
8765
4369
1630
8583
5242
2059
4812
39
9373
3366
3395
2193
9896
3387
919
3330
5575
7021
3817
2405
9220
496
7728
3074
2375
7082
106
2860
388
8262
9533
7348
9410
6810
5904
10141
2594
1922
7920
8289
9731
962
2198
2710
286
4286
7145
7388
1733
158
1967
8766
8502
2839
7960
4869
7767
7887
4596
8803
4500
4069
1246
8859
1256
6225
2774
4873
9766
9791
3351
1513
6984
7624
8347
10134
9217
93
5742
170
32
7004
2112
6039
1523
2444
6549
8073
10067
7468
3479
9962
1046
6275
335
658
4029
2784
5659
996
2970
2422
7
3482
10256
3679
9278
2382
6340
10201
1096
8892
3088
2969
4521
9892
3860
8878
8011
9455
6827
9226
1903
10431
2775
5377
6437
5383
1156
9314
5280
6904
2292
7621
5391
4892
5910
2374
9937
9471
7479
4160
6907
2643
1664
96
7075
465
5374
7416
4816
3200
3887
3363
9399
6211
9479
2135
3842
10154
3090
1266
4110
5978
10112
338
10429
1465
1919
8436
1918
5924
3557
10376
8413
4259
211
238
9223
2451
7255
9324
8273
5818
10047
4102
798
5859
37
2563
2023
1290
9001
2550
9133
6983
5769
6518
3205
1812
6528
4354
1972
14
7798
643
2540
5325
7826
3380
9375
6305
5288
4576
7895
1823
3375
7861
9737
1283
2243
3026
4007
4785
3762
4054
57
10009
2526
1397
8468
8623
131
4106
10137
2319
9186
4210
9056
2032
56
1384
4171
1865
1882
3957
8514
8374
5721
7463
3874
5681
7083
10149
2480
6254
6119
5117
2158
8899
4690
3167
4202
434
3974
4720
2297
10169
1589
2718
2213
7828
7492
5580
3157
8715
4914
2118
9085
7902
1775
4877
1857
4233
3229
2701
2914
8169
8586
5270
437
9529
7485
5589
6791
3941
4195
5001
9488
381
3647
2312
3564
4384
352
1152
8090
8931
10018
7221
1348
7422
5792
7188
183
8283
10023
6811
2099
8400
8142
5857
8883
6792
2430
8768
10450
7353
5389
3613
1714
1371
4663
5888
718
5335
5597
3378
4859
6932
3123
1297
7848
10037
2610
7181
3948
3524
5974
5712
4577
5881
10267
646
10182
3655
2536
2831
9646
440
9611
6657
4443
3615
10066
8424
7534
1257
1729
9690
1949
3597
2279
8923
990
3668
2062
3893
6238
8782
10427
1696
4322
8740
7803
1215
5895
5248
6196
5523
8243
386
4456
6465
2080
4541
9396
1250
4204
3243
4531
7191
1321
2995
7110
8736
5332
9173
5558
4418
2657
8405
6641
4835
4979
5475
7691
2671
1572
4138
89
9084
2572
6729
5370
4040
5992
5215
8081
3388
6213
3198
4374
2232
7977
4722
1712
1683
344
3078
8442
6590
921
3433
6691
1526
3092
5501
7243
2051
1819
1131
4711
9974
3944
8254
2910
3447
4511
8449
7707
9198
6665
9887
9694
8906
1817
9271
207
6326
7599
6564
10284
6821
9833
293
2921
7512
2817
3426
6042
1547
3443
7570
339
1105
6807
6357
6258
3071
3635
492
3307
2612
3667
6268
10330
3728
6681
10223
3241
10225
1686
10103
7299
7674
3658
2725
1116
4806
4254
5064
9360
8678
9687
10271
5644
2068
6461
3131
233
6515
6799
3719
10394
611
6596
3851
4249
3543
6204
7835
1965
1900
723
6414
2293
2736
4562
8207
4684
9075
4571
363
3280
5018
5957
4329
8585
9871
9185
722
5186
6183
5933
8198
8183
8341
6849
8500
6146
8460
2018
6348
1588
3780
670
3058
561
5726
151
7583
4738
3715
9726
4174
9686
4542
2745
5234
4962
2996
2646
2683
7750
4157
5477
1210
3192
3460
5154
3535
1537
6713
3148
7551
4721
3322
9023
1985
2425
3928
4554
9588
7186
2373
7580
2282
9025
8760
6247
7608
7320
7938
3748
1093
3742
8311
1020
1081
7776
2947
6030
7346
1398
7415
7169
2662
5877
5073
2530
6571
4267
2307
4758
4250
9355
7293
3172
3190
4312
1319
3403
5635
5122
9495
3467
2896
3124
3020
9335
1777
984
2443
4836
2812
1227
1417
6982
3156
2469
4775
119
1932
9790
3017
9216
6535
5714
6687
8818
2740
2175
8281
10148
4198
3702
8494
3372
3152
586
5414
4920
3665
5981
1502
2520
6635
10188
3973
7662
1404
3942
10454
5249
6655
10007
2358
2804
2346
88
1558
9755
10401
2661
7407
8876
7510
1503
5266
4470
2552
2579
7379
7497
22
8427
9601
610
7270
8512
3100
8236
2302
1869
3271
5950
3521
5375
9002
9397
3485
3339
3793
2633
8962
741
5267
6180
7718
1955
9315
568
5902
6185
9240
107
2150
6169
9208
484
7076
10382
1270
3344
3927
4972
8638
2133
3951
6147
6421
8645
7917
5353
8474
7760
10211
7392
2334
7444
3336
5398
7866
10160
9978
2273
9927
6651
3209
9127
8398
1613
8746
4601
2664
9011
1461
1556
9568
1917
260
5404
1608
8232
6307
1813
9176
8401
5944
5720
1574
8065
7121
3766
7100
1510
5430
9481
5941
8969
8776
5207
1747
7209
6875
7993
5011
1239
9213
5586
8317
4789
4515
2474
9238
5321
8272
5359
3028
2395
10285
187
1804
3829
4669
10207
1628
6121
1234
2406
1740
3764
435
6582
2002
546
6411
5358
3036
7946
6303
8506
2738
2619
1637
9789
874
4858
5571
898
6579
316
8192
3756
7073
7668
4000
4566
2903
4841
2637
7174
3438
9406
3299
7896
1247
7675
3068
7780
8119
9345
8545
3999
8259
8786
4599
7173
7477
8214
9181
823
7144
6395
7252
1278
10124
4762
2167
246
8518
10075
5542
7856
2589
5228
275
8837
4631
6481
3009
8981
3168
1106
1416
325
5516
579
5494
2401
915
6179
5914
2837
7696
1059
3969
4648
4741
408
7155
326
8260
655
5641
8394
4297
2529
4468
7001
8626
3296
10121
7329
7449
649
998
5952
10412
6150
4633
3162
9814
4449
3684
10335
7496
8757
3033
1099
10191
5803
7772
8197
4484
7548
4182
8009
4734
4330
827
5474
7575
5682
933
4867
4298
6756
7956
8162
6423
6413
9383
8041
3794
5811
3872
6239
10088
1870
5730
2325
2403
8298
678
8319
2987
2602
5789
5598
5102
3921
2436
6135
9317
1851
1457
272
8227
1382
5533
8515
6067
9284
7398
6602
10171
5923
6627
324
9813
6524
6961
6725
6848
9701
8462
6492
7614
445
9152
3464
1625
8579
2629
3216
5345
5994
9464
3376
3268
5883
10395
9066
3839
8437
1493
3700
7367
8948
2079
2708
259
8544
9264
5405
1326
1963
9087
4481
1886
2174
2548
7113
7883
7692
8408
5466
8716
7751
7714
2267
3091
5046
545
6378
3867
438
5076
9849
9770
7636
8465
8867
1573
3436
4956
4519
10377
7966
6944
4317
7017
7272
6141
6388
4933
5986
8373
305
6565
5828
5386
4508
8974
9390
2965
1026
4555
10400
9875
2400
8986
9255
2253
8872
7262
219
351
7381
6885
3105
9147
9840
6142
5334
6080
1007
7830
1016
8529
3614
5661
4839
5830
5439
7283
6785
4507
9072
7498
6846
5107
10440
975
9787
8448
2288
10129
8231
6960
8450
2912
9823
532
7517
2421
8600
6490
7886
558
450
8799
6972
7543
5028
4705
2698
3663
2781
3075
2677
7058
5827
3141
7783
6136
7037
8156
5781
2168
3899
891
5067
8316
6837
1509
7891
3212
9777
4727
7124
9973
5785
5638
7249
5509
9861
5253
10425
6550
3382
4731
5772
7676
9393
2456
6969
7175
1983
8072
4320
6181
2712
8935
1223
3158
8051
6801
4958
7701
9659
3737
5192
9357
1083
616
110
5602
3558
3598
9903
7640
9587
8569
10178
813
6911
5707
9332
1036
4680
8659
1716
6808
1546
7586
10095
6286
6432
476
7261
822
1519
6058
4509
3943
7913
8713
645
4567
7091
6664
8353
8238
9745
10115
9221
6621
1050
8138
1534
9110
2000
7679
8672
9180
6402
4819
0
5342
661
443
878
547
9318
8100
880
4345
6817
8762
890
8034
835
6710
1739
3427
116
7184
8707
8752
2337
8653
7604
6373
1496
1354
6629
6732
7607
5879
7354
191
6836
1229
5569
4887
2345
5002
5636
249
6803
9915
1275
7504
832
7401
4161
10301
6359
2941
2165
1103
7305
2221
3870
4090
576
1365
8498
7031
2878
2805
2711
4082
7282
6339
4211
5293
1072
1902
1025
3181
3166
4827
9470
3507
5988
7387
4998
6851
6032
2871
8612
356
7355
1698
1142
7391
10403
1177
5346
5388
5160
2029
4325
6131
9744
9111
7703
7059
8438
9509
7778
3410
1657
9486
8983
6576
935
3869
8650
6526
478
4568
3530
918
8268
322
10397
4408
6329
8681
7597
7812
3830
9982
9827
5931
3093
2477
6866
1088
3926
4724
8061
4868
6400
5757
9763
844
7889
1579
333
279
4162
1123
5502
6545
7752
1802
1991
837
1668
3193
2145
6431
1876
5845
3061
10336
1314
4700
4479
8909
8608
1004
1670
4946
1689
10349
2169
8875
1691
2341
7695
6006
1659
8705
8441
4406
6840
7569
928
10156
620
7515
4276
3843
6152
3340
3706
282
227
6656
6497
5748
8455
3428
5145
3620
636
4088
5314
1650
7204
9104
8253
17
8848
2680
4957
3746
521
9387
5549
4407
2226
9088
4910
7713
92
779
5177
7529
2626
1594
5023
3431
217
3654
9350
5532
792
3544
9438
5162
5167
8085
368
7280
791
1878
4323
3304
10221
1543
4073
10372
2894
1244
7716
2418
6189
3053
765
7195
4114
6223
4893
5854
5152
3850
3230
6336
4628
8018
1055
9624
7953
5094
1931
7051
10329
515
5937
9098
4855
1429
3946
4378
7358
8792
8050
1718
5766
8153
2088
2163
444
4497
3399
162
9950
9515
8366
7345
2021
4412
2765
10262
291
863
10269
2171
5449
5539
5942
1301
9468
3095
3954
8798
5402
7665
2419
10351
6755
54
5557
8410
6021
7596
4617
5251
3585
3312
2901
9195
7537
9727
10247
6619
8252
7050
7919
3386
9570
4145
9058
3808
9836
1161
2796
1713
4584
5831
2164
8864
2238
8095
4798
2250
128
253
3385
6613
2491
2794
5488
9040
5593
6988
2778
1149
3606
6184
308
8907
10449
8788
4763
8902
4304
6496
5657
6397
8471
8104
4666
6188
8292
5607
10438
6319
9609
2229
8139
329
8628
5684
2035
10234
5338
3310
4343
3740
612
9792
900
8769
6449
9010
9197
1201
2004
9547
10240
10325
1233
379
2505
7673
8348
5908
4747
3119
2668
10091
1464
2687
432
8266
8521
9717
1552
5393
1488
4742
5800
6624
1262
6555
4186
5155
2144
5079
4582
1356
8108
3220
1289
2628
4208
427
2834
1612
4701
10180
8099
3538
624
7633
2299
9868
6155
9599
2096
69
6601
2370
7991
4381
8114
3098
298
2642
1671
4874
6352
7727
3882
2577
9781
10151
10255
4529
5732
4194
7647
2340
1912
1415
7176
4014
90
5247
1737
6005
6718
4894
1097
2882
1578
7841
9799
9605
10074
5626
2272
2958
2905
389
6011
7457
4927
1261
7858
7723
5728
8932
6567
10008
4537
5703
10417
1183
8088
263
973
7380
9089
8894
1181
2482
3059
6612
6301
10239
789
6589
4344
5906
494
4052
9306
4151
9536
5277
1615
1971
2024
1811
3318
1795
9812
2674
99
6282
7210
7766
2402
2256
963
8039
2982
4342
5985
4188
6888
1368
3171
4908
8950
4953
848
8023
8358
5264
737
2199
9487
9404
9008
4539
1654
961
5890
4769
2980
3255
1948
4498
4172
4613
5150
5856
6914
701
8420
9855
7068
6178
174
10368
5587
5660
3783
4955
9441
1999
3161
10135
6001
5695
7368
2977
6051
4178
342
4063
6991
7554
9843
7266
1248
5916
4238
5560
5614
6672
9184
3207
8188
7448
3623
1942
5829
8062
883
9440
3064
281
8921
4830
10232
3754
7077
5129
1435
4736
4457
8703
9452
1858
4420
3079
430
10107
3368
2789
8809
9680
7476
6408
8697
10195
2569
9071
8463
9788
1525
8097
3947
8428
5713
8217
10056
3769
7138
2926
3474
8237
847
650
70
5066
9931
2605
6425
4961
4681
7741
4525
2599
3953
6923
10374
577
2455
3516
5976
5816
9060
1934
1672
9606
3211
147
8025
6369
7054
895
10432
6558
10355
3864
6652
7744
2584
2861
9211
9432
7268
4165
10457
9446
9295
2089
2324
6706
7242
2500
3962
2472
4506
948
3188
2510
7685
4575
2560
5457
3669
526
3859
2854
6219
7183
2684
7159
4270
5363
5472
7758
7809
8477
2210
4340
8794
10152
3151
2428
109
7509
4086
10237
2840
5105
490
3316
5762
8440
4538
5290
8229
6599
3082
4143
9598
4890
7927
278
9436
2452
2087
307
5484
7603
4376
159
2181
7275
2964
8630
7976
7228
4640
5524
1473
1772
7474
604
9964
1332
4091
9664
2942
9236
2449
8101
3546
5372
7315
3513
8423
6208
8175
224
4643
5199
4872
7164
9793
5632
1222
2515
6332
8602
9880
7154
9460
196
574
5711
8978
909
6773
8195
9090
7202
4024
4064
3317
7712
6940
6533
1908
8376
5903
3616
5385
8123
8012
6543
1219
4361
7678
8038
8791
5059
8457
3831
7189
6066
79
2904
9969
9518
3256
1709
5528
62
5756
8970
5387
9729
6398
4757
4774
5525
6252
5609
1499
7166
10303
8522
9782
1862
7507
6361
6776
2212
9201
9482
5874
8821
7105
5109
4011
5541
8830
6534
9092
7040
8165
8813
8178
9899
2172
10139
5220
537
5621
3540
6210
3309
9574
6780
6274
2679
8953
7527
8483
3475
10119
3508
6879
615
3848
7888
9621
7922
8516
9951
10186
6952
6134
1859
5004
2450
453
9704
9676
8874
8850
951
10114
8664
5780
6233
3364
2489
3169
6610
10204
3787
8328
471
2963
8386
6087
4642
1114
210
3066
5913
6104
9860
783
4314
7366
8851
6349
7601
785
9508
2607
9339
7641
10072
3801
7140
5853
9057
4755
9258
10332
4875
2240
3331
5296
8209
5588
1362
6542
3796
8677
6026
711
153
4649
5809
2704
7941
6592
9818
8346
8415
2113
9411
8593
7256
1741
3877
474
9561
1396
1484
9918
6071
8979
4891
7425
8954
2303
5511
9535
9434
3996
4081
3031
10257
7008
3214
6222
3253
9044
3050
2063
6439
2367
8523
3717
5461
7823
4760
8137
6898
6860
6382
1891
5140
6450
8871
8322
5955
656
7308
7201
2792
2235
9668
9876
2086
3265
3643
6632
4978
2933
7222
3723
1901
8729
6494
8055
3709
8476
1277
5669
2714
6871
2206
9541
1524
3159
10084
3492
2769
4079
5925
4639
1504
8540
3097
1015
2153
184
3883
8550
7260
3559
3302
3244
10117
2865
6488
9942
9039
6236
10235
3750
2777
8352
8263
6753
4634
2782
1540
9156
8182
9118
5513
3601
2361
1781
9262
4556
3249
9081
7400
5670
2760
7405
8999
6101
6751
8052
5202
6889
2654
8918
8161
5151
4152
4359
4503
10338
6162
4947
3743
7576
5693
9325
590
4417
6833
6285
2932
7869
6122
7983
4089
9564
9424
1163
8731
5204
8658
5417
9897
5081
8560
1052
9757
1753
1414
4504
2043
6351
9062
3023
6686
1309
5190
64
7536
6980
4142
7180
9567
8129
829
1280
59
799
8669
3593
232
8642
9177
8037
8074
8572
2737
3985
997
10215
6308
6120
10086
8503
8747
5041
4703
1308
7613
8280
8535
5306
152
6062
5174
2666
5
9667
10308
9848
2486
9956
6930
6109
8508
1049
7296
721
1855
3866
4675
1933
9802
1899
4919
5934
7720
5930
6731
9115
7562
8124
3822
9977
887
4409
803
3749
1439
2409
9405
2967
4055
6798
9448
8537
6867
1265
4116
7705
4212
9192
544
222
8891
5032
2993
6981
9502
10033
5112
4735
9166
9934
3135
2102
2541
7289
7194
9168
7805
4397
9929
6953
7212
8546
6137
9784
8945
1634
4070
1974
6024
9203
10036
1207
9920
8177
881
4433
2433
8724
1281
3439
8168
6964
8098
6788
5413
8783
10386
3373
8543
5289
1148
412
5897
9077
2791
10428
9159
7881
6547
4263
7860
3449
5078
6985
2639
8662
6770
1436
4490
3652
10210
2565
6044
5476
4452
5545
6299
7697
10437
4012
1986
7192
2281
8823
4528
591
7836
8387
6884
4750
7817
2801
303
8933
8928
6315
10299
3359
9187
1863
3499
2624
6097
5760
4930
1328
7818
1576
7152
5490
1560
5468
5436
5993
2085
1237
9894
7432
5848
2681
416
7340
6967
5696
6103
5536
2388
7617
9519
6734
8942
8399
7807
1897
3594
6585
2688
6417
6212
9815
5395
1721
10222
1600
2743
3393
7196
2349
4125
8010
289
9620
8800
9151
513
4535
285
1127
4431
5739
8026
2380
8
752
1997
6019
7553
2072
6843
2105
2611
958
10300
2284
5401
9170
221
2424
1122
8086
4446
3281
9714
5983
2895
8443
4215
8589
1856
6625
642
9955
9394
7975
6426
9313
256
4691
2393
3774
3627
738
5948
7494
7868
4941
3731
3277
5554
4282
9080
8712
4166
627
7773
4779
4450
6023
5074
9983
9142
5254
5664
8350
7989
4983
2320
4019
4221
9847
1168
6722
8402
2651
6615
7337
507
7441
9050
5530
10317
1646
442
6595
6003
5791
867
7745
3716
7689
1539
2265
4357
1273
2634
4512
8566
7032
2204
5540
840
261
4389
4292
1758
2591
9767
565
5583
4857
2305
6795
4268
2416
2049
1665
5082
8926
1890
1110
423
4937
8536
4557
4300
8301
7765
1727
5677
2344
6379
343
8409
6929
7834
6992
7028
4492
8122
3120
4733
7178
1043
340
2100
5694
6138
9641
1400
4074
2614
5214
3465
8113
2037
6516
8668
73
1185
321
9061
8801
1591
6841
10322
8164
699
6083
4410
7364
5431
1837
9911
7985
264
6777
7488
5683
8089
3328
2278
8080
6374
2802
4667
6012
6241
3704
5623
9938
7168
9386
5343
5689
6573
3417
4882
9292
6371
3572
6735
814
2838
9703
5323
2070
7566
9907
8016
3512
3354
495
8737
5333
9723
6738
6924
1803
7998
2927
2575
6947
4679
941
10274
3527
8241
2773
9358
6593
1178
8390
6264
964
1874
3651
7893
1322
2699
4581
5130
7666
10200
2214
3456
1760
3711
5965
3757
7404
9380
3841
9100
7995
8744
1472
7664
10208
1374
2780
7612
5962
812
7637
5173
1193
280
1767
7657
7069
6772
7844
606
3489
7531
6010
2962
1132
8888
4462
1288
8603
7825
764
6512
727
8634
6568
7680
7061
8915
2046
6470
2227
5880
2095
4291
3908
6130
3109
6328
327
3014
9308
4593
2399
3611
8547
5260
4236
6148
688
7279
2007
2705
1938
5316
1868
1544
1647
176
2224
8808
4767
1481
6438
6368
821
10029
8482
5634
4756
9368
2291
5099
10392
3568
6934
9233
8625
75
6606
8185
7410
1133
3639
1827
43
1533
3915
3490
2545
9049
7019
10118
6244
6335
9748
1953
5210
5833
9009
9674
8063
3965
3634
5876
5692
6086
4656
9492
9954
808
3260
7132
4028
842
9798
8952
7873
4214
46
4310
9163
5567
6346
7791
2544
10393
9501
4016
2751
9341
1475
3060
6482
4491
3459
5347
2555
8075
6823
8385
7706
7343
3533
9183
3313
1294
9109
328
9204
7426
2040
2653
2177
698
7947
1075
5665
2239
1818
10358
4448
729
5006
1808
2483
7357
4464
3688
7777
506
9786
7251
8968
2715
1037
1782
5137
3612
9150
9803
6017
8314
4044
10105
4847
4807
3319
1480
8939
2820
3815
2788
6620
4687
8819
7544
5440
2368
1896
3745
9427
3404
2849
1943
2356
6075
7577
7623
10027
7560
1735
5649
10357
155
5026
1834
6366
9511
1087
9346
7466
4621
2691
927
2190
9065
5009
10281
3314
8019
2385
398
8193
6509
732
5787
9693
6055
4783
1542
7519
5367
4313
3008
10019
7303
9649
4252
6887
3694
10367
7363
9136
1769
6090
5947
1489
5718
9811
7063
6440
5149
7739
10061
3937
2720
244
5741
9976
9648
49
5804
7233
9403
4035
1040
1501
5786
9534
8927
10053
1253
9769
7937
10243
452
1351
3871
4715
5794
5894
3905
6246
2417
8216
5508
1880
6643
1206
7215
166
3633
1199
3343
6743
9327
8421
3423
3054
6763
10073
2134
6151
4907
7419
5709
5159
7365
355
1722
7207
7849
6409
9302
370
10080
7948
4467
7978
8274
936
6890
10179
4936
7310
3003
860
5851
1460
3579
9953
9671
247
1139
9157
9144
5795
1604
2103
446
4871
2917
2071
5181
622
6367
667
4494
4181
1129
1442
5592
8534
2742
8368
6919
2656
6697
9785
6905
2458
4685
5218
5801
10190
6623
7921
8778
632
9384
5826
7322
9884
4587
7162
704
5291
9047
6201
896
5911
5147
2836
3077
8290
5005
5839
8356
6835
7356
8727
4732
1616
8756
8210
1170
6467
5209
9562
10258
7316
1124
2580
8033
5322
8194
1508
8548
5098
903
4334
2335
498
3481
5165
5926
6034
9388
4058
7642
3865
6287
10218
3896
1575
6768
9359
629
1930
2083
7926
9912
9928
9765
4697
1532
5138
1329
4003
394
2735
8886
1789
7136
1252
3519
7167
6861
5673
1130
5891
9699
8972
6650
10252
8635
6639
3170
459
4018
3047
4248
3493
4726
2252
7957
10111
2706
4530
103
9483
3435
9372
1102
4704
10174
3341
1241
4085
556
2593
3032
6484
9724
3184
1443
8773
6454
9865
9612
2207
7942
7559
8538
5369
6199
7393
3976
2874
6343
1086
4072
4048
2669
1056
10344
5722
7018
1470
277
9778
653
7025
782
5958
4013
5462
190
4514
7525
2262
9059
8299
6128
1675
4899
7043
1445
730
5767
3477
1801
985
5701
3802
8695
4121
3468
9859
5208
674
4844
7967
1703
3326
8339
3352
10448
144
5128
4619
7549
1631
6441
763
7935
1580
2549
6850
402
2242
1153
9141
8167
7508
5421
4474
4349
9858
510
9129
9804
254
2636
4200
6203
6608
8805
6631
8655
2195
2462
1324
5432
2389
3177
1035
2533
8936
6586
7013
7218
2233
8745
4324
9472
4095
4275
9979
3813
1425
9429
8035
8170
859
2154
7134
1710
3609
6552
2008
4111
5863
4373
4240
9752
3983
149
3517
6830
8032
1951
288
2019
133
539
8884
9819
7490
4213
172
8206
269
8601
2140
6174
9342
6580
8812
4460
817
9669
10297
10314
5241
9369
3087
4027
7339
7443
2864
1697
9490
1548
2604
3213
1805
6171
4480
2306
9707
1627
3473
9272
8490
5473
4140
2490
2369
7045
2649
6663
8605
4768
4274
8761
1854
6920
4818
7590
421
7224
3143
8648
10320
2652
5069
4543
3298
1422
4658
4546
391
67
8947
7131
2121
8103
4336
819
3626
6997
6089
2542
6194
4778
8993
10407
7120
10123
6320
9565
8558
1047
7197
3705
4053
4897
1054
1768
3561
8282
7968
2148
2978
8730
8663
4098
869
1189
5729
8361
4226
623
2301
1921
9997
9760
9210
8159
7285
3988
9521
6673
5968
8393
5448
5148
2457
6167
9844
374
9512
9143
1383
8279
8309
6063
6145
372
2052
6453
614
9682
7319
2606
3676
2880
2547
5336
2041
2363
5091
6789
3224
1511
7759
6216
733
6391
3661
2056
7635
993
4283
3401
4175
8670
956
6114
3218
3991
3411
7859
1395
1360
3826
9878
8863
9949
5246
5717
4591
1490
7792
9282
2821
4229
10436
2567
3370
5287
9505
9774
1717
855
6730
1814
7854
9114
3233
5361
3462
7594
739
3549
8646
7810
3057
901
3892
7672
2911
9741
9121
1370
2754
3642
6445
3732
581
3961
5972
8829
1765
3480
9909
9250
888
1947
7915
4404
5959
4829
6306
1379
10410
8607
10302
6822
9376
7461
5382
3596
8647
10041
8228
2873
4414
542
4761
9091
9916
6074
1236
10444
5330
15
4382
6671
20
1998
4427
4134
4949
851
7973
1317
1345
4299
8614
7481
7546
3291
8845
1119
5860
907
3920
1343
4622
922
3429
6572
3800
3600
9662
9235
8173
9449
3011
1364
8771
5339
2872
8181
4968
9625
1888
359
9353
7104
4476
8433
486
58
5637
811
5297
10341
9943
2717
6838
9453
4574
2384
8435
3261
6302
6912
6968
1347
4950
8912
61
8806
1158
1390
4108
735
268
1389
114
5118
10109
3021
9032
5198
9451
1231
7000
419
2974
7493
6689
3486
4337
6118
2350
7748
7114
8649
358
6752
3323
9164
9443
2613
6611
1847
5406
483
497
8329
8208
1909
1449
5835
1299
6036
7417
9596
8980
5131
3670
3659
965
9371
6618
4247
3180
9029
2719
2713
10043
769
2266
3102
8556
7248
9761
5201
3807
3414
6649
9524
3581
2185
1282
8304
1905
7489
6360
2890
1518
9556
2155
3334
7815
2597
10070
3039
3254
3753
9222
4217
9260
2936
1603
350
1320
9738
6200
9145
10387
1950
7093
6102
628
7360
1829
3518
9131
5564
1251
9377
1459
8846
2352
10419
7911
588
5327
3966
6943
9516
597
797
5304
9525
9416
3650
220
213
3001
3365
2045
8807
7909
10062
1380
9829
9343
4078
9558
9128
2513
406
920
2514
10369
7335
3556
7170
3551
902
9229
8200
2463
10350
2377
4795
2078
715
2506
6427
7187
7420
6375
647
2748
708
8452
8249
4825
472
10153
10328
4662
9105
3272
9367
4550
743
10087
3442
5973
4664
5654
4654
5341
100
9433
53
228
8696
1336
2883
6139
6016
9048
3471
7532
10381
1852
8146
8486
2097
8359
3084
5407
6733
23
10175
9713
5850
751
2022
6874
6708
1966
6622
1406
198
9862
8271
8315
1092
5425
4623
5802
1640
1166
8391
6443
9602
5257
6214
5796
871
7411
6372
3840
203
7431
8965
7042
3657
9414
4645
3751
3924
2420
2318
4133
4716
6630
6966
1352
3160
1973
10334
5305
4390
8479
2721
346
9826
2644
1225
223
1292
3782
5966
3450
5865
5987
1987
7123
3069
10158
9872
5697
8987
4386
7055
10140
3289
6159
3631
6085
6754
2244
5450
942
1067
7445
5935
7150
7216
3532
8671
8718
2985
1104
7923
6813
1327
1521
5485
4815
9963
2223
5282
7079
2531
8684
1180
947
439
7326
10384
9806
4126
9225
9462
4520
3227
6197
9817
28
8230
1137
9623
3497
63
4060
5031
3884
9202
477
9709
9958
809
4982
755
9985
10157
3777
4495
6056
10439
5196
9932
3010
8044
3259
4377
9965
7241
6261
8395
2484
9845
6975
9850
872
9365
9474
4430
10313
6480
1618
6727
405
4695
2885
367
6683
8218
8480
10116
787
4861
2767
348
9499
7930
5348
2222
5262
5106
6802
5997
6878
4838
4772
9666
9489
9551
1474
6154
6293
1873
9608
2066
6955
3901
6678
6819
1240
5715
4223
6469
5648
4945
3712
4523
10076
9594
7801
8278
2296
2732
7686
5243
9266
681
5133
9069
6143
2939
3470
1904
877
8549
8233
6578
5399
9933
7535
974
4387
1392
2697
5029
4061
2005
6918
9685
1937
1755
5012
4586
2364
9832
218
5907
7924
7610
2764
8822
1840
8652
3348
607
8340
9485
9961
6645
8699
9310
6724
5489
10150
757
3689
226
6857
4083
671
7198
6232
1302
1807
7403
9421
6513
10455
7505
5191
4219
794
7837
6206
8627
4764
7582
6435
7898
5195
10293
10026
7684
9874
6358
7756
6078
3246
10030
6160
8667
652
6140
8284
10192
5378
2822
2587
6536
489
6466
8708
6667
4087
7053
3914
10441
6699
429
7470
2464
9881
9034
4534
5379
7595
5055
2015
5601
1254
8151
7020
7885
6111
802
527
10214
8682
414
9629
6013
4714
3898
5043
10399
8127
1452
2833
9153
7530
10389
5799
858
7098
2060
2771
4256
10035
5596
1211
2924
3034
5187
3204
8467
834
8919
7089
2525
2328
6759
9299
3918
516
4001
7460
7793
10421
8973
3645
2950
137
2622
8984
9651
8584
1358
5655
319
10346
10333
4241
9908
4440
216
458
6031
4895
8338
776
10418
5620
4465
6
8924
8511
2215
1369
654
7892
6070
1881
8305
5900
36
6690
5813
2859
3052
9824
7012
7516
7568
3076
10295
2111
5039
121
3857
8590
4266
8882
201
9622
8068
8995
7002
10184
771
9022
397
8997
6660
3178
9475
5447
6300
3147
1957
826
1403
666
8191
9311
2311
9775
5054
6937
1019
422
3637
8069
8793
5844
7341
9297
1780
7906
2968
5559
3374
8190
3904
8982
2625
7281
7088
2934
6577
7464
6541
9993
3876
5301
6508
8136
8362
9734
3015
7709
74
3604
529
5514
2437
2276
10379
3432
9831
1304
6832
3621
7875
9054
8487
6584
2826
977
9992
2246
10060
2559
4207
1529
7965
8456
3176
1145
2077
6459
1430
4811
8076
9607
347
7611
4849
5663
2592
4038
499
8372
34
8955
6108
2156
6896
8454
512
6747
3353
9735
6433
1954
1057
7762
6506
9103
6175
4853
5409
8371
1577
1209
960
4843
4318
7625
5038
136
3685
3776
9639
3183
5615
9401
3888
6353
482
3824
3917
1146
3356
3949
4118
10168
4592
7600
6081
3201
6430
8179
3445
4921
7245
3487
7874
7690
9613
7643
1494
6781
140
1405
9917
4234
8564
3588
9020
697
1433
6166
925
3734
3444
3879
1095
82
3506
5235
2673
5328
9869
2693
4353
2918
3536
6077
2209
6316
9553
5176
8149
4729
939
185
1446
10014
1108
7653
9870
6107
6540
2258
7230
9945
10097
9555
6177
4809
5110
6502
6249
4801
1034
9507
3495
7500
4043
8412
665
2442
9043
6834
4037
9300
9219
3305
7996
2898
2146
4153
4169
5834
1184
2316
9070
7137
431
557
4725
5193
6330
2116
7661
7200
2620
98
4536
3945
2376
4948
3675
1315
5951
10312
8922
7518
1929
955
3392
4261
8609
8091
725
1596
8287
9046
5556
7465
2251
4176
9124
395
638
2492
3671
8333
9400
8495
1584
2790
1911
1763
8640
5219
5121
6190
1746
4441
8622
4683
8389
8726
6504
4559
8312
1792
3362
2031
626
4990
6046
9816
873
2202
7389
6468
2468
9807
10287
1173
1530
8294
7528
5497
7471
3798
2277
7217
6389
7263
6363
6537
994
5964
6614
456
6703
7905
8106
4306
2909
10002
1307
6327
9968
7688
332
3885
2702
2842
7102
9820
4707
9886
10353
9391
8530
6705
7742
8795
4730
1169
6814
8661
5048
1411
2047
9863
2304
1190
10071
10315
2397
7044
1636
9538
77
3065
7979
1167
6057
9456
7240
4463
469
4589
8763
8613
8321
10242
1638
287
2881
8836
2824
2929
5531
294
9251
3225
5630
7199
2509
4021
5272
2621
4800
5416
6403
1187
5912
5460
3630
675
7992
2676
4033
3820
3231
10245
2192
1621
2115
8334
10
7313
747
6609
7808
3173
6322
6460
637
5311
9590
1165
3303
10193
9354
5552
7555
1357
468
5205
5068
6517
10406
8988
10085
5915
197
8396
9904
2966
7503
7385
4026
9998
7683
3555
7711
6474
5412
5281
756
1258
3232
6312
45
7622
995
7897
4884
2830
5565
8751
4728
5072
8956
1402
3886
4224
3726
8992
3301
625
5622
6224
6405
8580
8112
8059
7005
8171
3197
462
1002
1242
2786
6288
4190
8688
5085
2937
8554
7556
5053
3441
8354
87
594
8789
3267
9758
5244
4068
3389
3349
534
8598
6020
4167
8815
8384
5719
6948
9852
9656
3592
4244
1844
944
30
3501
8381
2762
7453
2512
9021
5381
1820
7062
7876
3656
1810
8967
4193
8426
1843
4991
981
7486
3989
7571
1073
1566
2915
4588
2534
8458
76
3894
9683
528
4579
5734
7733
3587
7386
6886
2648
9320
4923
6715
4975
5984
4442
10059
3691
1376
10280
6133
1783
3457
26
3939
5408
3245
4451
3024
7827
179
4485
1538
4356
2012
6447
766
10290
8414
9696
1366
9270
361
2938
7763
4862
8749
7350
2750
18
2126
7961
8904
7309
4347
6248
5324
5188
10270
1619
8994
1160
6009
7238
736
5653
7072
4837
3911
966
5798
4136
10040
8714
3922
3396
10310
7107
5033
10057
8676
3478
885
7563
3545
8610
6679
409
1066
2184
3881
5783
8990
9902
6977
3282
3252
1964
6634
3727
6220
5171
5274
3640
3358
5086
1140
1569
8753
1779
4881
5685
3785
7163
2075
6765
892
6334
5075
1454
143
7669
7693
1743
4850
212
4009
8524
3440
4851
5299
5040
7026
3154
4269
6959
3437
8561
2716
7894
4279
1662
536
4852
6338
10093
6527
2487
5362
271
7412
3788
4458
7899
3424
7203
5184
2722
4084
1582
5310
3804
6464
5738
4411
7789
7447
5843
1642
4885
9122
9692
2081
3202
3586
9138
7740
10020
4693
1648
4977
857
5702
9123
371
3520
1255
10055
8087
8323
8673
9154
3677
4124
5946
4319
4692
5872
6796
10113
6748
3019
4688
8804
5245
10434
663
2016
4976
8040
8036
3724
5676
8781
8478
10058
3461
687
8256
6779
3560
1109
9864
2048
1408
6043
4796
2427
1008
6084
5298
330
10359
8377
2991
5700
2125
3583
7584
3990
5119
2076
3237
5360
4780
10414
2366
2590
4903
6942
3582
845
487
10343
6279
1421
10068
6000
9768
7080
3182
6217
4605
2315
3504
3416
4402
7109
2690
6800
4501
2321
8621
1907
4620
1378
3811
503
4653
1835
1660
1641
567
9493
3967
549
6899
1601
2524
5647
2527
10345
9338
1757
2772
1401
7999
390
1198
6741
1387
2931
5808
8527
177
318
3523
8960
6073
7421
7373
9028
2920
5512
2248
2528
3125
7359
301
7277
1164
403
2753
4997
6523
27
9097
1450
283
193
1276
6675
2695
5563
10005
2187
1334
2188
6014
1923
4339
7433
4786
8755
8211
2343
6202
4565
680
4445
2516
7592
6149
8889
9398
481
5445
9407
3907
1172
304
6487
6707
3484
9352
6345
1784
10227
5537
5629
10125
9883
9924
4203
8172
4130
9139
6786
501
6877
4682
5451
9889
9522
7687
9496
5252
2558
9644
7009
4698
6172
10164
7139
875
6793
4206
7244
1009
10161
4391
7864
3203
8856
987
1176
4047
8772
988
6318
676
5498
9749
2988
9319
7402
5754
1926
6680
8735
3046
7753
7029
5294
6769
251
9663
724
7092
3956
7234
5397
4192
4670
6962
8826
3165
3891
2999
6158
7397
2847
5526
1150
5743
9584
3174
7681
5467
2899
9655
7722
8383
4031
6790
2094
8484
5628
2109
10327
5024
188
2891
7628
7715
5642
3591
3420
8938
6854
3599
3311
6828
1925
540
3138
7550
2013
1677
5594
9116
6784
6869
1831
6999
9053
2216
9577
6124
1143
575
4744
8000
8186
2870
81
5566
7406
10203
9948
9307
2726
4183
854
5708
5646
2280
7794
7327
9498
8754
7056
8222
820
6863
5821
10277
1113
8330
60
7916
7342
6156
320
108
9628
5527
551
8897
9130
2257
8245
5077
8215
10219
3932
6313
5115
91
7067
5400
6844
6766
9214
6556
703
10275
4580
1512
2285
4385
8870
6583
6998
4363
8084
8048
8332
8212
931
5320
7273
1551
6436
7027
3855
9330
7033
3035
2205
2289
3080
1877
3327
1121
957
8154
5847
2493
8102
9298
7369
4804
9326
5481
1296
1194
9716
3300
6895
9132
2387
6514
7378
4823
8288
6647
407
518
10216
2700
1361
2201
7822
7440
3960
6050
8869
461
7213
5861
7719
5020
7970
4993
10163
2603
5092
13
4258
828
4635
3852
7286
9385
5368
460
6377
8559
1344
2497
225
10213
10266
3773
10276
8005
4294
3690
7618
10048
5411
8094
3537
7656
51
746
10199
4262
5446
2283
5817
5691
9999
7074
1032
4967
9808
6603
4602
8879
306
8307
4585
6251
6507
9906
6607
9473
4773
843
6452
2014
295
8504
4071
5483
9430
1381
1044
7046
2981
3571
2511
9364
7542
7437
4821
5688
3844
2703
2394
7541
8277
1995
1135
8553
4929
7704
2323
4170
2508
7336
3525
9681
4469
3422
2887
10236
9457
4156
8732
4647
3747
5261
1346
8497
235
9996
10231
9523
10077
5454
10415
6530
3073
5917
4805
9348
1316
10022
2631
6938
9698
5505
3369
7591
7520
3821
4545
2723
7831
8711
10198
1147
1134
2573
9228
908
5231
1956
6865
7257
4970
6883
5237
1468
2797
4518
10128
9975
6095
8133
2471
8324
1516
9772
5749
7990
2537
7291
4553
1391
4341
6682
7774
7743
7030
1561
9254
2300
7165
5169
2615
5770
6626
2073
2553
6600
2739
5887
5415
4784
2650
3624
5534
2092
5256
10413
3400
7838
1082
5111
2128
2800
9294
38
911
5340
1830
2888
8820
8914
6407
5269
5846
3566
2338
2398
4148
9532
1006
9637
3063
5656
1306
4547
9018
7884
5027
9079
4392
3778
2488
1962
2152
6091
7958
768
9379
3803
6260
2178
5822
3725
833
5645
6304
9196
230
6164
4659
4826
3837
8046
5441
2308
3127
5080
6037
4629
6569
5010
1100
7219
641
7259
9171
5672
4925
317
5000
3674
750
2339
2249
10388
9382
7648
9563
8257
9835
2445
7877
7317
8027
5640
4062
2390
2260
2829
7362
3111
1438
7459
2658
5506
2098
7071
8675
8824
3483
7439
6818
7565
313
5227
2054
105
4751
4100
10253
362
8363
3347
6419
243
3880
2348
6165
9191
2857
8043
3137
7721
7409
3408
5045
1701
9721
10404
5867
3761
8472
767
8096
7729
749
2744
2110
945
10079
3771
2759
1893
5773
4797
4371
9086
9930
2446
178
8276
6061
3333
2010
5366
10230
702
1062
9417
4533
5329
2618
9960
6872
8930
9708
8775
969
3294
5604
5521
33
6226
9661
7146
3360
578
8313
135
1213
2438
9245
1305
2123
5991
10205
3736
4032
195
991
3397
9751
209
1609
5980
3902
3575
9218
3288
6191
4179
4020
4650
3765
420
7698
2064
3994
4023
2768
6575
2391
5349
5744
6745
10370
2423
5487
9435
2785
1418
1645
3448
7049
726
3791
425
9101
3934
8532
4713
2327
3529
800
2137
2971
952
5544
5286
7986
853
2583
5982
3741
2475
7511
979
6853
3509
7128
5970
5161
6250
6309
10283
2294
2034
754
5089
10133
8887
4333
10209
4610
7078
1611
148
7208
1649
5095
10265
7087
4803
9743
9530
2875
4303
9248
731
199
7787
1042
8058
2783
5014
7749
1028
5733
1373
1039
5612
4752
7352
6354
9506
1407
4147
5008
1003
9557
3434
10138
5999
5671
6231
1700
68
2522
7929
8632
8255
4996
2231
7833
5013
8201
3569
7190
9510
7225
6685
1022
8134
7824
7253
5344
2336
3191
6045
9684
4745
8957
6495
598
6653
1968
5922
1759
949
3042
4866
10228
6910
9289
1311
4570
1182
6498
10162
4942
4832
7847
231
9099
8349
4988
7036
314
5995
830
9967
7589
8959
1658
9265
4846
2203
2038
9480
1491
5428
6477
4513
6163
8764
3185
6945
971
9879
7626
8963
2378
7645
5666
6881
6862
584
8303
9946
7857
9544
6472
1773
7127
3930
296
8748
1866
5543
1159
237
5084
2138
7390
4434
3290
3526
3775
2961
1031
8439
9689
2841
7974
5309
2951
9537
5212
6757
5643
4999
9014
2287
9618
7052
1318
6761
8971
5071
9305
2211
644
6310
10024
8644
6557
2467
4149
8291
10003
9312
6491
5814
8571
8380
3682
375
1144
6198
5216
8686
3262
9800
2944
8951
10147
9063
9395
6129
8770
4483
8862
3755
6272
42
806
4532
1541
3116
7950
4367
8187
3488
6311
6520
2057
5570
710
10263
44
9670
8633
9026
3900
9055
2139
6726
1708
3542
4059
2543
1080
5779
3912
1291
5318
8180
8568
9810
9106
1492
2568
6096
7323
3805
7502
5285
5153
3845
1988
8021
1372
6317
559
9140
1214
5429
1071
2408
5057
9279
10268
9579
2365
4677
7578
7284
2731
5658
415
8447
9990
8496
1593
6088
436
657
7246
2414
6616
2130
1293
4883
1732
2585
4651
9632
1186
4482
7413
7646
4097
377
6499
4461
6229
129
2835
6662
2237
7023
6064
1682
4288
1661
1498
5546
6767
1867
3498
689
6144
6399
6106
5568
9539
8070
297
1914
1527
3653
9466
5849
2983
2886
602
1466
126
6004
10108
3454
1448
9244
5442
7375
9447
9746
10010
204
6554
8594
5510
4608
3394
6906
72
3240
2665
8510
4510
7724
2659
7321
9895
3041
5790
4505
2955
8964
248
5899
239
1287
7130
3258
4436
1946
2090
10143
9856
7782
1796
3678
8489
3195
7526
4045
6927
4122
6390
8868
4421
5444
441
1300
5263
6033
2218
8054
1447
7112
10348
8360
5423
9237
5373
6666
9444
2670
2030
9636
3577
6230
7952
3407
9936
7840
5357
8223
4696
8728
311
692
3324
2481
3005
1706
5354
9194
6434
564
1431
2975
4813
1426
5062
7314
7480
2793
6047
4938
2761
980
6677
2042
959
8125
6532
9347
9550
7732
5100
7845
5771
1154
3760
7579
7944
10259
9801
7455
2314
8297
9554
865
466
7276
8581
8975
1864
6958
5619
2159
538
47
7478
7024
6695
7333
9207
9854
3933
336
8685
3384
4603
2127
3132
4561
3861
8853
2141
382
7726
3735
3264
6563
8725
7010
9593
3094
1567
5144
7396
600
9051
8643
6270
6126
8855
8941
464
3164
1766
1565
1607
9409
1678
5875
6291
5884
2876
9231
2470
8082
6463
1992
2151
613
10021
1788
4754
7115
3025
3895
6381
6782
7473
2132
4112
10054
1074
7297
9739
9653
1614
9126
8466
2495
2844
8444
9005
9742
3306
10090
7475
4039
693
10101
7769
1639
986
3832
9256
9779
3889
7524
5538
1515
6740
4934
9572
10356
9425
8022
1587
86
4308
5317
8250
3714
5746
6775
194
6987
4616
9842
2869
2803
6723
1058
906
8150
6273
555
5211
4822
4737
7882
970
6933
3163
1799
1053
7011
40
1444
1138
2084
7060
684
2808
3409
7118
8469
9273
6028
2825
3089
9174
1094
4025
3421
4426
9442
2952
4965
4296
202
7539
455
10170
2274
9268
2503
7334
5265
467
5768
6416
7785
10196
5422
2922
5704
3391
7788
6269
3721
3713
1506
8327
8720
6676
6052
9281
1826
3696
4346
4360
7236
7111
9546
9334
5433
111
2763
4940
7997
7125
10365
4010
9970
4637
10081
2485
4370
7552
728
8896
1228
9722
8832
8109
10187
8379
3146
1440
8365
7300
7850
6059
8157
1141
4652
10044
5929
102
8434
7963
7495
2011
8840
8557
6049
1522
9756
1622
2959
4595
7158
1592
8485
2571
7438
8520
4278
8743
7872
10250
1517
5090
4924
9415
9031
7157
7148
8071
508
5463
9796
4005
124
9725
10390
10445
9959
3383
2117
4335
7484
404
8734
8045
9891
10102
5761
5706
8704
1920
8342
8270
7658
10279
5419
10380
1666
861
9988
4284
83
6321
6113
7908
8105
1341
8481
5940
6816
8240
983
3752
7588
5961
186
2461
7730
3853
4944
3971
4301
780
1626
2523
9882
2519
9241
856
7710
9966
1653
4416
2694
1976
8758
7506
7119
9232
2623
1195
5967
4699
5631
9274
7655
6048
9898
5529
9905
2360
9762
5224
3103
9340
5979
3505
8275
4327
9987
10385
9866
5495
6594
759
5418
3458
1778
8111
7376
1744
662
8285
5315
1478
7567
401
7288
5376
5573
4139
5518
1349
8779
1687
8160
7667
8325
6365
2678
9573
8966
9733
10130
10316
9119
9336
1477
4673
6098
1259
4428
4056
7423
7428
6891
3463
5996
7598
7867
8917
893
9263
3977
2053
4922
6424
9634
8225
7312
1941
3648
4860
5222
6235
9857
3412
3149
2496
2379
7558
3226
601
7814
5437
8144
9158
189
1590
6996
6038
8006
8224
8302
3453
9169
1761
8152
4036
4394
1385
7949
5582
5303
2429
8702
2196
1885
8709
7035
852
6636
3266
805
6008
9753
8784
2852
9638
236
122
5166
3729
1695
550
9323
4717
9469
3823
433
6053
7800
3140
5236
3619
4168
8221
1171
3554
1285
2816
9526
4017
8013
7135
4939
1202
5561
4792
331
10272
3472
2819
587
7775
879
6380
3687
470
8235
7099
9378
7725
8335
3081
1715
552
4243
5927
2556
9657
1471
2114
8247
2162
605
4842
2858
2386
1620
4316
4627
1685
4399
5364
1599
6856
3013
1011
3007
4272
2354
10206
1367
1898
3236
8092
4158
7264
3862
4655
3584
9652
4103
3975
6859
9015
7235
9773
7755
9640
2290
2507
1001
3012
3539
7738
1155
9795
1629
3576
8318
6065
6694
3239
10189
4077
2845
8492
9467
6384
5456
3350
6243
1076
9719
5319
6392
2667
3134
1959
29
3534
6289
7301
145
10106
6170
4473
5842
6265
9491
8657
9285
580
7731
6956
2893
2459
2935
2730
8128
6720
4264
4307
4280
6280
4987
2992
5823
2809
4173
8599
9003
5499
9286
6283
2757
1013
839
1434
3710
2877
836
2166
7117
9239
5271
5740
1994
4986
2617
1232
999
2453
2979
6949
2147
6931
2333
10361
41
4916
7064
5572
8692
8925
5126
10324
7890
1038
6692
5022
274
5434
2426
3217
157
31
1790
5178
3223
3909
2779
3402
5295
1770
4569
2551
299
7435
5953
2197
6387
3925
9922
522
5496
5183
10038
2923
3952
7239
7928
4366
5238
2940
9259
5065
4230
2752
4393
5862
9497
7325
9947
940
6394
4239
8031
6957
7954
7734
10249
7671
640
1651
1340
9188
4572
946
5223
1090
9805
284
4765
3030
5482
6539
2554
8147
7084
7226
9290
7349
1692
10292
3118
6917
2108
5776
6428
2410
9478
5574
3122
3622
6125
1118
648
1958
5352
9595
7914
12
950
5435
10229
4905
7205
7141
913
3269
6290
2161
3797
3854
8592
1693
7122
1884
7450
3496
1981
7945
7761
2504
1295
664
7593
479
9630
3644
8120
3128
5120
1235
2264
3993
2381
5384
360
302
8844
393
8475
1027
146
8958
3602
4049
6473
621
1960
9165
310
2119
2476
2635
3139
6237
3562
5878
3968
9246
8392
8597
5438
4255
3
4478
1203
10366
788
5723
10166
2044
8701
2186
3903
2564
3515
6995
937
2122
4315
6989
10304
10291
6719
2749
4516
3101
1303
1419
4422
2407
11
6525
1064
7513
7014
7015
1734
8802
8834
8446
8865
9821
5507
8453
4831
3607
1871
160
3405
7781
525
7971
5679
4067
8118
5873
10260
1751
10006
1030
16
5088
10013
7522
10082
609
4488
8174
7003
3086
1196
3279
6018
4828
449
4702
2867
10050
7619
10251
2189
2101
930
10064
1335
4614
659
5458
1388
2039
9035
1656
9839
2006
5108
4271
5221
7430
7649
6746
3672
1331
8331
485
618
5104
1598
9633
9780
180
3325
633
4611
1719
831
4379
1495
7605
6605
7829
1553
1079
71
3660
9465
1323
5753
884
8213
2326
8573
2586
4113
3113
10132
2460
677
2091
1483
451
66
9190
5051
2741
554
2960
3062
9291
2055
8130
1688
7799
5680
6521
1821
9374
3390
774
345
3144
9688
5470
8375
8946
3618
816
8155
6787
9910
6060
6974
6855
4099
1825
9146
548
4220
9592
4598
4216
3381
8991
8890
8551
4771
9615
7399
6925
7193
125
706
10183
6110
8698
3219
9941
5893
7151
9093
4196
886
206
4799
1605
2067
8505
387
258
3827
7372
7096
6893
9178
3242
4265
1984
418
1725
8117
3580
6688
7981
8618
10311
5453
3048
1850
5555
9747
245
3617
8759
3121
740
1350
9083
3278
5123
3175
6701
9528
2843
2058
815
8767
9679
9288
4558
9004
9257
4405
7344
4093
8796
3413
2220
1212
6894
9437
5226
2675
3510
10017
4606
4227
4205
4618
6570
7862
448
9030
4624
1583
8176
6693
1927
9914
6522
6292
3037
4626
9921
7338
411
8196
10433
10181
5300
2994
9412
2261
10142
6207
8526
5869
4749
775
2309
8132
9073
6383
8596
10371
1617
9189
9834
5050
8166
6935
1555
171
1940
8121
608
6007
4989
5156
9484
3070
9825
1424
1061
3108
130
7806
112
6511
8620
868
8700
7149
6990
5016
120
2009
8509
4607
563
8985
2562
700
6209
1355
4155
2200
5724
9426
4671
9068
7931
8219
2862
9994
3332
4454
9012
97
4015
1487
500
1705
1970
9695
784
8060
3697
8004
8624
1112
417
9344
5805
7784
2807
3981
8895
1745
1979
1643
5019
8355
849
3228
10126
897
6415
10408
9422
5627
1479
5021
6978
9851
7371
3929
2696
7452
10110
8451
1673
2973
7631
596
5520
7287
3283
5737
5030
4981
4365
5896
192
6588
2194
5963
2776
5003
5157
7616
4904
1764
4309
3367
5337
8920
3361
3548
6458
1872
1750
7290
7041
1428
9
1268
1845
5919
5175
3836
4144
1562
3194
694
6112
21
1961
3451
3833
2173
569
8780
10155
3692
6973
9643
8116
1842
6173
5478
8140
8430
1412
3251
7265
4689
9712
9549
5185
4549
6936
720
6218
1787
5232
8204
3972
8203
4348
7472
1078
8464
1571
9888
7630
7561
5097
4502
8858
9828
2359
5775
4355
6094
8742
4710
3117
1774
7247
8900
4132
3221
3196
8296
10286
7499
1704
9016
6228
3906
7185
6870
10426
3455
1128
9677
6489
9715
8126
6347
266
7229
1333
385
4646
10326
9604
7811
2930
8567
3040
1264
2925
9182
10063
48
8473
1711
4030
4974
905
6519
5747
7456
6640
6976
6296
7223
6324
3759
3950
4338
9705
2179
5870
8901
373
3342
9041
1728
5736
5778
6845
2440
7048
8351
2225
4311
562
7940
8839
7545
10051
3321
9984
6831
4674
5206
3044
9112
712
10331
1208
9321
7324
3210
9926
3897
929
1010
6728
7347
3781
410
8937
6115
4935
5936
570
6698
2245
6132
354
10305
9890
3043
7022
9846
3574
7943
9253
9981
6716
8565
8943
9017
9042
8310
1676
1806
7332
4746
6559
4661
7330
9445
1860
5806
334
6873
6457
691
4398
3096
6736
5063
3809
6257
9867
8842
1913
10282
1822
6913
7771
2332
3446
5990
10028
6093
473
1707
7764
5515
772
4963
9944
5134
3638
6926
8719
2392
35
1451
7070
2033
2787
709
2228
2986
1793
2157
399
10396
1337
2813
2093
265
2672
8234
1267
2322
1012
4257
3806
4396
6750
5824
4820
786
9658
1091
9249
4625
2879
1944
7271
6406
8631
1514
4101
6294
5971
514
7602
1887
6076
8079
10197
7231
9759
2431
3733
8591
3649
2746
5832
7700
1249
9082
3958
9329
4289
2692
5892
719
9389
1410
3570
6903
229
714
4123
8261
4660
742
2998
2850
2766
2581
1936
519
7295
117
5611
2532
4
4718
668
2298
3514
8905
