409
226
435
605
583
702
665
111
310
200
587
315
136
247
708
548
38
460
206
383
640
57
293
659
625
70
147
621
75
408
82
494
536
586
194
261
520
154
135
216
175
567
611
390
265
197
67
707
13
365
292
417
418
705
350
146
43
473
379
270
220
581
560
388
268
425
403
290
122
211
77
556
589
27
94
166
673
174
221
580
607
278
591
134
661
642
500
254
397
33
677
297
626
233
368
140
44
121
454
396
228
426
419
240
76
333
196
4
565
108
3
250
433
453
259
352
298
72
334
402
207
391
531
267
116
73
93
178
653
264
203
23
472
302
120
457
257
599
470
150
21
89
424
674
465
382
687
672
236
283
517
462
527
360
95
420
263
373
634
427
471
6
173
285
620
40
694
407
670
219
90
149
65
380
28
434
507
649
102
119
224
83
117
461
448
499
377
222
123
322
579
180
678
364
485
244
66
501
573
151
279
496
312
316
422
53
585
445
47
497
633
676
438
245
101
395
145
138
498
341
704
509
363
700
557
340
183
430
97
336
685
538
628
658
508
416
724
553
366
87
446
305
256
619
582
60
205
720
153
161
148
318
467
603
533
463
529
690
348
459
614
631
78
359
683
400
358
544
223
42
423
492
703
597
17
51
686
652
671
115
502
367
636
288
275
187
225
384
602
456
41
701
129
546
331
575
251
295
698
362
378
167
376
162
647
356
645
20
190
551
681
511
412
369
635
564
286
510
410
343
317
656
696
566
184
666
12
506
191
404
421
542
648
355
26
328
114
712
104
691
37
428
650
227
156
323
688
294
238
296
327
98
401
415
530
248
201
684
131
282
7
276
329
441
475
243
561
663
88
213
616
127
158
484
451
142
512
716
622
182
675
493
450
35
660
521
392
125
321
16
354
252
9
1
646
186
15
389
124
62
592
143
192
483
387
706
715
516
664
610
342
193
480
667
503
385
495
230
55
330
126
314
281
311
598
524
289
84
515
50
11
617
14
709
549
100
444
303
25
347
489
260
504
80
85
181
106
71
326
99
439
110
440
447
604
165
452
163
476
8
437
274
59
655
246
552
550
237
629
468
242
284
300
345
505
92
69
713
479
662
477
210
64
177
232
231
570
600
693
61
229
258
442
157
214
335
543
482
185
488
490
541
558
486
32
209
81
31
381
249
269
271
523
218
19
204
339
431
654
638
525
518
189
413
171
455
615
172
594
155
170
398
144
324
54
103
697
46
399
195
386
547
710
58
39
627
112
443
361
644
107
717
682
519
273
639
176
253
306
562
5
169
436
262
578
695
534
657
630
595
307
18
234
299
641
208
458
280
613
612
30
572
535
528
405
372
139
63
624
346
24
563
637
34
590
109
568
699
118
643
374
337
481
10
554
711
74
301
68
593
217
79
464
287
56
532
113
164
574
466
689
679
309
188
96
133
487
432
179
49
215
449
719
526
291
371
514
255
91
569
308
130
669
52
411
609
491
319
513
160
353
29
406
235
0
320
618
429
239
680
137
357
555
668
277
132
338
596
199
212
623
141
272
152
714
588
723
393
608
577
722
540
375
344
349
718
651
351
241
304
414
559
22
325
522
721
198
584
537
606
45
474
48
266
478
632
36
545
571
202
159
86
469
313
2
168
332
576
539
601
128
394
692
105
370
