9
41
2292
1715
891
1631
721
1373
2392
717
1793
2112
2236
814
712
2272
810
2606
1369
1132
608
1356
1207
1492
2121
1380
492
165
2358
699
1867
2533
1342
1068
2077
3
1763
180
2053
822
291
447
12
942
2624
2581
1029
1647
117
499
96
1134
43
600
757
1090
865
2515
2464
102
1450
559
1206
1884
1635
74
1173
164
376
1112
1403
1371
2580
2284
1886
1121
2212
644
2181
590
2676
1688
879
1200
132
946
2629
657
1125
850
2069
2584
2126
205
405
2081
651
322
1477
748
956
2127
469
1724
1470
1643
2037
343
2164
2466
2535
1889
1007
401
1444
478
912
1170
683
1658
2449
719
576
1370
700
799
2030
2277
1730
1602
1412
2732
1216
2280
536
1018
1445
1562
2635
1640
1649
2347
1404
2301
148
1776
1766
2138
1020
356
128
1946
1887
271
2279
2167
884
1526
2739
2454
2596
427
1360
993
2229
1439
853
1825
802
1282
724
1466
2139
1341
2303
2435
1550
2275
652
1315
1083
289
392
315
831
1583
2528
819
838
1922
922
2143
1611
2641
244
2468
957
2625
920
144
1000
76
395
1366
1737
1027
2074
2700
77
2258
338
631
457
548
2026
2308
2711
1536
147
2593
167
467
2235
1794
451
2521
1842
1255
335
481
2661
83
2305
730
2006
2062
1989
2274
2395
2066
1877
816
474
2156
1726
8
1985
1829
1009
1509
2639
2579
2599
2600
501
612
628
1406
533
1713
1909
2371
2655
454
400
295
121
1703
2389
2217
2004
2329
1512
1621
200
2218
75
692
2582
131
424
363
1543
1745
78
52
1092
412
1798
2050
1472
580
1336
1464
1820
2525
436
2421
1187
1243
796
1251
48
1697
2601
312
1541
1295
1554
51
2178
1833
2480
1163
617
1934
1584
1247
288
1520
1916
1592
1533
2165
1968
2406
1944
418
1675
1056
1196
149
2057
1608
1677
1822
685
2610
142
2378
449
1524
1865
821
1809
2476
791
230
2465
870
1510
172
2213
1844
826
621
709
2439
542
872
35
2278
382
1659
331
945
1967
2717
2586
2176
1167
59
1901
1729
987
595
2473
2474
1689
543
1402
44
1923
1555
2627
795
1960
2419
860
997
2148
2191
2728
2415
374
383
1535
1478
63
2634
177
1024
1297
2064
2379
2487
538
1591
843
1642
1854
2388
676
1869
2631
2526
633
1030
1925
1139
2356
1903
1254
103
1260
98
486
156
1661
2022
1881
2544
2721
2309
2134
234
556
2529
1897
303
1075
2423
2659
1930
529
1349
1957
1451
2034
1223
2647
38
1756
828
1031
190
2713
1217
1003
2511
982
269
2049
1977
143
1540
2675
34
732
1105
1480
705
1241
1476
1035
1052
1312
918
1350
425
300
2518
1970
1042
1893
2425
751
260
2523
546
1680
1727
85
1582
670
516
642
1005
100
1432
1700
1499
1355
1325
1328
1723
2723
1133
1225
2653
2680
1475
1787
2304
1093
134
339
2489
2256
1289
500
1692
1311
2039
372
2405
755
718
1613
589
2513
2353
438
437
1250
82
2003
495
71
1231
1733
2481
2478
365
1632
844
706
201
430
459
1702
2505
541
2100
898
2107
2617
56
1797
1612
2589
1438
1617
1566
2470
1126
2232
2169
2091
1449
1111
1782
245
2253
1932
2444
661
2110
1853
163
325
518
1549
1186
1154
1898
1218
66
2492
2410
1019
2681
2013
2636
921
2506
525
1233
2334
2296
2566
1023
1419
564
1996
1484
2354
1038
1595
2462
1485
2363
1939
1189
1184
1087
1665
2331
2187
1931
1523
1843
2252
1185
1269
1896
174
866
1831
1198
1358
2684
2153
2563
892
875
1516
1293
2613
2122
1606
489
2471
2503
2632
306
2447
2163
2185
2318
2656
2
1995
1022
2306
2710
1722
1292
857
2403
880
2551
2109
887
2173
2394
1600
1011
407
1630
1050
1191
2724
935
1263
2099
2125
635
1503
1123
1653
1053
1099
1313
381
2554
1388
944
2175
2352
2204
2101
1508
2343
1331
950
2230
1633
37
955
390
1795
824
1008
1890
1574
2555
348
739
237
2002
139
1398
1487
2747
106
981
1249
29
972
650
2557
584
1329
1615
456
637
915
2001
233
2323
2270
1113
1458
1291
1226
1840
484
963
562
632
1571
873
2417
327
398
1994
903
188
2497
1620
433
513
923
2289
1166
1954
1025
2257
2377
1686
2552
88
366
2626
280
674
31
1774
1519
2307
2689
1471
567
1387
364
1321
2628
1683
81
278
571
1984
572
1805
2483
797
2361
881
227
304
2695
431
1193
618
2561
154
1143
1575
1230
140
812
23
2302
1457
2087
441
577
1488
1958
569
1717
452
1719
2678
2299
2076
2330
665
1429
65
2261
599
1669
1863
2219
1322
420
1918
886
2042
2051
2484
326
747
1256
328
1754
2365
1323
2198
992
2019
805
978
895
1391
1696
1525
124
504
49
1490
2008
116
207
1564
2373
750
1397
1033
1071
1100
1104
1668
2024
2200
2745
1392
1861
1962
591
1368
885
2359
455
2052
2496
2669
2005
2023
990
776
1156
60
73
1219
2458
2085
1395
2726
2291
1978
1141
2288
1588
169
1681
2322
1917
1146
2349
1262
359
1888
1650
493
2735
409
1747
549
2225
790
2553
869
690
178
1364
772
1573
472
864
1172
1872
1911
2324
2327
94
1757
1777
868
1546
2016
1151
1601
1343
1827
1425
2670
1306
2414
1418
930
1851
357
2475
2211
268
2677
1045
209
480
1436
1491
265
526
2247
1229
1058
1986
1493
416
587
2151
1953
1744
522
1714
784
173
2429
1545
336
2725
86
1287
883
1945
551
2080
2428
1645
2381
2199
1136
347
646
1739
677
1390
1240
394
2208
2152
1190
735
2031
2012
1993
2055
2265
2391
1377
765
1997
2570
832
578
1664
2282
1804
1866
2060
672
13
836
964
2207
105
1980
333
93
694
1760
24
656
1002
1511
1623
586
842
627
1579
1542
998
2424
2602
2132
2730
1422
2241
684
175
1272
1502
769
1054
2571
186
1214
780
2293
2201
867
1880
183
643
1409
1452
2532
2335
2603
302
2558
1091
934
196
21
954
2623
1051
251
1690
319
1748
793
2652
1654
1372
531
2048
120
2380
582
1066
1959
2437
988
111
1892
1059
2666
519
655
1461
1411
2242
1195
534
1578
1788
740
1284
2527
2512
2598
1701
592
2340
619
720
1941
5
1625
678
1463
293
1684
2441
1069
1194
1155
1209
428
1482
1876
113
1667
2154
2537
2234
1634
1746
995
2298
773
22
1421
729
2457
294
862
2319
2562
2453
26
2205
1708
2009
487
2036
2738
434
1506
2633
1972
417
688
1819
570
2587
741
1232
1110
444
2630
122
1043
2404
413
2162
2206
104
2382
189
715
1847
622
1971
2146
727
1862
1169
1171
460
1462
2548
2583
17
1850
2115
1396
535
2569
1453
176
423
1921
660
999
2202
986
2442
1460
1818
2203
667
1716
1037
1943
442
50
2671
900
515
897
2294
360
1363
679
807
214
2370
2254
1694
871
112
419
1975
0
274
2104
2568
2147
257
636
1846
649
2594
1103
2614
1164
917
2267
258
2545
2096
901
1333
92
298
2538
1138
213
1940
2682
2692
181
2416
2103
837
2084
248
2387
1344
520
728
2609
952
157
1753
1149
878
1236
1106
1801
1988
506
763
1286
1791
1672
840
2092
2455
1868
624
351
2168
1964
2531
1624
742
2136
1767
1465
2565
855
606
737
899
1586
1652
1799
893
1780
609
432
1779
1870
2315
707
2124
330
2196
1651
1266
2228
2706
527
1712
334
1210
2668
1413
1393
1938
610
2690
2259
594
2346
774
70
199
1414
668
2490
2727
1856
984
411
2412
2033
758
2268
625
2664
33
653
1102
2698
1902
2411
141
1924
1275
1077
1626
305
90
1177
1290
2179
249
377
786
2642
777
2448
2541
193
2477
2313
246
1663
775
2488
1039
1238
1855
2637
224
2550
1270
1095
1695
813
1596
1437
2384
1965
2075
1340
2097
2753
1080
408
2046
321
882
1514
1239
1347
1709
485
911
2339
1682
32
1375
1454
1698
324
521
1150
166
19
659
1778
815
985
2688
243
2044
2494
800
2159
615
1749
829
2446
323
194
1817
2520
1790
967
806
373
1497
110
933
386
2665
1300
2577
947
766
1928
841
1107
1389
771
1428
1261
297
2332
1061
1495
1416
1278
503
1915
1408
1676
2155
187
1179
1570
461
1276
2290
640
1655
1837
1852
693
1765
28
2246
517
155
913
703
1180
2067
2399
2078
309
1949
2321
983
2422
2360
25
2752
1789
1935
387
46
375
1362
2010
203
1741
2740
114
1848
1576
353
1807
1486
1673
2273
1435
57
1873
537
1736
888
1351
1348
788
663
1446
2539
195
252
1015
1044
547
123
2120
2374
764
264
555
1587
616
2243
2597
2685
2325
259
1082
72
1202
1352
2733
1660
2194
2237
2517
2504
2718
1117
62
1144
340
1532
1992
2113
1302
429
161
1137
2662
2493
1743
2722
2499
1883
1148
369
1547
2040
905
1305
1047
2133
385
2556
859
483
1522
263
558
2622
1442
787
1160
2683
277
217
396
716
1147
2467
1879
2209
2743
2651
2731
1685
342
450
2703
1981
2000
170
1908
171
514
2316
1374
1679
890
1734
2479
1948
1041
479
118
2663
2295
2028
223
2337
2679
89
160
566
2574
380
276
2269
550
1028
494
1557
54
415
184
2197
127
1089
2588
2400
215
2413
1298
1544
1443
2338
1354
1773
2285
808
611
973
604
1505
1834
1534
1998
247
2509
310
1135
889
352
2286
524
238
2396
4
545
1234
1086
2072
863
752
1860
710
2221
630
711
924
2135
2393
2244
874
1098
1084
1152
2058
929
1274
1469
1006
1838
539
475
1599
1619
468
7
1750
108
1693
2226
1553
1346
1762
1108
680
2712
714
552
2559
1204
1145
2672
1810
1494
1691
1073
2754
421
1742
2320
925
1423
1317
613
1279
1382
1094
284
1871
510
1004
2426
226
910
285
2547
1456
399
1951
491
579
1410
768
2619
1273
1513
2694
1969
240
225
229
2432
2119
2376
1845
733
927
2214
2714
1114
2386
749
42
367
150
101
785
1467
725
753
1891
2605
602
809
1735
1515
941
794
1577
2362
2549
762
1963
1318
402
228
1521
136
575
1961
379
87
1537
1303
639
1165
960
2248
968
675
1252
959
702
1929
16
971
1878
1337
462
1118
2431
2719
876
1259
2572
1316
1707
1157
463
1711
1904
36
2522
932
1594
282
1565
2646
736
2090
1628
1552
2645
2482
825
2543
1581
1806
2612
1830
2231
1832
2433
511
722
1786
1474
2704
833
2372
1065
2297
767
47
2498
1987
138
1378
953
1078
1826
704
1517
854
2098
906
2222
1268
2014
2649
940
2749
792
1448
1433
1159
1345
1812
2456
1188
620
1192
1208
67
242
1816
597
2141
317
1431
1781
1017
1130
1666
2239
673
1168
232
2336
2485
1882
2041
109
669
1385
2029
2519
2333
1013
1420
97
1731
2342
2436
320
2643
202
2734
2326
1568
1381
1101
1407
1518
2691
1814
2068
2607
2210
2216
574
448
2174
2507
2658
458
2687
2114
1761
782
1040
464
1010
623
1560
2742
2251
2220
563
250
2161
970
1982
2341
1910
221
1021
192
153
2648
530
2737
279
2183
965
1507
115
1580
603
1704
378
2595
1912
1222
1585
1057
2385
789
1919
1072
1674
1307
2540
145
30
2546
2573
1839
1221
1441
389
1874
1405
1473
2056
296
2348
2463
2054
2149
316
1662
384
1183
1914
1973
2585
53
2314
846
1991
691
614
1271
1212
362
1955
2390
2105
1784
1775
488
349
1636
1720
502
307
388
1427
2375
2495
10
1258
1
565
2567
2696
1705
1768
1648
2667
2271
241
962
1430
2427
1769
1244
664
477
1283
1836
708
2117
2351
1434
2744
1181
2524
2260
1538
2604
1026
1049
1176
2195
290
2709
218
422
573
1182
958
505
1802
119
671
1894
2644
1500
208
713
2027
1447
1800
2621
2508
1310
687
2255
299
287
2157
1122
1933
397
2660
2451
2383
662
629
1227
1220
2741
507
2701
308
936
1281
2397
2021
894
593
2166
689
1034
2312
1687
410
2011
804
2590
1079
2025
159
1327
470
2093
1046
2145
681
847
329
553
2751
1657
371
2264
2418
91
1976
1551
1952
2137
1999
2017
2015
2693
1824
191
1330
2095
1496
1074
994
2398
975
281
607
2618
162
2705
473
937
2407
974
2510
332
1280
1905
845
262
182
2638
1823
581
1459
1593
2438
648
554
1539
1376
939
696
2215
1001
848
907
1906
2276
2007
345
966
179
1142
393
2043
996
45
1365
1384
216
20
1483
770
1637
2249
272
1248
354
830
896
760
1076
1561
2445
1530
1197
1835
1257
2697
1067
1012
1288
84
1127
1605
2118
1725
2233
1783
2281
2620
778
512
471
496
346
497
286
1718
135
1224
743
355
1609
1752
2715
1088
283
2300
596
2123
1913
266
1864
311
107
1936
2071
2611
2720
61
301
2094
453
219
601
1253
1942
583
745
1618
695
15
1751
1109
337
1895
482
1990
2736
1979
1950
1710
2534
744
2461
961
2189
654
2440
783
2172
256
2345
99
1235
557
125
1656
811
2082
849
2108
818
1589
2310
1399
1401
852
1875
1211
1359
1326
2616
1771
2170
823
2070
969
1770
1060
1301
6
528
949
1531
1320
185
1808
1299
2184
2131
2516
1644
928
2530
1481
779
2158
2102
1828
2401
2491
1367
726
2311
2088
55
1213
1158
490
2673
1161
2450
2640
1264
916
1504
152
734
1175
1265
69
1205
2578
605
938
1983
231
948
1857
1563
1899
235
2250
1590
979
1498
1153
1616
443
2180
1304
1016
1529
2150
1357
414
2750
1085
211
239
220
2472
1162
977
2367
158
2240
1334
754
1627
151
2452
2501
1178
1622
1314
498
1841
1558
1440
1638
2716
133
168
14
2708
1527
1277
11
1379
1772
2129
476
1201
914
1559
446
540
2140
1740
1758
1639
435
798
1920
1501
1728
1308
2592
2142
1048
2063
80
1567
267
18
698
1732
1309
1131
647
1956
39
1426
445
756
1128
2430
27
68
2434
2266
2317
801
2686
1332
2188
2366
465
2502
991
1569
2369
908
641
292
2182
1927
1119
746
2615
361
2073
839
2564
1479
2128
2144
2045
701
1199
1468
1671
2443
1383
1386
2035
198
1036
40
1064
1215
989
2514
2116
1699
1174
2608
638
2650
682
2460
568
2130
1937
909
1324
64
1116
1245
2238
129
731
1338
2707
404
2368
1900
1607
1242
861
634
2059
2186
2086
919
561
820
466
980
2038
1124
588
1678
723
1129
1528
1097
255
1966
2283
1796
439
1081
273
1947
1120
1792
2699
1858
1070
1738
1603
2224
1646
1319
1597
1203
2486
902
2263
406
212
2287
2160
951
1759
204
856
626
658
270
1721
1096
834
1974
2408
2654
508
1803
2227
1339
2177
759
509
2262
126
2576
2560
2575
391
275
1489
1821
341
197
1415
1813
1548
350
2355
318
523
1417
2223
95
254
1063
976
2089
738
1604
440
2402
146
1294
2061
368
2702
2047
2083
2674
1885
1140
236
1610
1335
1764
2469
1556
1285
2192
1815
261
2111
2018
2106
2591
1811
58
1670
1394
2344
222
2193
2357
851
79
370
827
1361
2729
137
1353
598
2328
1055
2020
943
2409
1641
781
2065
1246
2542
585
1907
1629
817
2032
761
926
544
1062
877
532
803
1267
1115
2500
1228
253
686
931
645
1706
1237
1455
344
1598
314
2190
1849
560
1014
210
2657
1572
858
2079
2746
313
358
2420
2459
835
697
1859
403
206
2171
1296
1755
666
130
1926
1785
904
1614
1032
2350
1400
426
2536
2364
1424
2748
2245
