540
698
58
2343
2470
1820
1852
2498
1155
1410
399
565
1220
1425
354
299
627
1717
1976
744
2341
1497
1645
1408
530
983
724
1863
1587
413
835
1707
714
2479
202
2496
1869
1365
1760
994
1887
1137
2042
1833
961
248
1342
1492
585
639
999
484
274
1901
1674
1957
346
379
2492
455
215
2243
1692
211
68
2213
768
1813
1307
2071
406
2115
1178
2385
1397
2440
787
934
1390
671
2197
833
647
1781
2014
836
584
180
549
974
2062
2468
637
1065
1060
1025
497
2156
1002
1005
911
40
720
920
2189
1496
2405
458
2017
1322
980
2292
2058
2285
2373
1689
1932
2231
1432
548
2387
1519
1015
653
801
1296
2273
2375
1446
171
1999
265
2053
2256
2167
2164
1331
958
419
2222
1377
1657
1747
2442
1112
345
784
2074
1187
1570
2037
2441
212
738
2443
1247
123
1594
1019
1819
2126
761
1584
1877
2130
735
1888
317
1111
261
1844
2476
2280
589
2351
1851
2177
688
2368
1113
344
275
2067
1854
1173
1845
16
1154
1538
2444
1601
1516
70
330
1056
1968
1477
2104
296
1229
1726
375
260
1159
2397
1870
1276
1974
825
834
718
414
568
1050
2178
2355
1777
537
1303
145
1745
1693
1778
2416
1608
1622
221
1372
765
2465
367
450
1142
533
940
1940
993
1101
697
1227
2379
153
1413
705
1328
1392
1499
726
124
198
1738
359
2095
1016
426
1664
2212
863
2330
1554
936
583
904
2488
54
529
425
204
1857
2209
2138
2457
2075
1794
1404
722
117
1023
673
432
1206
2434
555
164
366
279
1719
941
767
339
2429
1715
79
2270
928
1832
969
2044
1591
1470
2458
609
1896
2321
1103
2460
136
2080
2346
1258
719
881
1705
838
841
1665
2131
2141
976
1847
764
2417
259
985
546
2450
2174
713
2145
566
376
181
1027
1701
2421
1073
574
1954
1306
271
504
2277
310
1081
496
729
378
1287
1020
511
4
293
2041
597
1225
1445
381
1418
2144
495
1616
814
2151
562
314
216
384
2221
894
1565
1075
41
843
396
1672
2376
233
605
2491
556
1784
1836
521
2242
313
1712
1515
2002
1508
1063
369
405
2021
196
1666
812
476
828
362
2050
1984
1262
1670
1783
97
480
160
1046
743
2184
1314
307
1668
38
1148
1788
1008
1132
1536
2347
780
8
141
1334
2143
855
2015
2077
1815
668
715
1975
24
420
2432
1082
2325
1054
629
1700
1696
237
1860
2063
635
392
1684
2219
675
1264
1093
1866
1949
1472
134
142
2029
1435
1194
2396
2210
2331
1273
395
2418
1009
1917
896
2356
2086
2100
1106
959
1923
200
1272
1201
154
2136
656
2241
507
2236
551
284
2106
2402
1098
1238
1136
1960
286
611
138
1934
2297
2133
1403
1762
1230
2229
1158
62
1884
1423
1094
1804
2281
2119
1839
1704
2122
326
2038
42
732
1963
1671
1625
1768
1311
1283
2308
1018
148
2010
1427
2493
2124
890
1058
847
575
2495
776
2348
576
2294
1386
949
1456
2284
332
1837
2199
875
748
1602
777
1057
760
2271
2187
1485
2180
805
2462
239
1821
371
1420
2494
1411
1580
1633
871
1560
2406
331
1001
824
272
1491
84
770
883
670
603
1903
1369
2398
2485
908
2022
1104
2263
932
1250
809
2054
2175
1964
19
128
2364
678
2005
1541
473
1437
1825
931
2304
475
757
454
2176
707
2172
1308
1991
848
348
1312
1826
973
1734
328
1452
1184
300
753
2333
519
465
1699
779
810
1948
1797
1424
363
1467
185
1357
1356
960
2371
130
232
1118
338
255
1021
1613
1942
618
984
2291
2296
2326
96
1116
2436
451
1571
143
962
429
219
1959
342
634
690
2298
691
1434
257
581
1606
324
337
2463
772
236
1254
971
1713
686
1911
2262
1293
2354
1088
986
2068
9
1465
1867
1716
1076
965
2134
1510
2148
1384
516
717
1214
564
631
1475
786
2279
2410
2135
868
1062
214
18
470
542
1732
560
819
1458
485
652
1970
1985
796
37
230
1169
1623
2306
295
1583
1978
925
456
336
352
1383
2087
2084
1343
1619
600
937
1130
1528
267
1680
2110
1151
943
93
302
223
1190
177
523
2215
681
789
2449
1041
110
67
2252
534
1140
1953
309
1353
2093
182
1022
1498
2001
2408
712
402
2028
2403
1270
680
203
35
2336
1336
351
1595
2083
90
23
1134
898
1576
78
2139
494
95
706
1810
1931
2128
1172
2349
1042
423
2412
1609
2220
582
1109
1728
1588
944
846
1436
2253
1123
1299
391
167
393
282
1663
1440
2082
131
604
596
1208
2244
752
1141
1391
250
207
573
2386
1521
721
133
127
571
1687
2258
1228
1105
1197
1694
1280
1956
2079
610
2327
64
13
443
1744
535
444
591
2381
2018
518
2338
797
1811
2269
2227
1488
1527
1406
2065
2059
1605
1710
869
1763
463
2073
1563
1047
1631
1345
1457
2107
837
1114
2362
1363
1036
1559
20
2013
946
50
1011
2411
1284
114
168
341
1846
2116
1067
1835
87
1514
1417
245
1742
2181
1558
2328
2478
1843
1226
201
2200
422
1513
1637
1354
771
1415
1592
2127
2446
1579
1317
1382
2272
1551
1107
1450
2286
2101
162
1969
199
1310
2314
654
488
1146
1951
2239
150
662
2085
1537
1695
614
1028
501
2096
900
709
2287
502
446
954
2034
1013
2032
1838
2395
1736
462
1748
939
320
679
963
298
1295
1557
1518
1051
170
1739
139
651
434
907
448
2414
1604
449
1316
2474
2482
1351
1183
183
632
2316
222
851
1361
2372
655
1396
2056
147
2319
1451
1162
1083
1268
132
1913
453
1916
802
157
374
1170
151
793
1511
2109
1848
1358
36
1156
886
1234
1834
859
213
803
2072
1775
1143
1339
2453
1749
1561
2459
525
2230
2289
335
2204
877
2161
1313
1996
1455
617
660
1133
303
479
1077
2118
174
1600
1100
1090
2179
1292
1818
587
1574
1448
1585
1210
1789
1096
1393
620
2312
2023
1478
926
2473
2155
1421
503
1755
368
1462
1735
1222
1864
872
781
1320
249
677
2088
728
524
417
1439
2265
1729
2490
325
666
2198
11
1650
389
942
364
1924
601
2413
1566
152
1714
2146
2191
278
172
1352
563
2137
2431
1639
643
641
2383
633
2171
1952
1980
290
2194
827
2051
1548
1468
2497
1635
1679
995
1192
918
606
1746
1578
1678
349
1119
1355
457
252
431
661
1676
163
1223
570
1089
73
327
2211
165
1300
2149
1556
708
1282
46
1271
226
510
608
1180
1335
2422
1329
1048
822
1531
2407
623
1164
1265
118
917
1378
1626
1895
924
550
424
640
1185
209
2216
1520
1438
864
1938
840
1756
1399
1881
53
1890
1145
1761
1941
1765
667
2193
2154
1259
2166
1830
695
1743
1545
746
191
1540
693
742
1371
461
1340
113
1552
400
2317
567
1211
650
1553
758
1928
228
1723
111
2409
1898
1502
951
14
76
2207
75
860
734
264
2303
116
1326
2004
1031
1236
981
2185
804
12
1150
1269
1182
43
956
2278
889
2358
74
1195
2036
1691
1542
297
21
1764
1636
528
1052
1157
1200
701
2055
813
1064
1651
1070
82
1239
1681
856
1476
2452
2388
517
1697
2309
915
867
2006
2247
1929
1338
820
1246
1290
1568
1921
318
1489
2353
1741
435
922
1907
2007
1703
179
2329
60
1242
1176
663
51
2089
47
1433
155
1147
100
1459
306
410
481
308
156
910
531
2237
982
1751
6
121
409
854
2261
192
2288
561
1771
919
2466
2092
798
1627
702
1766
1827
1189
105
1933
1649
1727
1572
2192
657
1279
269
865
1332
1274
415
106
2428
2033
377
557
545
648
642
694
2232
794
2009
2152
1993
2264
527
1883
755
173
1198
1809
466
594
1936
1078
1774
1267
388
2366
2235
1573
1124
1074
2195
816
1266
283
2323
1858
2060
879
169
515
1653
1686
1484
1501
1066
2378
1349
1263
2344
439
71
408
897
1347
628
333
357
1979
1706
2168
1165
2091
427
2142
625
1603
1662
978
1899
1575
710
1990
45
2165
1624
762
294
1139
343
30
277
383
1840
1237
1297
1080
1079
1473
598
2334
1512
1494
1973
1091
1149
1850
490
547
791
94
2066
1309
1175
658
2070
2461
1641
1129
1333
1281
1373
2435
2377
1977
935
505
2477
1947
2031
1919
438
380
243
1891
737
2147
1853
2464
1319
1376
1547
1648
1752
1920
1012
491
1255
2094
1431
2392
1628
1900
1567
2162
83
1965
1688
1006
815
1849
704
1199
539
558
1121
1562
1930
2394
1249
933
826
938
1207
1212
1400
2027
727
49
1841
482
304
194
218
1144
842
1946
2250
1621
1915
56
839
270
1216
1422
1017
91
2390
102
1786
1071
2425
436
2099
217
57
2295
876
1260
2
2078
340
210
1289
1218
626
850
645
577
1483
1374
190
99
2153
1014
818
1110
751
2257
2427
1945
1038
2315
2069
1294
1174
1209
885
1904
692
2342
1055
638
1874
783
2283
970
621
2202
1395
1798
197
1035
27
1543
231
225
2433
624
2217
615
952
979
1128
158
1759
486
1330
664
81
766
125
987
487
445
1731
1449
1544
2224
1995
1454
616
1807
2052
1994
2030
2039
398
224
2012
1779
2300
361
122
1831
1034
1958
2159
115
874
1323
421
2112
1988
2259
1780
2305
77
358
2363
2114
2081
316
1966
923
373
1168
1233
1906
1460
2129
901
1772
2324
2448
613
1617
1586
472
2445
478
1620
238
957
2061
607
541
208
1288
86
323
1740
1925
759
808
674
1800
469
1152
1767
1880
1644
1773
880
407
1879
733
1481
2322
832
899
386
1892
795
1086
2035
2345
1486
1049
2426
1868
2026
1876
930
830
1912
416
2282
1757
1138
312
2456
2205
948
861
1806
891
2025
1709
990
1986
276
699
968
1387
2350
1802
146
28
2228
89
1298
1972
1935
262
1722
682
1024
31
72
184
498
119
1461
2121
1523
1998
321
711
1375
1463
1252
1205
92
964
1163
273
1426
1193
888
1344
1981
65
852
1782
736
684
319
1196
52
1546
1188
1171
1394
1529
477
1167
1380
251
492
1398
1607
7
1997
914
126
1796
2399
1614
137
1181
2480
2255
430
29
253
509
1278
1667
927
602
1053
1598
1720
2487
536
514
778
48
1702
1405
2393
1261
1711
2400
63
1656
468
1524
2301
1708
1535
1816
2447
355
1962
2483
1346
1961
2113
112
2266
592
1325
385
1202
750
1221
166
2352
580
428
1253
2454
2000
1504
1
2196
741
1873
2430
878
1068
98
1256
1647
912
2064
109
2389
1235
578
669
1160
1231
159
1733
884
612
1793
129
1447
193
1444
301
1659
2240
2024
258
175
2214
1402
1939
178
195
1770
2370
120
2226
1122
858
1590
1040
1412
2275
513
1059
1305
2186
1724
1429
2248
703
955
1095
1479
188
1569
1791
1291
489
189
1087
1971
870
1505
1007
2160
1381
2090
857
2357
769
1379
2437
1204
1337
2163
1685
289
2302
1506
1683
689
636
88
1500
161
953
240
1596
1525
893
287
862
411
905
315
2076
849
1669
1003
1084
372
2016
149
2246
1126
382
1026
2380
1539
1655
2245
1045
2182
593
2190
1865
1893
1517
2132
1721
459
107
739
1817
266
1131
1943
520
1367
622
2238
441
442
1530
745
447
2299
1861
1526
1805
1327
1419
2045
2047
1348
241
2313
1983
2225
676
553
831
176
1534
975
2423
1248
33
437
1004
1550
2467
1275
1213
1871
1754
2475
569
1441
247
559
401
2097
1955
2057
1808
104
892
2170
1787
69
433
2169
1414
483
2359
2486
1522
467
595
1409
1643
1466
397
716
989
998
205
1097
817
2188
2340
1829
1828
2382
1366
1758
1875
2384
1350
1801
945
785
1257
1177
234
1161
740
2043
499
2451
2123
2003
471
55
775
1532
440
2111
403
227
187
311
1927
246
2125
1577
619
1856
2011
1785
1630
1718
1321
365
1324
1675
902
972
1217
1582
1581
2150
2369
829
1597
2360
2419
1474
1750
1251
1359
1937
263
538
2117
687
34
552
1790
644
1203
1318
101
2218
1030
2203
1967
731
103
1115
387
85
329
1215
474
25
747
756
1085
2208
390
730
866
1191
2484
1652
799
1905
2438
1341
1033
882
256
572
1443
1660
807
1000
2173
723
1453
1776
1487
2251
508
1401
2472
2183
2320
1029
2489
1127
1992
1894
947
2108
1039
334
1368
988
1632
1872
665
1362
1902
1044
66
1824
1908
649
754
2201
895
966
586
2415
646
2140
1564
2307
1482
1153
2367
1495
749
1690
1589
1658
2158
2290
1480
15
281
1232
996
2234
2206
909
2365
360
288
806
2455
2420
1599
1823
2404
1315
2046
1301
206
1464
22
1277
1799
630
685
1682
1360
32
2019
2105
1430
1612
2439
1389
887
1428
821
1792
1982
2048
1593
554
526
792
992
1640
1507
350
1240
229
1442
1803
967
500
285
1922
1061
59
1855
140
590
0
186
1889
1286
543
1010
506
452
2040
997
782
1370
2469
2267
1909
1243
322
672
903
244
1285
1673
1822
1135
61
1385
370
1388
921
2276
2274
844
2335
1224
2260
773
1737
2310
544
1812
800
823
950
1842
1661
1186
1503
2098
418
2254
1878
659
305
26
1219
725
464
412
2293
1914
2223
2374
80
1610
1642
913
2401
135
683
1634
1037
1795
1166
2049
1555
2008
1730
353
1493
1918
1885
2332
1897
763
1108
2391
512
1638
1882
347
532
5
2339
1490
235
700
2471
1092
2233
268
2268
1753
1769
1646
1862
2120
254
853
1509
599
10
1102
2318
1069
1099
220
811
2337
280
1304
1654
1910
1469
845
1533
2102
292
774
579
1244
1725
1886
2249
788
1989
696
1407
460
2020
916
1944
3
790
1629
44
1364
1549
493
1677
1245
1471
242
2481
1615
906
144
356
1618
1611
522
588
1120
1698
1043
873
1032
108
2311
404
1117
2424
2157
1072
1859
394
1987
1241
1125
991
2103
1302
929
1416
291
17
977
1179
1814
39
2361
1926
1950
