159
464
229
13
71
272
22
583
305
234
90
521
40
513
517
387
339
223
611
1
504
158
26
169
119
690
320
276
444
180
103
502
405
302
208
626
324
238
240
393
617
506
355
654
712
217
346
57
192
602
681
579
415
406
667
530
673
268
643
321
662
616
184
340
559
377
465
60
7
687
682
241
589
75
309
239
505
172
125
314
627
510
97
500
160
476
651
410
431
514
408
207
705
381
354
610
133
332
587
68
498
688
202
544
492
274
155
677
526
398
558
149
399
463
565
128
379
131
299
81
19
560
214
716
161
585
337
659
170
493
534
44
182
65
181
644
18
20
294
42
318
450
577
177
646
163
30
198
194
545
707
546
179
438
563
108
245
403
69
701
261
607
416
454
360
481
459
27
151
31
342
501
86
123
683
568
61
117
175
216
411
250
153
96
199
695
67
115
230
642
512
154
348
429
427
668
386
625
265
319
636
142
2
535
594
4
572
475
205
394
536
629
557
653
699
484
436
140
443
242
670
657
37
639
437
252
190
110
29
574
0
226
311
74
263
99
45
54
23
549
206
183
167
509
363
556
77
59
542
678
540
95
109
640
306
693
685
288
331
392
652
388
418
401
470
723
674
49
168
94
621
344
322
335
295
79
590
407
187
281
533
599
262
696
457
564
275
91
63
426
364
487
719
561
720
293
232
191
479
98
412
538
551
531
567
186
669
36
692
139
721
212
287
9
264
380
213
428
595
211
706
52
480
634
374
439
592
703
455
215
384
548
453
136
279
718
176
323
708
278
469
422
376
435
290
197
222
711
220
82
329
101
694
146
578
375
713
461
258
303
114
618
137
389
257
446
219
185
292
582
231
684
47
482
414
300
421
665
466
312
244
135
48
488
367
277
156
112
92
165
698
362
145
460
413
132
297
273
195
256
291
365
458
120
586
282
440
83
486
286
21
608
62
614
442
121
525
218
661
284
697
249
315
473
254
573
138
666
260
417
3
298
704
603
604
104
523
547
496
56
424
664
15
11
130
93
301
660
193
591
702
420
80
600
84
598
689
527
647
350
147
478
624
144
34
5
390
357
543
641
468
50
316
593
368
391
25
637
88
554
33
622
304
349
597
539
434
430
64
448
235
267
89
675
566
307
174
371
537
553
336
334
612
41
570
259
631
12
541
14
347
296
32
356
441
283
596
246
419
209
623
474
53
243
638
615
72
655
503
152
51
85
519
522
248
691
352
528
271
518
372
714
511
141
409
710
619
649
38
308
449
196
650
452
111
351
396
395
499
102
648
143
100
227
588
210
373
270
251
497
494
635
378
724
228
680
280
189
78
400
672
162
451
676
204
620
613
433
663
134
508
107
715
601
28
383
327
630
576
423
70
333
366
317
148
43
269
345
562
225
171
404
341
224
520
106
575
633
580
289
524
369
515
686
402
555
467
447
658
124
203
671
581
717
359
722
87
6
700
656
237
552
709
477
17
122
105
632
8
247
233
24
445
605
76
606
490
532
201
343
221
507
164
66
10
489
39
516
200
571
236
326
129
113
266
16
584
328
569
679
150
361
432
173
253
313
157
472
628
116
483
609
456
55
370
310
166
471
425
285
491
35
495
127
382
385
338
188
462
529
358
397
645
73
126
178
550
255
118
58
325
46
353
330
485
