938
152
244
656
1278
187
526
295
1244
1042
106
299
1219
1118
413
1371
316
108
1064
179
1368
588
167
1370
1327
259
539
1100
128
1256
255
447
550
1384
1181
920
1170
321
62
209
164
1203
665
1369
574
1367
1129
1340
342
980
569
1089
820
1172
89
159
491
746
1306
991
77
109
470
1208
1272
618
126
477
2
653
1271
1393
712
610
1377
216
854
276
719
831
1329
401
1245
1139
1067
165
1385
570
1213
1083
1339
645
233
816
1101
1022
964
86
67
1355
827
722
514
935
380
614
1155
1228
1379
1034
1330
865
522
480
1363
1227
798
923
874
724
1047
441
1307
847
1328
162
466
1281
73
226
44
956
1095
690
947
856
7
1263
772
117
472
898
801
356
1136
597
693
1088
1240
581
445
1011
713
563
396
225
862
828
769
22
970
68
3
1087
211
671
1178
353
1174
994
694
846
833
695
949
579
1198
54
1073
1112
1261
721
1407
696
901
835
33
104
1235
348
1001
972
785
1223
378
543
1032
1066
347
806
377
463
530
82
1127
992
669
510
195
279
1226
1381
1248
17
1282
561
871
1322
1401
877
262
303
50
1304
1352
869
1201
841
742
1298
444
1191
173
38
176
14
1153
756
269
963
138
504
161
688
105
1356
640
207
285
248
988
46
672
5
383
345
1397
361
890
1216
201
4
809
1033
1262
1300
973
1148
1029
1106
851
1149
397
489
237
37
937
594
912
1137
1184
319
266
1267
649
1142
1154
1006
605
1045
223
555
488
882
1162
503
629
955
919
329
730
146
929
936
762
139
442
1173
370
761
633
294
220
599
386
418
428
375
28
40
74
1120
186
1056
191
692
658
850
349
1321
76
99
376
1062
315
1071
1069
1025
379
1147
608
630
934
573
395
864
365
112
298
151
304
1394
182
691
888
1229
644
1236
819
188
729
985
1284
969
1314
92
675
572
1402
222
635
1109
129
1231
1026
1346
493
1111
113
384
731
521
552
1211
261
351
977
778
1158
752
1265
1059
1359
1168
999
459
707
1290
479
968
1315
586
280
1053
18
657
419
770
776
465
1000
564
1277
844
1012
1400
486
367
1388
1134
1092
857
337
190
1324
412
1099
750
185
1176
268
590
754
323
1338
243
363
1094
1220
284
1386
589
601
1364
858
320
1237
324
1312
1361
740
950
1068
331
318
583
540
124
30
1115
591
1036
423
861
438
807
667
184
577
556
1049
137
546
446
101
1038
741
509
716
764
883
189
10
870
1301
257
1326
1081
341
673
711
382
700
317
271
628
814
944
88
1093
745
453
578
904
474
172
634
702
889
51
359
532
41
1395
197
1343
659
1023
768
171
1169
202
421
508
1132
308
227
55
796
834
91
1193
1125
781
95
1097
687
734
794
1372
1051
1232
948
1156
388
1192
52
636
426
852
1124
1152
206
524
334
417
64
1009
848
8
72
85
632
1085
1221
1117
1222
156
1205
918
310
270
416
23
1289
1241
1075
909
429
1017
180
80
676
845
177
1337
451
1050
714
859
98
312
1264
448
405
123
492
595
350
471
83
1114
537
283
372
9
567
460
951
239
679
482
913
839
954
983
1013
125
1016
832
1039
879
307
641
1078
1015
507
250
249
200
232
1024
650
1180
736
782
860
837
1086
1195
53
911
843
75
997
1209
1161
427
541
464
1113
774
853
518
234
60
1311
373
1345
818
880
192
512
600
698
1133
1080
872
915
987
1260
1308
1077
1344
1164
1286
565
286
49
996
1358
1270
840
102
779
757
1332
811
147
36
885
867
1331
908
136
252
175
436
1096
1037
70
875
403
1239
945
1190
560
924
434
272
733
1123
916
1091
1188
765
699
93
228
27
535
411
485
759
1253
1061
1210
613
1074
253
1163
825
277
1200
817
1107
626
1090
500
236
728
1293
217
1048
208
58
516
1334
1130
706
933
1259
989
475
717
1383
1335
1234
984
288
990
986
876
1057
0
1182
533
932
737
103
42
900
775
551
402
1406
387
241
505
763
39
922
1187
1008
576
71
1275
47
681
1348
1323
235
528
183
19
646
638
282
810
596
1217
743
1247
1255
805
160
1303
823
499
927
1082
153
251
637
1058
838
624
1336
1243
66
1378
979
404
1060
525
273
114
1
381
59
127
623
1382
1206
454
494
1218
1145
1054
247
490
538
1204
1353
398
957
1269
894
1157
1342
1014
1318
680
1121
326
622
896
703
430
1249
1333
1105
625
1302
1392
205
1065
110
6
420
709
63
1076
360
1128
145
1351
1063
1273
1325
534
406
609
562
1019
1320
545
961
789
435
238
664
1199
1252
873
513
1319
274
836
325
1146
822
214
939
267
1292
795
965
264
461
1288
1224
338
941
1266
154
35
289
457
143
1316
557
771
456
443
415
758
148
903
582
1186
612
1276
163
697
674
431
1366
116
344
1043
212
1183
65
506
1177
265
792
967
1119
643
748
520
921
1041
330
930
440
297
710
393
803
210
242
661
797
523
1166
11
13
747
96
821
1116
333
962
1002
784
766
1207
787
566
1389
343
946
799
498
826
666
1046
1007
791
1297
1126
753
952
1238
134
263
959
777
842
1141
1098
639
1283
335
120
1280
615
1291
1285
886
1391
786
585
292
174
97
1317
1005
1070
652
677
1020
1246
593
620
648
621
726
21
899
1055
683
893
170
213
1084
15
960
571
662
1305
1104
1274
684
587
549
230
602
813
1165
302
1194
1150
553
554
12
497
1179
580
29
1376
199
974
1374
20
788
452
515
978
1387
670
215
336
16
204
654
48
32
221
135
1347
998
390
291
424
732
975
1362
467
246
1250
79
1373
536
1268
409
780
1225
254
689
995
501
519
122
157
686
218
408
1040
449
369
240
313
547
1403
942
800
1140
169
982
392
45
455
739
678
517
1380
439
1185
414
878
642
1360
1122
548
142
132
155
385
1175
178
168
462
69
258
1212
627
793
469
476
1030
868
425
910
1390
293
1310
94
1143
149
651
735
131
1299
1072
144
358
1242
332
1408
718
1197
119
1357
158
783
575
140
305
887
468
631
410
34
196
364
31
682
1010
84
26
389
1160
203
749
306
245
1354
25
931
1028
366
357
1004
914
773
43
1396
193
529
958
1044
830
1103
943
328
744
953
892
1027
660
1398
812
90
1151
1031
668
355
804
352
1102
281
897
751
118
559
1295
484
166
287
340
971
400
1110
432
723
925
663
655
917
558
1159
362
150
107
720
133
278
495
647
905
611
1233
1294
863
895
738
450
1350
1279
884
705
966
815
231
891
311
1171
322
1214
685
940
478
368
314
606
755
1257
229
394
260
407
829
1309
1251
275
473
708
1079
422
598
1341
1167
603
346
1296
1003
617
300
502
701
121
61
1365
374
1230
993
224
604
906
111
496
81
78
1035
727
339
56
194
1375
1254
24
902
391
483
767
704
928
1021
568
1131
1399
1258
1144
1404
1108
1202
296
881
760
725
458
309
531
327
87
824
1189
100
584
481
715
981
616
433
1052
141
607
1313
301
256
290
855
511
592
619
1405
181
437
1287
527
802
907
542
399
1349
790
354
544
976
371
1018
487
849
1196
1215
1138
219
130
926
866
115
57
1135
808
198
