7928
2429
10170
6998
5338
3971
3105
4645
5488
8145
9600
8039
1852
7907
5261
8121
634
2679
8800
1689
3377
6299
2363
2068
8465
3996
10082
195
5957
6361
2944
4404
5892
3355
3721
5297
1645
4790
3818
6647
4609
4501
9769
3899
413
4662
7217
5871
1245
7495
4006
5336
6670
5784
3274
1683
7484
5538
624
7024
4704
1390
3545
6940
3925
7246
3608
6559
4868
5008
5366
6766
4340
1037
3313
3812
2907
6268
201
2477
3638
3753
6226
6424
538
1886
6949
1082
3791
4429
3546
2730
788
9230
6504
8366
8620
9044
3576
5034
10332
1749
9991
6830
3357
6776
3535
558
2059
1148
6324
790
7527
168
7969
9303
9729
9556
7955
6384
3077
3833
9167
1321
5406
686
5925
10369
10004
1200
2859
5423
7991
5665
7291
7637
8153
3548
9119
4960
2009
974
10104
7869
4906
9054
9018
4996
8615
489
6313
10015
2416
9648
669
2219
4617
6586
8248
3860
3521
3514
5646
6231
4302
5995
6372
8659
9689
484
7259
4115
10447
3536
7661
8391
537
3065
5483
7995
5104
1879
1999
10287
4947
2217
10146
9346
240
5770
5465
1522
6481
3665
3694
4589
5905
10249
792
294
8033
6298
1359
4173
9338
7793
5149
9813
1466
9571
2537
3033
7553
7133
1599
7132
9202
9308
2464
4618
8086
1776
8334
3185
6638
10096
4102
2682
893
5742
17
2282
7880
3919
2213
7518
7042
7847
1561
1480
6099
7695
9895
2228
9111
4268
8475
5649
4217
6932
1211
7312
7292
7451
6774
283
1289
9299
2034
8373
7130
389
3797
4631
2221
8887
7958
4897
8750
7131
7166
6451
9985
9824
6820
10277
48
9827
6755
4961
7232
2670
1691
7087
3146
3567
5246
5645
8594
4037
4642
10135
1318
6353
6103
2075
7419
4696
6170
6448
2389
826
96
7581
37
8377
322
5356
6846
5777
8859
8272
4825
7935
3356
2938
3580
5817
8872
4911
7352
7319
8220
2302
2504
9841
134
368
1831
9628
9614
2636
2561
1998
6527
6088
6751
1898
4477
7250
8247
9923
5126
2109
9201
236
9921
551
10185
7005
2981
5825
3025
9885
4035
9800
9212
3034
2812
5435
9128
3199
4701
1121
3754
5275
5271
5629
703
9272
6568
6953
9009
7843
5311
6939
7387
4174
2149
6605
1436
3231
10201
6722
8140
4362
1722
5158
10078
4665
1177
3191
1606
645
804
648
7297
6529
4791
2439
1215
8155
3074
7807
7469
1117
6967
2463
7308
1981
3641
2587
308
4005
7030
281
2440
9219
8150
7270
10413
4283
7172
1146
760
6792
1720
3870
6015
5590
8490
6155
6805
10142
1914
3165
911
562
2964
2554
7905
7966
1291
750
626
4519
10159
2820
1180
588
7081
6133
10445
817
312
4244
9271
2133
7065
7393
4842
3680
5378
3395
1508
150
4165
7735
2727
8731
7734
9707
129
6693
8614
4116
7756
9417
8849
835
4550
4834
10267
6778
390
9217
5332
3308
3762
8197
1708
9144
2343
9135
5131
5019
4595
7199
5934
7572
1302
1084
305
5619
941
4253
2913
6884
385
9023
6233
6336
2168
1102
7190
771
6014
4338
4523
8869
9859
1048
3857
7985
6639
8569
8400
482
938
6599
4079
4832
6543
731
8634
10033
354
3885
3061
5145
5101
3903
8971
5280
402
8479
4033
6917
8073
3749
2802
392
7193
8982
10072
4553
1743
4900
9088
6822
7296
9730
4209
2591
5606
7670
4483
7303
4013
265
5697
6621
9041
7677
1271
1690
3255
4859
291
6688
2321
1164
2230
9180
7536
5295
6079
3219
1845
5255
7655
8799
2615
7576
4973
1942
10081
5850
1394
10108
10156
999
9621
4775
9590
535
2676
1269
7781
2898
3723
455
2472
7159
5868
6695
347
1705
7045
9314
2622
7105
5695
6536
4925
7610
2071
4089
2939
1931
9741
10379
5811
7210
6501
7826
7402
6944
6304
3956
7013
364
6681
2865
9147
8103
2948
2735
7457
527
6333
2746
2444
7861
4653
5121
4510
6259
7855
696
5299
9046
4660
4668
4310
9719
6034
3603
3447
9285
9379
5522
8934
8768
7145
1
8316
3537
6165
4978
5941
989
815
4984
8653
5769
3740
1238
8983
718
8440
440
4577
6983
9586
8695
4894
6349
6627
2619
9877
3027
231
7638
1129
8267
5448
1386
3112
9879
6548
5658
9352
8075
6351
7512
9967
7410
3128
992
7014
459
4358
4434
1156
1493
3385
9821
3490
8944
6179
7616
5774
9634
1093
9045
8348
5898
4650
8116
7369
8736
2361
4630
2726
5806
5674
3953
4377
7729
10292
9704
8543
565
5506
987
2894
4193
9606
4888
7662
6400
7959
7071
4212
2795
6290
6554
3290
1214
9685
9003
7586
3558
6909
1126
1276
7242
9197
8360
6363
10340
569
7769
3365
9362
7212
10016
8128
7376
8184
1711
7620
5759
9168
3939
9224
1660
3771
8443
9250
4971
7394
2320
1881
6758
8732
4479
7672
7098
6894
9581
9229
5268
7837
6346
4811
1462
7660
4277
480
734
5971
2385
5218
7526
9914
5478
3042
5547
2043
9079
9931
8758
8682
1625
8235
1080
2997
7765
2903
4306
3409
1104
2231
7876
3533
8060
8595
10041
4887
6007
5479
6855
6412
9277
6373
9526
2689
640
424
2976
2155
1804
6546
10293
1363
4722
4598
6345
939
1118
7320
8730
5559
5844
3727
8819
10206
8110
10359
4232
1471
9785
6318
3458
6437
8104
3270
4015
8270
1071
5937
7139
5162
4600
2862
5567
6989
3079
9326
7562
5807
8823
1742
2405
8548
8916
1057
6116
1912
1374
6966
4615
6425
1915
991
4121
442
3845
5292
6729
2281
4862
9591
6054
4923
632
5881
8314
6876
2576
8109
3433
5822
1172
2839
5462
9543
7256
3053
9047
10113
3456
7076
2042
3875
678
5539
8793
2076
345
543
3436
2749
65
8043
1131
53
474
6182
7652
3291
4267
715
5249
2487
8030
10298
8331
6612
6692
4536
5823
391
7323
223
2827
1396
1907
329
9624
6765
9868
4746
7096
1857
6308
7866
5434
2506
805
7789
3624
2095
285
2826
7706
5840
10227
7608
7117
6891
1537
8017
4688
10239
8949
9043
3335
668
687
7964
4625
2920
2289
2613
6094
8812
5031
387
3625
4606
6070
8657
5285
359
3541
3745
986
6431
1929
6017
9973
9599
7992
885
2233
1027
8286
8156
3829
10457
591
5756
9834
1526
4959
42
7715
5635
6474
2508
1274
5887
3822
4060
3896
9283
2549
9276
343
6977
931
3652
4286
996
363
5997
5988
5198
4512
1052
9861
515
6394
4473
3222
4383
3695
4860
9708
1859
3800
9744
9115
7332
10247
9833
7998
437
6340
9050
7497
8284
1054
7850
2505
448
2890
10362
120
8138
5650
3741
9364
5095
8376
6988
2368
5491
4067
1951
8964
6156
451
2598
3247
7293
2572
4341
6887
6421
2708
9886
4363
6315
6073
4093
6503
8578
6489
586
9798
5587
6836
8124
9310
2604
6818
7780
1290
3374
5135
1650
5318
1759
2996
10010
8157
9173
2547
1472
3584
4912
6936
9237
2380
716
3614
8792
3424
5633
2883
9020
5519
9699
6429
5199
6901
2789
2008
595
3696
10398
10014
1213
1866
3724
10372
836
3789
9360
4513
5765
917
1216
10380
7158
5469
3122
3063
4317
253
10074
7520
8359
8988
5801
2171
7314
7031
3359
2835
9056
627
2914
2129
5700
1554
8337
6956
9442
10311
1916
317
4757
5654
5935
7355
5749
4430
1306
7741
2012
1558
7479
3288
1259
2722
3089
5393
7186
8914
4273
10008
2386
7868
3341
1659
7946
2137
1577
5029
4649
5405
7207
1699
4008
9209
1137
2979
6102
6643
9720
5223
9772
7197
4656
7824
9421
8851
6455
8857
3378
4821
2600
44
1426
4908
3454
6218
10054
1808
6687
7651
9447
6251
5701
5494
6215
2683
9876
8945
1456
741
10245
4545
3205
4823
4397
5526
4946
7697
3229
4026
9432
5418
6239
3706
4346
5732
5290
5362
10324
1674
8809
9456
4936
9942
3088
4654
5417
8406
1922
9478
6812
4308
3051
13
6739
2236
9843
8709
2437
6144
10261
3715
184
3671
3931
3233
561
9630
8718
10253
8749
5843
6275
9465
5684
8707
2271
6071
3710
7714
8277
6815
6441
3498
9770
6991
7609
2893
3107
2657
9118
7989
4036
8932
6735
1557
7480
54
7600
7624
5217
20
6591
1430
3028
6728
333
8045
5516
3475
10167
4353
2304
2146
16
1185
607
9855
1492
21
5112
9692
131
559
1707
1805
8085
674
3440
6
8486
9030
7899
3150
3752
3156
9778
1036
10040
2879
568
2626
2697
2629
6584
2586
2433
4400
1863
1876
7975
8205
7216
3847
7557
3062
4335
2828
9309
3914
1460
9760
510
6874
6620
9714
8401
9756
3678
47
5082
5092
3174
7833
8597
1858
476
2223
5505
2578
6619
1930
3496
8890
5503
10452
6478
2563
3438
3370
10067
1411
2880
6321
8777
4608
4873
1704
1219
2306
1620
5453
3824
8455
6844
9409
6799
2731
8066
3506
1772
717
5045
2150
6761
8332
2495
7519
7913
7120
2524
137
4792
652
5350
2106
814
5278
4132
7971
6640
2838
1063
8101
3250
7836
5788
9444
5482
8694
5093
6790
8218
3742
10062
4690
7630
7340
988
3016
6571
7147
2980
5951
2017
922
2643
7696
2123
7433
7425
9738
403
9427
909
6149
2738
6462
2210
5904
7090
8283
6212
2777
7933
5620
8352
1181
2197
6590
1231
749
1103
845
4679
8715
60
6618
8062
1058
8295
4711
356
2664
6269
6440
1627
8127
1247
6276
9733
5022
10047
8907
2016
3684
7027
6488
3175
2577
9476
3403
6685
3972
4972
9564
2263
4087
272
5637
9022
7126
2245
5490
4556
6589
5896
5917
1220
6430
7093
3244
1161
9074
3124
4204
7192
9683
8454
5220
196
5932
5413
7567
6833
8590
8779
2691
3009
4094
5058
6227
2466
7424
3181
4784
7069
6753
1520
139
2962
6108
2642
526
5600
710
8670
2430
4350
9503
4829
6817
9939
9755
8136
5282
6997
8434
4546
4788
75
10123
8798
10361
7449
6700
3015
8738
4146
2956
1325
5309
7773
9057
854
7528
2985
6343
237
6168
6150
8028
3289
6524
1403
10073
8427
1125
327
2332
8744
10044
8083
9721
2601
6420
1646
3160
8230
1145
850
7416
8797
5540
5903
9511
9907
10192
219
2446
3679
5208
8845
10075
10308
3260
1585
3983
7407
4289
1807
10025
8499
6595
8328
4504
8011
1918
1846
7934
5078
8251
9650
1890
7808
3163
4816
8617
3472
6505
6860
9129
2846
5365
9306
1014
680
6821
1551
6356
1663
3491
7280
2063
6720
8182
539
8471
8776
251
3591
2603
8470
503
8726
8588
6092
7272
825
5999
9366
2733
10329
62
1333
3209
7890
6510
8870
9901
3055
7839
10006
943
124
5348
2667
573
8827
5035
2902
7050
9096
6229
6172
8114
8091
2408
4633
10352
5041
7377
2249
3817
9461
2165
6636
10087
9917
8636
3577
4415
7123
2091
1190
1926
6996
6622
7431
70
3776
1395
4659
2864
4464
3585
4226
630
9377
6359
2965
9962
8433
1574
6325
5835
2384
9331
6694
3802
5391
9557
2094
9919
10434
9676
3261
8208
6042
1839
2589
2724
7411
2481
8962
8320
1553
9333
2984
8655
7898
4086
8921
1101
9101
1963
5279
9806
3578
5546
6062
10290
886
7653
2698
8716
5172
3237
8645
9470
185
6401
6090
10092
8107
8906
6293
5259
8446
8625
2090
4910
8951
7874
2103
3419
3448
864
3807
9378
631
4147
9507
8476
4368
1552
3809
10388
61
6518
5184
5298
2896
4549
154
4482
66
9108
3623
9852
2605
9793
3986
2031
3511
9342
2326
4206
5583
10125
7404
3297
6762
6297
9160
9341
9820
1667
7290
5970
6334
2559
9735
6428
659
9934
7351
6673
6077
6370
1829
6948
6386
6502
4776
9312
5939
101
8980
8135
3309
3330
914
2334
1751
4190
6870
7336
2410
8293
4034
5454
1397
7768
5067
2500
7604
2638
1973
10153
6059
5839
245
1366
7507
6547
6649
9142
2074
8502
8494
8700
789
4819
1880
6945
8393
9411
5367
1652
8801
1203
4623
10005
9593
9994
4369
10348
5785
6519
351
7521
2871
4262
2496
149
4076
3599
8131
2502
5779
9956
1548
5251
9710
3871
8841
9671
10141
4928
5733
10314
9181
567
2845
5530
8536
10130
533
3022
5775
6280
7083
7028
10056
702
3149
7806
7006
8558
10278
906
9752
775
5401
9492
7405
3918
10397
7628
7513
4476
9291
5755
1439
8923
3018
8599
10376
1546
3292
10085
8487
4698
5305
2366
8040
2571
190
2184
4723
6520
5136
6048
9583
7626
9175
5380
4675
4800
10373
8310
2182
1562
584
9136
3611
8882
6262
7891
10188
1051
758
2769
8840
3952
1753
4029
8199
1435
7772
1450
3970
9007
3273
2066
3116
8603
4498
6096
5122
3793
7146
4095
6080
3697
5974
8148
9722
7683
8165
8727
4934
4817
6750
6564
7061
3340
5210
7386
6897
10347
9637
1669
1155
6335
724
9105
1730
8748
6708
2870
8050
3830
3674
2945
7878
9353
10049
2417
9830
6049
7056
6648
2544
2100
1424
5627
1803
1305
8387
4680
1830
8637
7825
6404
6263
8271
3143
3881
2226
1778
2934
8099
9095
1819
1212
4948
6577
6238
6889
5763
10404
3220
9712
7549
4949
5976
4218
3446
2036
8622
6676
3325
4205
198
9828
3362
5883
4448
9059
9580
8275
8419
404
3783
8895
3616
5726
7420
5544
1188
9981
6610
147
3369
1029
5615
10145
3177
180
3086
1544
2422
10345
3427
10274
5837
9522
4463
3236
2135
4159
4672
7294
9502
6279
3974
1564
4149
2484
4178
3976
8006
6471
585
3995
10350
7321
4763
278
3151
5975
7150
4884
10341
9033
1897
9677
8200
8795
1096
1893
297
10315
1521
7615
4073
2151
9847
10046
186
5194
5670
7785
9629
5359
9996
1464
8965
6941
4388
9138
9126
2276
1640
3855
7852
9062
6772
8256
9653
4563
68
6834
3464
9390
2565
3508
3951
2717
8866
2202
5760
752
5443
641
9549
5688
1560
9480
3349
4351
8638
6574
6357
8322
3268
9032
8137
10217
9381
1678
9589
7170
2560
8784
1317
1260
269
6307
4933
714
1078
3497
6467
4118
3997
7458
4467
4799
6974
1222
9468
748
1904
2207
2438
8345
10213
5304
8202
530
4144
3331
1638
2000
6005
7295
9968
8892
12
8862
1067
1278
4440
9963
8922
7053
5866
3660
9190
7973
1518
6927
8705
2436
141
2863
3211
2170
9488
5396
8423
2837
6624
2503
1191
5426
9227
7443
3560
2875
4697
2157
1662
2550
9560
5568
8706
4509
2242
5667
4169
2884
1039
10400
5377
1449
8613
6387
3782
10002
8837
7980
2716
3056
1842
7877
10030
7460
5595
2424
5984
5174
3311
5009
10234
9845
6309
5379
3637
7629
9484
3304
7337
7450
5943
10442
6222
1614
2413
7986
4651
115
6535
9943
7392
8237
10270
6230
661
7665
9878
1636
4924
8032
9071
952
5205
8112
7862
10223
9235
4413
7466
7498
9242
1806
4412
956
8084
508
4964
5636
6581
6658
1427
6782
5676
5591
5527
4588
4562
4177
6682
1870
973
4728
2548
444
1198
3096
2352
3176
6344
9678
7568
4192
8975
742
2608
8305
10343
5072
6160
4678
7004
1150
6200
125
4318
3300
6213
2891
3339
5215
9595
10055
7072
946
9732
8828
1184
1958
1959
5010
4681
5159
9458
3593
6038
6926
10102
4196
8926
4850
3450
352
6479
5507
9958
589
10353
5015
8227
7538
4899
2566
7724
4875
100
9334
334
3221
1004
2590
809
8879
3803
5532
2665
5207
1697
1579
5716
8515
8930
1965
1064
9809
1872
3750
4294
9610
5386
5291
3820
4077
7859
2311
2318
5706
746
10198
7633
5542
9547
873
5192
136
1798
371
7318
3264
9292
9955
8407
6397
9751
9481
4765
1832
211
5985
7760
6787
1642
10367
5696
2485
4456
4592
681
7253
2595
953
9243
1232
3154
2399
9839
7435
3556
2052
8918
8504
1453
1447
1536
8296
3692
8388
10132
8229
6579
8311
5006
10246
2025
171
10393
2005
10370
2083
8074
5273
5243
9425
3139
10436
3489
4390
135
3846
2453
7786
298
8752
6465
5079
5005
6022
5831
2174
2259
5863
8209
3224
6886
1415
158
1040
2848
6975
6922
6565
8974
7912
5323
4185
1982
4191
704
9438
10189
9854
5206
6697
985
2532
7346
7588
6415
554
8708
10022
4380
255
3064
10148
550
7722
10114
3726
4585
7360
5552
4587
4803
5962
3531
10296
5705
1329
7228
7911
7108
52
4952
1985
10237
4794
3487
1608
10456
3837
837
4497
3180
3187
8162
3760
2955
4843
7249
3114
3470
382
7226
3826
304
6104
2740
2218
3350
2909
10325
7675
2409
5792
8009
1000
5138
9951
159
6208
5638
4687
2531
4410
6176
4243
3241
8967
50
4099
3863
3402
1532
7211
1572
6137
8324
1038
8172
7585
9256
959
6390
6375
2360
4197
9567
8076
4096
8439
5794
4878
4081
7137
6955
2169
2519
9363
8512
9431
5982
8552
2747
5139
3553
9992
7618
564
7599
1538
7151
693
8788
6068
1984
9012
8739
3594
7052
1946
9995
8844
6123
2248
6785
1913
5262
7674
9825
1486
10032
5270
1399
2705
4295
9849
6342
226
7372
7607
6942
6563
639
521
1871
4676
1441
7465
654
4112
4494
5772
8681
4716
7570
2695
4727
217
2723
357
2365
4236
665
2266
4919
6444
744
990
4359
3303
7302
4258
370
10435
7034
4677
4182
3045
9410
7792
9615
9454
1795
8047
2625
4980
6561
9533
5288
4527
6193
10157
5787
7284
9254
36
6711
8249
5381
9831
869
1755
6569
3612
5115
8665
4251
7241
778
2702
6093
9680
8586
3575
3795
3240
1701
5878
6771
9941
8751
6513
6069
10342
465
9649
8226
6101
5339
4098
6482
6257
2080
4189
6859
4062
6743
651
8929
3827
4806
8367
311
8463
9455
796
968
445
5111
628
5384
3796
5171
6525
2426
7244
7427
2573
6696
1568
315
5409
7169
4233
2097
5025
7490
6958
1676
4594
2319
8970
8946
7942
4469
7654
3232
2995
5193
8215
1409
10100
2922
6256
7814
6221
4977
9497
7511
2712
5062
5236
1295
4601
8489
3900
10160
10220
6126
566
7968
9702
1920
3587
6588
9647
5351
9375
8357
5599
7650
4245
6994
6978
28
6427
1301
213
6281
10268
8408
162
10356
9944
6732
1679
6190
1618
4054
10262
6731
7122
8198
4666
2166
10083
9977
9048
6312
863
7875
4441
2229
2493
4754
2488
9382
3512
5372
9401
386
1367
10382
1884
5344
4793
7749
6119
4416
9179
6065
6286
1760
2467
2370
3725
5464
2032
3681
3201
10101
2144
2684
1113
5655
6021
6803
9960
123
2779
10375
2925
2246
9313
5397
5189
5572
1400
2098
10257
5965
5107
7804
2929
7535
9211
9757
7398
410
4175
5163
210
8860
4605
8650
7766
6287
353
258
6871
3557
9551
2610
540
6667
6316
6260
9883
3020
4554
6961
7646
3249
232
7148
1956
9609
2526
3457
6616
1576
181
2241
7049
9207
6072
9350
4319
1597
8787
7532
1484
580
10365
5497
7184
879
10250
8601
9349
8529
5168
2759
7879
6411
5147
1362
10129
5673
6717
8167
4470
8323
4849
8383
6056
5038
4833
9130
8885
8742
3923
7152
6863
2190
1710
6023
3941
5364
1868
6879
897
6701
4049
2766
5463
3517
2277
3565
102
7539
8168
6339
2987
5069
7142
1634
6652
1586
3617
2823
9700
9213
8955
7366
8778
9773
5451
4682
8130
4902
3046
4442
4712
5484
7686
8183
5333
4744
8933
8273
3770
8958
9384
9253
9662
5955
509
9369
1357
9034
8541
183
10450
842
5719
3961
111
9029
7705
8164
6745
6930
9641
5086
4239
5738
1013
6626
4
5250
3477
9493
8163
6004
7281
1056
8147
6650
27
8093
9226
10164
4638
9397
8735
4107
3430
5258
9501
9437
3808
7524
10344
8096
2491
578
1713
4705
9405
8335
6303
4882
7798
5383
4297
8527
3257
9148
9354
975
10115
2418
7442
5075
5191
3958
7961
8912
9183
10094
2910
7787
8358
9214
7550
5958
2824
2331
104
7657
3031
1957
8180
4254
5553
6680
5875
3913
4620
3275
2832
884
8910
341
8903
5901
1308
7930
1592
5757
785
2971
10162
6329
3562
9558
3459
5315
8068
105
5859
2001
5237
10110
1569
1501
6905
4835
8981
7923
6220
7311
1516
4070
9632
3103
2011
5566
63
2992
2295
1033
5265
7167
8351
7441
4719
3052
7673
4203
3432
1077
7353
7590
9015
2362
172
7922
9953
9083
7285
4787
5899
9315
7183
9894
3519
10231
8551
1855
1591
7823
8631
8368
6020
8995
2053
7649
10302
280
7286
9134
4824
6816
7121
5575
7587
9430
2310
8608
3480
1021
9064
6381
9428
827
5429
4853
7239
9880
7066
7464
6845
3035
6789
7542
10346
799
3094
764
7523
406
8725
2381
5739
1815
9718
1377
5963
3252
6449
3767
8533
4533
7810
6570
4808
4459
8909
3966
8211
5910
411
6907
372
6223
3610
9792
1685
420
2262
9273
1771
7124
2038
8833
10169
555
8301
8871
1651
9124
9112
7409
2634
6888
3709
8354
7173
4898
1570
6027
4758
3937
3234
8154
1440
10233
5842
108
6306
2843
9348
1867
3581
1264
5374
7109
2199
4807
426
1012
8238
9288
6258
2040
1584
1994
6011
5468
2953
6558
3210
6181
7040
140
4830
6788
523
5531
6918
2033
6784
3991
203
548
9787
3093
3287
10224
3768
1556
3926
296
2469
2518
9796
321
9474
4158
4487
9548
3416
6903
1540
214
1596
9911
122
6970
2908
8146
6166
9471
9541
4544
155
1022
8697
6880
9754
10184
5556
8262
1428
8714
10433
9655
3159
6885
3388
1934
3707
9999
8421
3929
4324
6786
8957
1368
10182
2127
692
4032
1731
6824
1835
6534
587
1378
1347
10291
6468
7730
3507
2468
1230
8414
7046
2355
6374
4228
2431
782
1468
1476
8525
2460
8938
7703
10137
8031
3049
1407
3319
292
9483
9602
4529
446
4411
4042
8119
3990
5197
9297
3505
4343
8796
5668
7
5070
1788
4048
7738
4238
7830
7755
5864
2867
9264
6893
4751
6632
7202
10407
7970
9608
3635
2045
4327
3549
1714
8509
5993
6689
9170
9887
8919
9053
2013
6484
834
4427
810
1680
5563
5328
1527
4290
3394
5421
9874
10194
7952
10068
10225
2853
10351
6217
3461
5813
9805
1530
2414
9519
1309
1784
3733
8079
958
10219
3648
4490
2060
1895
2079
7125
3642
1555
2030
10
8375
477
10328
320
5043
10154
6995
5257
5081
8173
434
519
419
839
5452
2086
4737
4689
7452
2790
6195
867
8630
3301
3476
4918
8319
5617
7454
9900
6875
6305
647
7565
2378
679
1643
4163
4759
4045
10163
9836
5369
8606
10390
8422
1656
7248
4393
1085
7330
3171
2181
9717
3492
1016
6653
9412
10391
4401
2154
8115
10255
6703
1506
1310
2278
3711
5049
4126
883
360
3667
4994
1234
10235
5686
7965
7310
3442
8624
8786
3048
3839
10007
4691
3698
6060
2648
4291
7694
7395
5736
994
5096
4717
7597
4613
2379
8037
3859
4091
9178
5862
7177
7428
9656
3571
4011
1283
2187
3306
8399
9872
997
3284
2520
608
4848
5267
4366
3595
7261
753
5609
3212
3161
4621
3949
6055
1320
1559
9788
9061
2432
1780
1848
10448
3757
2781
6327
4161
452
10173
3258
1777
8802
4729
9368
2081
3386
10098
5900
4300
6095
3877
6499
6992
8584
6163
1514
1163
9491
6332
10119
3039
8684
5436
3670
4877
9776
9763
6058
422
3286
7648
5083
6757
450
1655
3743
4764
8821
4117
4652
1812
256
1487
874
3832
6177
148
1735
9408
10446
5127
9706
2674
9881
5647
4069
2376
10432
6921
5537
10152
2748
2268
187
8947
9971
7936
8186
5675
7579
5471
2443
4855
3744
1208
3495
8994
7840
4892
6937
979
4282
6596
2574
2423
8382
965
5202
9613
2800
336
5915
5723
3084
2931
1641
3411
1762
8954
933
9189
409
2905
8122
8746
1311
5931
6174
5296
1355
7838
9625
6633
747
1223
5146
4053
2513
5947
8338
7221
1107
6980
4445
8469
7592
7025
847
9505
7560
2178
2382
5717
4024
4495
7263
4515
8289
2003
5766
7489
8984
5950
8671
6061
6923
4339
8123
3279
4726
7771
10059
244
2303
2216
10212
4935
1940
1149
7268
10035
10421
6454
10228
9319
5234
7235
263
4314
5819
2297
3282
1116
3663
6660
1152
5203
10297
5721
2092
9652
1822
2473
7048
7617
1799
739
7401
179
10199
4285
4774
6781
4065
4596
7888
5858
277
2353
1793
2023
3204
7364
5177
7413
5129
8342
1756
1843
4266
9373
1065
7033
6806
2322
2358
1955
5440
2022
870
7229
3135
5623
8510
1035
2270
1097
3120
8231
3906
7375
3469
4541
2096
8051
876
6972
923
3661
8420
2798
9462
10438
5376
8560
671
4742
7671
3202
7307
6396
7331
3729
2776
861
4215
2420
303
4311
6718
3751
605
5625
10334
2649
1376
6623
925
6900
7099
9539
2623
2801
1902
6607
10089
10143
2599
393
5745
4472
5713
3874
2887
6003
2710
4532
625
6747
132
6362
5458
5960
4769
5833
3886
1361
4847
5550
8306
7075
7057
5604
2528
9380
7020
3655
3940
7517
6764
4124
5828
1838
1481
816
8266
972
1405
3621
5513
4454
3072
2224
2507
3426
7821
7691
5064
8804
7155
9317
2234
2720
9345
8675
397
5865
9905
9561
4707
8959
9052
9515
5569
8873
9716
6289
2336
117
153
7851
4307
572
2892
6366
7663
3076
6026
4044
1237
577
4237
8195
2454
4785
57
4025
4709
418
3235
5061
8350
6896
6271
3168
2391
4628
9024
6721
10017
3479
3004
8390
7233
7865
1844
7974
8723
6391
3206
7002
9098
5133
3449
9191
7188
5099
8300
5354
3455
1977
7009
8846
4632
8503
5001
2335
2855
6464
4992
4881
1316
8549
2631
1489
4643
2950
1970
8410
4202
10215
2457
1261
10086
619
8474
5152
8855
1789
7504
10009
9075
9188
4168
8395
3892
299
9086
5269
71
1503
177
1840
5071
2006
379
10063
7463
7104
1009
2014
8913
4220
10207
4176
2764
4316
2734
9974
8762
2072
1122
5596
2204
4667
3784
7832
862
9747
2113
90
487
5782
5496
3485
10200
857
7315
8070
5353
6868
4458
128
4419
7906
8452
1964
3720
2061
1542
8658
4414
9862
6935
2567
9106
7736
5026
5050
2395
9891
8641
2770
1128
9429
1724
818
1531
10349
5804
3081
6911
4975
707
4812
2337
8969
5456
6560
428
2232
5407
6686
8754
1335
9120
7095
3592
8044
4000
447
4288
5313
6477
8158
10028
8820
8516
9002
8839
7227
2630
2121
8478
1684
1980
7195
4938
7444
9396
4105
8575
6382
4219
921
6169
5800
4804
6613
5480
6292
6578
4376
7283
5707
3100
9239
5641
9550
3008
9459
7278
7603
5987
784
4713
2757
5909
5057
7349
9575
10417
3597
3000
4614
3379
5066
1327
5607
1445
1849
6929
8437
4610
3412
95
7251
3026
318
2822
2850
97
2264
5180
7941
8856
5886
8691
6443
6040
1510
3677
3218
8611
10205
3473
9116
9255
10057
6245
1475
2671
4914
1024
2341
1165
677
189
4593
9569
300
6100
4740
1768
7051
8911
73
6993
10011
8169
4431
8
479
6354
798
6151
2465
3486
1549
4942
1420
3840
8559
5907
8902
9269
10313
2973
2926
3095
1111
9592
7619
8977
4683
6081
5003
79
5605
1654
2019
8654
3050
1477
7222
10409
9182
1322
926
481
1770
9509
2998
10286
6064
542
7962
2470
962
5795
9516
4222
8394
1358
4208
4250
9783
9499
9937
3969
4583
8246
2659
9651
549
8566
1864
6134
3821
9017
4090
1682
4381
9472
10149
9791
7889
1488
1049
1314
3101
9320
7801
4433
9065
3421
3526
2350
7178
6457
6861
1732
4409
6544
10001
7925
7983
6600
10381
10042
7363
9304
1140
4913
1108
5933
2765
3126
3484
493
6355
8466
1255
3069
9765
1826
2678
6161
2819
10312
5327
103
9976
4478
6365
3936
6002
3618
9102
7963
4334
4987
791
3321
4355
3828
2607
6641
112
1330
9701
1960
7103
8644
3838
6323
4474
9036
4488
9371
5622
2164
4223
3482
765
9582
7301
6472
2525
4778
7483
5352
3773
1110
7106
1433
9141
3014
8080
5098
8553
7390
3844
2575
1349
9477
10337
8170
6576
1919
6873
9673
4141
9858
4298
7176
7594
5459
5836
4636
5846
9323
8318
2087
6587
7684
7128
7834
7135
6053
5579
4075
1251
7857
3346
8397
5802
518
852
5048
1076
8598
3041
4575
3794
1324
5509
6422
7622
6145
2476
3344
3823
10406
902
8830
10140
5501
8663
6916
1702
6075
4647
3542
5371
5608
3792
8610
8728
2255
6052
706
887
5790
6573
5130
7981
3739
8877
8353
56
8064
6110
2968
7887
9073
9654
6210
4017
9975
2618
4958
5030
4395
8343
6274
1105
10395
1158
9450
9435
2015
2545
1600
4256
4710
6523
656
1757
7100
6008
8893
5301
9912
6580
2954
10190
7118
1176
7976
6178
1147
2700
3029
7327
3569
4450
80
6654
7036
5161
3038
8928
10366
4736
2804
1962
8593
5663
6644
5630
8818
2632
7010
4907
9983
33
525
779
1945
980
4526
276
3466
5891
725
1967
890
4172
3864
1541
1498
2078
4626
8740
6645
9026
3922
2588
3979
8460
610
5653
2881
7812
6295
4836
5861
4082
342
10165
1197
7501
1448
6395
9577
3775
9633
4939
6490
9196
7841
7068
8459
7578
1402
3761
8456
9566
2510
3097
6999
6704
9426
3676
224
3123
7896
9529
598
1298
3131
910
2108
1025
2569
1239
5226
10037
5888
3841
9473
5148
7136
4457
7689
8221
193
3345
7939
7817
9646
2039
254
4734
10168
1565
9187
4402
5151
6848
5137
1268
8521
6819
3672
5561
2696
5558
8447
4264
10076
6250
2810
7589
10289
4789
6117
7041
947
9325
4786
5060
2960
4856
4822
8344
2461
3398
7739
6796
3226
8117
7164
7864
6392
5317
6237
330
1313
472
8668
1818
10326
8619
1218
7354
6418
8627
1135
9457
1773
662
8097
2327
3451
3704
2756
6532
3959
3772
7799
5097
2693
4854
5447
6253
1243
524
4738
5342
4418
9508
10256
2963
3354
6435
4304
7273
5626
1661
3982
4559
2099
4179
2999
8436
7329
6705
6249
1167
5166
2990
8308
7775
5457
9753
3441
1901
9238
3271
1854
3550
6377
9166
1044
7541
4747
4114
5588
2584
10018
2275
1304
5735
1885
5914
3254
7540
3746
8257
205
7434
10019
7944
6575
9204
3819
138
6491
5124
1196
5073
7707
9058
10282
7423
9208
1303
552
1296
6780
7236
3978
7949
313
3298
319
3017
5884
5589
8535
5182
7026
2969
10304
8347
1114
146
7515
3736
2685
9010
4299
3765
7432
3774
5428
3737
7206
875
9025
9899
10275
110
2754
7234
5603
7580
5415
8253
6199
5781
1244
8303
4963
2253
950
4058
6201
819
2138
1151
10065
8931
2633
10396
6690
31
4640
3946
4950
9228
6878
10195
5752
5411
2291
9403
1031
160
3400
751
7534
983
9281
4507
5809
7144
3645
7613
1166
6164
9674
9929
9682
7927
9216
2037
8713
2093
164
7611
4604
9531
9042
6219
8363
1715
8341
8349
6629
1005
8429
380
9578
6379
6890
3834
10377
8307
4551
5959
2672
457
545
9240
7757
7731
2775
8852
85
7001
7612
4446
399
1966
1178
1018
7776
9866
8875
6910
9489
1437
6634
2407
2497
4259
2243
6480
5388
5918
4828
8769
8604
5499
6551
1948
9523
1664
4016
1186
2188
4782
2529
9107
10150
3246
9764
8222
2817
8556
3605
4542
10272
2564
6261
83
3478
4586
2299
10307
8432
200
467
743
8206
4449
9734
5231
8765
7957
6121
3626
8576
10392
2741
6947
7577
10429
1272
729
5534
3425
3326
1023
3561
4348
10265
5103
8290
3532
1001
802
7317
9146
9978
8876
6173
3142
6113
3428
6635
8488
1747
471
4552
2482
5972
3431
8196
1423
7021
5052
1624
9925
7306
2606
2298
10175
6756
8481
7084
10093
7753
6862
4374
6691
3882
9904
8228
1686
7078
4502
3693
2214
8026
1017
4438
4074
1179
8371
4548
468
5577
10378
644
6843
9080
507
6904
3003
5013
690
1326
9584
1745
4379
7140
2794
3964
5472
2369
6111
1896
10158
5877
7225
1850
8861
3633
10319
6132
9935
4211
1094
10069
9139
7384
7982
6277
3719
4080
9460
4930
7447
3010
3404
5053
9151
8609
9077
9829
7679
9066
5954
3810
5689
3928
5442
249
1892
8418
2354
274
1764
9110
7243
7194
4129
9668
2115
1193
1275
10136
8720
6841
4227
8056
8087
10405
6928
5399
7493
2159
6976
4361
9745
582
1954
4954
3785
541
1628
118
1446
3934
4926
1175
3439
5167
1159
6209
7023
7174
6128
3276
919
9860
207
7074
5316
5929
9723
9512
3434
5033
5535
9808
1837
8054
6246
8666
2489
6367
10363
1543
4051
407
5762
3178
8203
9850
620
1144
3942
5219
6716
10264
9451
2272
6594
9097
945
7255
10323
8585
6452
1280
3121
5310
6203
4462
2553
6368
8243
10384
284
4796
8941
8884
3407
9210
1115
9274
516
1706
8927
3129
10423
908
4986
9535
4328
250
5441
4530
5247
8021
22
9870
6783
6107
2669
534
616
4480
145
1975
8174
2821
6516
309
4629
2876
14
8642
230
6494
3895
421
6538
4046
5803
8415
3559
6291
8766
1993
7059
6744
7079
2328
6469
682
1507
1949
2509
611
6320
8496
1833
5204
4535
2114
130
10060
5737
9069
8339
2348
848
2388
7406
4271
2415
10229
9835
1418
2050
10116
6025
780
3213
93
9200
2455
9679
225
1695
3192
3474
4246
1201
4484
8889
1458
4166
3509
3133
5128
1015
2782
24
2783
5449
6813
4891
5394
3523
6033
1878
594
498
7054
5187
2937
1571
8329
5176
1087
7529
7116
1174
2163
6031
3392
5543
3583
4127
735
6383
5851
3787
5422
5582
9640
6899
7258
2854
6084
5885
4567
10454
4979
10316
7503
6388
8095
7453
6801
3554
5776
4760
8712
8915
7094
10064
3348
5106
7201
46
5576
4183
9513
7467
3510
4023
3814
10422
6777
10295
3921
658
4988
3225
9740
1791
9446
3265
5087
3387
2742
5363
3868
10050
8141
9385
7759
3915
6091
7032
8519
6423
4088
3294
2324
7762
2215
8661
5986
5805
5410
9441
2911
9305
3730
4021
1637
2886
6699
2663
10118
6840
1002
1782
5153
5419
7951
7747
1670
2982
1673
6265
2994
3728
5334
8014
9011
8647
9672
1943
5780
2653
9889
1952
4323
660
5165
6938
7107
9596
7883
8078
8151
9440
1030
2387
2330
3184
3640
536
4724
438
5412
5294
7505
5594
5283
8616
9031
2193
3854
8396
5474
199
982
6043
2936
5639
7595
10306
2521
1006
6832
7339
8234
6476
7699
3927
8763
942
9498
8805
7038
9383
9156
8753
6019
642
2175
8048
8544
9636
4720
8120
3278
6611
3106
8010
6153
220
882
1602
10299
7805
7779
3037
6159
3058
9267
9206
8518
99
2479
2357
1847
2947
8052
9155
6849
7417
2435
3170
4057
6710
1028
726
9367
3338
2122
5343
4186
3083
557
2172
3366
1443
2813
9619
5326
2377
2533
3866
4370
8948
3245
6683
8632
2026
9908
3527
6838
7080
1630
5783
1404
3799
5815
6098
5300
8194
1616
2889
7854
6189
5398
2753
9554
9840
5872
6063
2699
7897
8825
4998
629
5754
202
381
3371
6847
2285
114
7162
1046
8733
6665
2900
9293
2660
7138
5748
6264
5385
2583
4255
865
6542
4962
5346
7213
8236
9244
3109
10243
9794
1162
2919
9013
5209
3066
8144
8217
6608
2002
7782
4838
4063
495
5992
6933
9014
3960
2317
5678
6810
9387
5786
4398
2024
9832
8428
4810
1750
3657
9620
2153
3481
1206
4122
19
8386
8152
2269
2342
2118
9339
7459
10202
7473
8854
5134
3208
3358
9103
9884
5751
2007
2256
10034
3898
4982
4284
9153
6768
984
1740
4131
6188
9195
8325
1816
4780
2206
6302
2329
8356
5492
2856
6407
966
9936
5102
2912
4518
3444
3513
1617
3117
4325
5778
227
235
10271
3011
2806
6248
5691
5229
443
6946
8737
10209
9289
2536
6630
685
7831
358
5444
4110
6146
6684
7067
3155
4771
4663
10420
7537
6864
8159
9038
6337
1653
7341
8698
306
5832
3985
9245
9143
3878
6140
7476
415
3314
3722
636
2147
504
113
1613
6656
9789
5228
8149
7168
9127
7848
3172
2261
1124
8241
8561
1580
1483
7191
1827
4200
5642
3157
9335
4038
2480
3778
7115
763
9122
2830
9864
1281
3144
7082
4405
2412
9233
3488
9060
470
9927
7635
7809
4151
7262
2729
5175
486
7397
10357
6352
9049
8618
3938
3453
2064
6196
2220
4657
2873
1451
646
1139
2530
4421
9603
77
10414
5416
2486
1504
1593
4624
2293
188
6460
7752
5942
4739
8621
1968
8993
7584
7347
5113
9321
10338
7371
7309
9972
6044
3609
8298
38
5730
6969
6748
2397
161
832
7953
1391
5659
4156
8858
8676
282
2142
4735
10172
8789
8564
197
6902
4612
8831
7947
596
8082
4831
9328
8038
4673
4408
2403
4876
9663
2646
7573
730
8883
4312
4674
7745
9922
425
732
5693
10088
7391
8711
4841
1106
10331
9006
7892
41
2773
6322
7867
5548
4802
2895
7058
5973
5357
6360
9565
279
7086
4345
7829
9661
1601
9495
6114
2966
5662
4451
1060
3876
6557
918
6162
9742
3375
855
8532
1099
8781
3636
8734
1629
3993
4581
4344
5117
7797
5555
5926
6207
4140
10252
192
8372
4423
8679
7204
5239
4444
1256
1334
4269
10013
3627
9669
2970
8771
1502
1226
8340
2483
4767
6036
6331
1987
4321
3195
6857
5564
7127
6537
7574
8639
9534
10144
4150
2279
10354
9359
4770
599
2441
5824
3850
4257
5672
7926
3544
6446
4635
3006
5565
1515
8484
7230
6197
1779
5201
7764
10383
2290
7692
3713
8528
3113
3429
9926
6807
157
1401
2621
9848
5855
6129
3418
9552
7448
2641
1050
9909
5768
9259
10426
5018
1485
10280
3835
1020
1109
2916
5854
5574
3380
2183
9530
977
3068
1607
9236
5414
9924
9296
26
10112
5164
10451
2105
30
9601
3108
2728
5303
9186
7606
2818
10238
1383
4329
6724
1042
3764
3816
4365
8425
11
7342
8764
6514
7304
8605
675
7993
6135
9980
7494
6328
934
9398
4216
2401
9218
288
9149
1944
6183
2704
3091
2924
8680
4627
9324
7223
5002
736
3714
9268
9698
9617
6540
5793
1622
1990
3613
7488
6282
3629
5227
858
5796
182
0
9795
10283
1767
9724
1221
6795
4201
78
5826
86
1478
1709
3080
2284
4539
7097
4278
9644
2372
6408
2652
6740
1594
8574
2946
8824
10216
3950
1070
6266
2651
4516
5473
7564
9709
2180
2294
4481
8278
1034
5523
4426
8567
5431
3555
7627
3036
6723
3758
7189
5621
606
8808
2111
3992
553
9965
8365
2558
5821
5037
4303
5212
2055
2411
3573
3067
9322
4486
10166
5467
2371
7224
9252
6284
1725
5656
2179
6447
3269
1539
1856
10183
8435
6545
8263
5404
7530
3460
6736
9687
4957
1491
6898
7514
4555
10179
5981
2325
8956
1341
6508
8848
5664
9316
8990
5628
2617
1865
4858
10178
9863
8937
6808
9248
1729
723
8240
7156
1202
4135
5685
1860
6148
8333
3588
1235
9275
8216
5016
1589
4761
8411
8327
3659
3001
5308
7403
3376
2235
9163
4468
6074
3924
6892
7343
458
3650
4904
2975
1331
7790
1935
643
9844
8794
2805
6039
1761
3955
5368
8067
1336
1906
759
3568
4378
6232
5938
10221
9258
9399
8813
576
4230
8506
1282
600
5969
2709
8441
3902
2707
5922
6869
2517
1225
7938
9005
2161
9467
8336
7990
2364
3566
133
7822
287
9597
5260
3352
4134
1092
4686
3998
8057
9946
3217
9221
4684
7999
2687
7914
9154
7396
1389
1252
4492
5400
9837
9496
4522
2471
2448
6663
3631
3755
7978
3310
8760
6851
7960
6483
5536
8511
3130
5012
1696
1192
10027
10449
5498
1342
7716
7800
9970
10117
2474
6294
5065
429
1877
5879
3525
9257
3552
7543
3836
1567
3334
8896
4420
8570
2579
9611
6410
7870
289
5044
7614
1888
1811
3337
49
937
9801
4840
7300
4693
2611
2020
4194
6202
497
8193
1157
5178
10204
2851
7908
8683
8192
3686
2940
935
5080
10418
7682
8761
6759
10327
9932
8864
7203
7558
2811
4916
3646
4471
4863
821
7487
7091
3907
9605
5395
5155
2315
4932
9818
328
7668
2398
6497
82
5889
2713
8185
5306
7719
824
1927
10084
3445
3518
5708
2915
5502
8628
5820
2661
673
5169
581
9068
7516
7863
841
8175
10330
6746
5084
830
6041
1299
6492
4869
8369
1393
405
5125
1258
6854
9370
7659
2787
2778
8201
3228
8571
2941
9356
7482
6952
5349
7326
9307
6012
4547
2451
2049
1774
5586
766
4138
10186
7777
10127
5990
3798
209
3848
10039
6837
9559
6171
2434
9782
1373
8244
4889
4326
3494
7471
6125
3443
2706
9746
2654
9422
7187
3988
2393
8498
7835
4970
3169
6617
3248
5108
4154
6601
9814
4857
475
9394
3179
5571
6010
5661
2527
8424
6853
3815
222
1535
5652
866
464
9896
286
81
8297
4731
7794
1796
7200
7669
7687
6556
10070
6486
5331
3119
1217
204
7924
3748
4664
7636
3242
2349
6001
4272
2692
2958
5677
2701
8689
7842
9100
5940
4995
7335
9290
878
324
6314
7218
597
10273
5549
3367
8071
6920
9893
1069
851
5996
2792
9
3651
7175
7208
5648
3327
396
355
5799
8191
5143
7252
7903
949
5764
7750
6964
9185
5808
10389
1525
7728
5948
4167
8015
3223
5557
4004
3384
5196
7338
10176
6211
2662
7468
7658
6664
3879
3137
1992
8562
609
10180
10339
9222
3393
7575
9318
1821
4293
6364
7209
6184
9585
615
7871
1100
10155
8526
5054
1081
5085
5244
6971
1813
8299
4213
4028
5114
1132
1734
5593
252
4922
1738
1801
4064
8451
4909
8878
3843
8001
10196
5624
8041
2027
3239
4756
7060
366
9145
6979
5230
5425
10412
6773
9777
705
583
1974
2515
6273
5912
907
601
7439
2917
4435
8960
8838
2841
930
2906
4937
4694
7784
4018
929
4955
6458
2516
6661
4020
9713
6866
2148
6066
3717
2088
5643
1385
8790
449
3194
10360
8385
2977
7007
2340
9639
270
5895
9344
9469
5517
9815
4436
2195
74
2656
8491
4943
6078
6550
762
4001
5998
58
613
9251
1053
339
896
3689
1631
6338
912
1233
3342
635
806
6655
1588
8513
8204
6432
2492
6598
4309
10387
1277
6865
10177
8997
4990
8565
7382
4103
8817
5325
10301
1154
9037
43
9089
10020
6823
8003
1422
2967
7940
1242
4826
7676
800
981
7544
9780
2552
5953
10109
9890
7062
9416
1431
1416
856
4772
9355
25
3322
7119
2257
3690
4599
6380
6216
5430
9358
4699
9898
1828
4700
10061
7849
740
9623
8178
4603
8081
3712
4896
7446
7796
8690
8508
4940
1262
5651
7640
4153
6278
1986
4136
5021
3293
5232
6142
6426
6076
7430
9443
2842
7688
6035
5533
3619
3897
1505
1284
6350
6749
3043
5679
4879
1003
2201
3920
6767
8905
2541
10210
18
3989
3092
9562
4489
9402
670
8897
2637
4566
3323
1615
3811
8000
332
4725
6180
5952
2028
7602
3364
5876
667
5051
10111
4845
3589
4695
689
10080
8826
5213
7470
9158
1648
7770
2084
1061
1413
5827
5980
5185
1254
1529
2419
9851
8991
8302
9220
10335
7277
2719
10053
10105
4330
39
7018
4658
546
8741
2450
3804
6669
5816
10263
6131
4893
5345
9174
5724
8473
10260
3911
8577
9695
7445
5389
5302
4071
2082
1496
8523
5088
6083
6385
7900
9198
8126
1677
7909
1392
9779
3861
622
400
5004
9665
1817
8177
9262
1293
5224
9514
3186
2345
7778
4708
4870
2582
4837
3382
2680
2718
7414
2666
6267
5293
8573
5276
5949
167
9964
3390
4851
1183
8405
9327
4092
9261
10187
1123
3071
7275
9986
2540
3127
9690
7436
7548
3869
8458
6087
2132
8431
2861
8492
1452
1647
5848
5991
3524
9332
8898
3615
5515
9826
3256
6347
5849
9892
3347
4052
9579
376
8282
1010
7055
1499
10333
2421
1045
3538
7813
8950
3574
9952
7811
6906
9194
4752
8664
2761
2751
2367
7547
10336
5068
4989
6206
4880
7988
5287
9114
797
7316
655
3520
7954
3917
4920
7063
10236
3647
4580
2768
4872
8888
2694
5312
3299
3831
9822
10000
7196
2918
4706
1717
4475
1523
3399
3054
9570
3452
5753
10031
8493
8313
728
7356
529
3138
7267
8005
10058
3930
649
9810
7872
1457
10097
10402
7348
4003
454
3734
163
6330
5221
5100
5403
462
4447
9270
4755
3110
8717
1332
4152
7153
7305
3115
3654
8542
9587
4867
517
2205
5814
1763
5834
6234
1209
3683
8640
5740
570
7180
9928
8649
10131
6405
1595
5264
1127
4461
1908
6496
1727
6802
6517
657
903
7421
7426
2186
6912
346
783
1246
4748
6254
1007
9475
2877
8089
1612
7422
2140
3147
8759
7029
3410
8274
3503
4827
5461
10259
8940
6086
951
2772
7500
2923
3389
4280
89
8583
7977
3320
2562
8952
8692
9132
4521
5870
2351
3780
940
9658
9553
6139
5853
9749
795
2825
4160
2815
4976
4123
4234
7885
881
3059
8530
9857
1862
9969
7678
711
4565
4406
3916
6702
1171
4779
7381
241
1088
3596
293
6214
5387
5170
3148
8747
5610
316
5392
8018
683
3164
9739
4890
2715
5375
4050
4145
1598
4505
1666
5032
9959
8002
7979
4108
9165
229
2834
383
3277
8034
2758
3463
3790
9393
8568
3500
1509
1008
3141
7690
6157
4781
8791
8673
8662
5253
900
2107
8701
1344
3598
5681
3539
8444
1195
6763
388
6050
3662
6016
5
8829
4387
7019
8972
3529
574
9546
8378
5746
9521
5007
3547
5856
6082
8517
10318
4534
6733
9544
8007
7334
8881
338
8008
2803
6769
116
4895
9681
439
1337
6224
7043
1681
720
4195
3259
3889
9524
2943
2501
1090
6814
9361
4109
9598
10244
9736
8288
3405
9528
1463
9123
4692
777
5382
1032
4364
838
98
3504
8546
4275
2442
8534
1621
8722
1340
6120
1639
2452
4968
745
7073
3253
9063
579
6085
4019
4485
6867
5424
2238
1925
10203
3962
8626
6881
8755
4661
3858
5525
2932
6842
1802
266
7664
2681
6646
8554
4425
1354
8181
107
3085
9386
35
2494
2852
4568
6856
2498
4394
8785
169
5773
531
8413
6317
6378
8587
1410
178
4639
2447
7621
2126
556
3030
514
3572
6583
8721
4417
733
3152
432
5818
7264
9527
2085
9930
4903
1241
3230
1279
5520
9987
1170
4517
7085
2283
5580
1205
2374
4886
4422
698
1873
362
7774
10090
2885
7299
10077
9842
3522
9506
6493
5930
10424
2592
2254
5141
5597
4743
6288
8330
9040
8245
5438
10300
8557
1286
7011
7748
8281
9016
7257
6205
9087
3943
1783
6118
9104
756
5560
7287
2780
2556
8936
10411
8743
2869
8077
4270
1236
5225
590
9241
5977
5702
2612
3891
7598
9199
7231
5123
8448
3801
9302
8966
10036
8125
1479
3600
10079
9392
2760
5690
6872
4199
10139
151
2110
6509
2570
3082
337
8053
1351
7882
4041
3040
2538
5514
5077
3649
5211
1746
3214
4820
76
4915
1371
8291
2339
2390
3197
10066
8179
2921
6326
6348
7418
1287
8545
2029
9542
3283
2160
6800
4439
7894
4944
494
695
4142
3104
8696
849
4637
2814
6167
1891
738
3851
8850
2677
4274
9357
6456
4399
492
1547
3675
6158
3019
9280
2250
5968
109
8865
8863
6526
10441
7240
9404
7333
2162
868
8461
5797
3777
3002
29
69
621
571
8134
2177
7219
5771
2786
9336
9957
1319
547
5657
3324
4347
5433
6046
1073
8035
9604
5761
8102
773
6962
9631
7506
9867
5322
8943
7994
4511
6839
3333
9711
5791
7380
4750
1658
3865
2743
7631
6707
7288
9726
8811
218
6500
2725
4249
8239
4570
8667
3044
4455
7596
127
8810
5466
310
4263
5946
8656
1947
5485
8171
1719
737
5183
8524
7742
441
5860
794
7720
1055
9518
9748
4187
8687
7388
8268
9215
3193
901
239
2644
1338
8379
2624
8968
5731
7440
9284
8908
7563
4130
5893
433
8651
9125
9865
417
8917
3
1933
10386
7727
6562
10161
5692
1545
3272
9414
7743
5017
604
3579
7220
91
8046
7508
1889
7740
5964
7551
3414
5613
9737
2639
3406
1474
10416
5157
2771
4732
4171
10303
2062
3564
5476
4331
9085
5758
701
3540
4360
416
936
6228
2840
2847
1273
2200
10099
5238
10294
6829
7591
1072
5616
5727
6512
5704
1736
3947
10403
10408
4106
3703
522
8581
8258
8361
5355
5119
7215
5902
5920
5040
302
1398
4967
3515
126
5680
769
4068
6675
8836
1611
9920
349
948
2628
3423
8364
3215
2046
1590
10214
8213
5729
5470
6511
4591
275
7047
5524
5789
4027
5545
8501
9510
2512
1938
6531
8482
3688
4248
1605
9627
314
4039
4252
8430
7828
813
9445
5874
7088
267
4382
7569
2620
4945
174
1632
6369
4002
488
6625
5890
3280
1182
8403
8538
3227
7625
4671
4622
6235
1923
4097
5263
8497
1563
2793
246
2983
4443
1550
2051
8223
496
3852
1797
1582
483
5455
4040
8589
4235
8055
4354
3363
6752
960
2404
485
1511
8139
3766
6109
1693
466
4885
6915
9715
45
1688
7643
1723
5618
603
653
7198
9176
7238
8312
7161
1810
23
166
6285
9424
3318
7984
7089
8835
9803
10358
6459
325
7937
5173
6709
3582
2041
9504
6954
3167
2158
8027
3361
2316
3999
9873
9915
7721
8260
5838
3098
4571
4844
978
7437
5927
5894
6913
1494
2035
3090
67
4496
9762
5450
10045
3702
2222
2831
2227
612
8389
9249
6115
3912
10309
9594
8998
7698
5698
9775
7008
5186
6668
301
6013
6240
8703
1323
8767
6552
3360
2402
2156
6138
1375
9948
8261
2004
722
1469
4669
5324
7383
7996
4514
1160
4741
5160
191
6463
6615
2688
860
8699
6136
9388
9203
5493
261
7931
1406
3188
51
6507
144
10134
4762
3632
8025
3980
6530
374
1533
9084
4315
4901
5024
5666
8480
1583
1623
4371
8315
9051
3606
4766
4437
713
6793
8438
6924
2928
7245
1969
3307
5200
9351
3136
2836
2
8547
872
9133
8233
8834
10023
9882
1739
1737
365
4007
9691
7350
3658
8780
4384
2260
2185
6602
7496
10026
1905
9131
9645
6057
9177
6677
7583
2602
401
6754
6835
4564
2989
6371
8710
2143
10232
6666
9150
3153
8702
7378
4582
4590
501
5612
408
2784
1781
32
6734
7365
1694
8775
7709
4941
4917
4292
6831
1066
6592
10317
8279
672
5709
9113
5585
9420
1741
5911
1939
1465
3024
3563
8843
7916
7552
7820
8468
6883
7456
1168
40
1266
1482
6715
8065
7950
431
1814
8563
4460
8495
1575
4133
776
8999
4139
9545
3590
7881
7282
10171
6727
8782
4342
8063
72
8592
894
1825
7803
8719
430
10071
5330
3373
1792
3415
1315
9807
9696
1360
307
4783
8022
712
3351
2427
2124
3756
398
7844
5747
3263
5360
1207
2988
4066
6122
6105
859
1869
7373
1187
4407
2899
1153
2744
5722
7438
2346
3699
6712
8678
5913
3607
1263
323
5956
5056
9768
6487
10120
2119
8016
5188
2849
3162
9415
170
8807
6934
5671
691
7157
242
9933
8729
5341
4558
9419
9771
5011
5570
5042
4056
7070
592
4866
3788
1083
7732
6030
2167
5510
7399
833
9703
331
88
7003
2308
9990
10024
2089
8402
2239
1041
8019
2616
3781
9193
361
5989
4162
9205
461
2522
7429
5919
3620
4322
9072
3132
3372
4349
1972
6730
5750
1619
1141
3266
6957
4332
3779
2240
208
6533
6828
1786
5660
6301
5551
3075
4357
5504
928
9728
9897
7853
8280
9376
2131
10051
460
754
8899
694
7744
156
6631
4966
5961
7324
3984
5712
4733
9997
5882
3437
5529
5601
9686
295
5074
5830
6572
1517
3021
377
6698
7701
1649
2750
6204
676
8113
8426
9979
9819
10122
7269
1910
663
4276
4715
8674
5477
602
7185
9998
927
4795
1703
1909
932
969
1470
2323
7763
9389
6919
8979
9433
5669
6417
4846
9223
8189
2101
9093
1142
8900
1074
6877
1733
423
2655
8225
5521
3145
7368
7522
623
2396
8987
9635
1903
7667
1752
9247
6779
1875
3343
2690
384
1133
9525
6959
9486
348
2462
4012
3198
4974
7956
2961
1345
4261
9684
9340
3894
2344
1712
8417
6319
3396
8214
2755
727
2788
8304
8029
2745
260
8688
3190
5921
5508
2067
7374
2857
2375
206
2478
5728
15
8643
10052
7266
7160
10222
8012
8013
2796
8072
5245
10191
9906
2252
8004
9903
7733
257
2104
10394
1836
2373
1775
233
7945
9164
9670
8036
5437
1989
6024
697
10401
7754
7064
10138
5358
6719
9616
2957
5020
6539
7860
1253
7472
5059
4572
1353
5039
3691
2844
8129
7919
3747
8362
2614
1421
1899
684
1626
9984
7895
7708
290
2785
3867
9555
4301
8188
8996
2809
10355
6825
7357
5687
9152
7634
5611
2314
9329
5744
6252
8069
4100
8806
3238
4181
4188
7666
1210
7260
505
1997
9667
6436
787
3908
2799
6270
880
6604
3890
1257
2868
3543
478
10240
4356
4874
9330
5277
4852
9537
7932
8646
831
10430
9913
10193
2535
216
9538
4749
5632
7271
8058
4500
5235
6809
3622
4375
9395
1748
4797
8449
3570
8500
1267
3189
1917
3078
2258
9407
6341
34
6678
9804
9117
898
6528
1120
6950
1824
5936
9918
2935
2058
3200
4424
5711
9693
6051
4101
9875
5841
1937
4969
10321
6186
3701
367
2514
7904
755
3653
9008
3483
3047
4753
6300
4030
4078
3336
5046
3805
1444
10425
6047
3601
9823
4061
1408
6311
1454
10029
5242
3963
8783
2300
8992
5214
3586
6442
811
5281
7165
8269
6943
1882
513
9121
5614
6445
3007
2296
9090
1635
2635
4801
2292
916
9019
8901
1228
844
7767
7114
10310
1381
7154
9449
7717
2139
1285
5156
1988
7827
1382
961
8254
5720
262
5634
9618
7362
9365
7555
5602
1270
215
7143
7967
4951
1194
8142
1979
7561
5897
7474
7035
2347
8867
5640
2901
9027
7795
6433
1754
9774
6931
7400
7693
7605
1292
5994
1851
4670
6908
9725
6567
3420
3893
1823
10427
2542
2117
4305
8049
4170
234
9790
414
1350
5867
119
6585
6175
6671
4965
5329
6247
2714
8600
8623
10258
2225
8652
9265
2313
5481
10279
768
5094
998
3825
7846
9311
3118
9659
3173
4164
2136
8853
9231
963
2972
7182
2392
774
5023
9278
4524
1059
2425
6152
2858
3296
8392
8059
7092
3685
8212
8803
8190
6990
5460
8453
5983
9588
1941
892
7623
3634
4993
1996
1294
9078
2458
7214
2555
8939
7525
4279
1388
614
4113
4745
335
6679
6968
5014
10437
369
9574
9300
6981
5028
5489
2459
8572
2203
8088
8612
9466
2134
165
9162
7645
9966
2959
1346
4865
4619
2265
5181
7710
9982
544
268
2594
4813
3856
7997
3884
2927
10248
2173
8976
9688
3769
473
6141
9184
6143
1769
4584
9337
8098
8472
64
4184
3262
5089
6925
2192
967
8842
1019
2888
3422
3682
853
9767
4531
2816
3281
6657
1414
4014
1758
1300
9171
5254
2930
7289
7858
3462
10374
340
4861
7265
3125
6742
1513
5703
4287
4313
4055
3285
5541
4396
1091
6895
4579
1853
394
5682
5734
8770
719
3267
10276
2551
6485
10124
6770
6965
5195
8925
1644
1356
8607
9021
9172
10269
6376
786
4337
9954
7746
10288
4224
9485
6706
593
9081
761
1307
6402
8100
5584
4385
5767
3666
9028
4265
1785
8874
1189
6963
4333
2449
7639
9626
2763
10281
9109
10440
3408
7481
2307
5063
9055
3732
5402
4702
7641
2209
1250
6498
1672
4391
8132
3134
5055
563
9234
5241
9811
1224
2400
6393
2866
5908
8986
4798
4240
2475
1297
3391
10174
9816
5144
915
1609
5120
5495
8815
5644
5340
7163
9298
1534
633
1668
6045
9675
6453
3530
3888
8292
7758
3534
3842
10151
2065
976
4155
828
4560
8176
1800
5718
1412
3935
7582
7017
4805
8580
4999
2338
3381
6651
6473
9374
6450
823
2021
3905
6243
2116
846
1204
808
2767
6603
8232
7642
2112
7502
3417
2897
8814
8886
6242
8374
1095
7276
1434
248
8920
7328
10091
1983
4389
7751
3413
2942
10003
3166
8904
6986
4576
8985
954
9260
1726
1610
7726
8953
7921
1119
7499
10385
781
6541
121
7313
944
617
1227
512
1098
9406
6549
4557
6642
6882
6089
9161
1519
7113
8133
3316
7461
4703
4157
3368
9799
5132
1566
3312
7274
3644
8108
5592
1587
1887
2305
899
4997
4646
7656
3909
7408
3813
895
378
8250
666
8832
8847
7101
2703
8111
5000
10012
9099
5880
5554
1787
6791
4242
2752
4010
7571
8880
3182
3353
8118
1199
2208
8773
4528
6804
7325
4538
1766
5335
7713
520
500
4864
4956
6973
650
4084
8285
4883
6439
2189
8602
6106
7110
8287
9287
7901
6192
8555
7279
453
5699
3639
3887
2044
7886
9500
9347
499
3468
1573
3328
9817
8264
7920
6283
1692
4125
2356
9413
2280
7761
2237
7016
924
2130
8309
7000
6413
3705
7486
3954
5978
4143
7818
8582
3759
4198
264
5140
8409
7712
2673
7873
9758
10021
4031
1339
4773
8346
2732
10428
3302
6130
373
3383
2456
4815
9343
2070
5512
2581
3528
3493
2952
812
8404
395
8633
3604
8166
7237
638
3957
2152
2882
6726
7171
2247
7680
5829
3501
8384
3880
5475
10208
9916
506
6852
6147
3013
7134
2057
9091
8467
7685
7359
4432
7681
10133
2490
5289
9494
4465
7477
6018
8822
3862
502
8485
243
9666
3183
9853
8276
1633
212
6296
436
9436
5116
955
5432
4231
1490
9657
4128
8106
8973
1603
3973
7129
6672
4466
6811
1265
8660
877
7181
8105
6187
10251
637
228
3786
7884
10106
10218
6037
469
106
1900
993
8963
7475
8693
9225
4373
9294
5190
3243
2211
8061
4543
2251
2267
4985
709
8398
273
9035
4569
2807
1043
2974
5286
1921
5966
2054
4210
2580
5256
8978
6826
4207
6522
9802
4104
6637
1086
3673
6399
7462
5573
2721
9576
6960
3718
5036
6461
8416
10419
2797
2951
9846
2791
1429
4607
87
6225
1883
1874
1953
1861
5233
4777
8520
2194
2874
1143
8464
1062
9452
9838
10181
5216
7644
4072
8772
7601
5361
2394
5944
10266
2047
9622
7918
4561
2593
3295
2645
6029
3853
326
1495
9448
4111
9391
8704
221
5222
3073
9192
463
4931
5715
8042
8023
8724
10320
1971
7783
4809
8942
7647
5154
6738
9856
5047
4525
491
6255
4247
7556
4119
92
9743
5118
8381
2359
4714
3643
8756
9279
9761
3904
9400
7704
3099
10043
5427
8242
5869
721
1991
3975
9532
3315
1387
1894
3158
6674
3397
4685
9464
8868
9766
6798
3987
7485
6236
4814
1328
7412
5320
4229
3435
2069
5307
3057
6241
9786
2141
1961
1841
9993
1442
4648
5710
3687
3471
4983
957
4508
9536
4721
3111
4768
7702
5110
964
142
4009
7987
2212
9812
1950
6662
9232
3872
2986
1138
2774
772
4180
7737
7492
1500
2904
2010
5743
4281
10103
6858
10443
10038
3551
1348
3948
4403
10230
1249
4953
6416
888
2878
6555
8457
3251
8161
6775
10121
6112
7111
4540
9664
528
9094
7531
6985
3502
1425
7022
8672
4372
5179
6389
9434
3981
10285
7718
2762
8774
7039
913
8294
3967
6191
3516
1089
1369
5091
5812
3087
175
1675
5445
10226
8187
8537
8669
7015
5528
7815
1169
3968
5562
5967
2286
84
9568
7361
575
8686
8894
1288
9067
4499
3630
2287
6470
10197
1765
3932
2406
3664
8757
9246
9282
5916
6582
59
1467
1240
6597
9572
1011
9295
4214
9988
6067
6434
1229
3628
7791
9705
3060
8380
1820
9266
8540
8219
9638
3102
8210
10305
6466
6495
9070
6741
7948
427
6606
7700
5076
6553
7077
456
2736
8539
8745
1995
1665
8596
688
2312
4520
1112
843
8445
7322
5150
10241
7559
8522
3731
2511
1380
375
4491
1312
7112
3994
1604
1936
4452
7141
7711
6097
2609
9989
4296
2048
9612
10048
5420
5266
4905
5027
1924
3216
2872
5581
9423
970
4043
10439
6506
699
8579
9418
4453
8326
5741
1671
9263
4718
2301
1438
3602
5847
3467
5923
7723
9642
9781
5487
3196
7478
4022
708
10211
1365
889
4537
9949
2288
5090
8355
4083
5511
9784
618
7915
2978
4573
7044
2176
2056
2383
2073
6797
1352
6127
4597
9000
10107
1657
829
2523
4225
7037
4352
6244
7379
5319
5284
5408
5798
4927
5248
7149
10444
3305
4320
1079
7593
2445
3032
2145
8629
3023
2860
10410
6714
5240
3317
1432
271
5500
9490
6593
822
1075
5142
9871
8648
905
8635
10322
1512
1461
6827
1794
6198
7247
10284
6000
176
9463
5321
5390
3005
7415
8160
8255
4644
8265
10455
8924
9950
3910
9137
7856
143
6009
9660
8224
2546
664
10128
8514
4428
2686
1417
6914
9479
2808
5852
2077
2933
8507
7802
9301
1384
9947
9439
700
1047
8531
5347
3944
6398
5486
3901
4839
8935
2191
1834
532
770
4602
10415
8477
2596
1700
5105
4221
1978
7819
5683
4929
9286
1928
8505
1524
6794
7943
7566
9039
5439
3708
8252
9945
10453
4085
2833
9697
10254
3735
1134
6984
7370
6310
1716
5109
4921
9159
757
2309
3849
2993
9001
1248
2018
9082
6628
4574
1698
5518
9076
5631
6713
2534
1718
1343
9157
7632
1372
259
3716
7491
3465
6414
6154
2739
820
1721
891
4059
5714
8891
9607
8450
5928
4871
995
238
9540
3965
9694
10126
3656
2274
7546
6032
4506
9797
1932
3401
4578
3700
10242
6358
4991
5694
9888
9520
7012
2568
8321
840
7816
5578
3806
6951
4616
1130
6194
2711
7254
1578
4386
7358
10368
904
511
412
7533
2198
9004
9910
6124
801
3933
1370
8483
4241
5337
194
1455
173
6760
7788
152
8442
7972
767
6403
1419
6614
7102
1173
4655
3329
4981
9487
2627
9643
1687
3332
8259
7385
803
435
3945
1528
8591
2244
3070
793
8550
807
6028
2650
6006
1744
1976
7554
3499
9938
5906
3203
920
5845
4120
8961
1581
9750
9453
3977
1026
9869
3873
9372
2428
8020
1068
8024
4392
2668
4611
5252
1809
3012
10095
5725
7510
5924
3140
6515
5370
9731
5857
8094
10147
2499
4148
8370
6406
2557
3738
2102
6419
9573
2196
8462
7910
2647
10364
5274
2675
4503
8677
2991
7298
3669
4493
6272
8317
10431
7344
7893
6475
4634
2120
6987
8143
6409
3763
9902
9759
971
5373
3207
1136
8685
55
7205
7389
6438
6609
1497
9169
871
2597
1473
8092
8412
247
6982
5979
2640
1364
10399
344
2949
7917
5598
8090
350
2585
7179
2333
3883
9517
5873
7725
5446
9563
7367
6737
4336
7929
9961
490
1790
5272
9727
2737
4818
6521
4260
94
1911
6725
7845
7345
1728
2128
8989
6566
8207
6659
7509
2829
4367
7545
1459
1379
2543
8816
9940
5810
6185
2125
7902
9140
4137
9092
7455
3668
2658
2273
560
4730
5945
9482
4047
5314
10371
4641
2539
6850
