7183
4067
4241
4751
3546
3742
3884
809
326
202
2784
6307
2683
4888
7086
2372
2836
7546
653
4275
131
2423
4248
3990
296
4827
1749
4323
6227
1498
6666
5996
2008
1635
6191
6555
2285
2257
2487
7257
2369
6459
730
2619
1932
1246
1048
4795
3024
1032
4202
6143
2800
5777
41
4607
6126
3777
7224
5811
5725
1798
234
2934
725
3224
3200
3147
4471
1419
7093
5253
804
1362
3966
1710
4861
1574
7333
2681
7478
1619
2040
1790
6252
3933
4546
3328
378
112
5661
3564
4089
4429
5472
2016
3110
2998
753
6001
6701
5985
3407
4386
4766
6718
3853
26
6026
3100
6780
940
2829
4517
3089
7174
3942
5700
124
7496
438
6735
7357
4405
6093
3399
3071
7403
6566
2871
4255
375
4616
4775
3424
466
276
2578
1227
7458
1267
1093
7216
3889
2479
6699
5556
3146
6887
3417
7079
4316
5956
2156
5790
2849
776
5633
3750
6174
4432
23
5286
348
2443
1504
945
4314
891
2847
3029
58
902
7267
3819
5653
394
7162
2780
3302
5549
835
5037
3525
3890
1457
5610
993
7693
5950
6516
7160
7302
4584
743
4925
6406
4958
1465
5446
3482
1013
5615
6572
5154
7666
6087
1424
4947
69
1490
7506
6240
1560
5742
3730
4856
4727
1300
3660
5294
2545
777
2094
2291
4665
2704
4550
1869
3090
3475
708
2289
2509
117
681
6583
291
3947
2499
1143
7070
4771
4043
2368
3025
4752
3288
3744
6021
4388
6121
4496
7414
5925
2501
752
2991
6327
70
6834
1313
2510
6559
7659
6396
1981
1650
5837
5162
836
2788
4194
7307
2048
7253
6849
3817
7421
5234
1538
4000
1499
5743
5750
3555
1176
2985
3957
97
4984
5737
1793
2204
3553
75
1083
5377
7577
6136
4147
4879
5384
2912
7634
7391
6259
5442
6569
4837
5368
684
3042
6995
7327
3325
1797
4420
2258
1023
1758
3597
4641
282
3880
5798
1453
4699
4811
3858
6370
1864
5767
4954
4742
1891
4759
3805
3158
6767
3598
4561
1488
7038
7639
4756
5723
2938
1513
746
7080
3085
6200
922
4679
1745
2538
806
5011
2631
471
7417
3698
1239
5577
5938
4031
274
3812
309
1426
5709
5381
704
1686
7006
2506
6891
4296
104
482
4812
6742
4551
2699
7677
5388
182
5724
5101
2944
4178
605
3519
210
6840
6448
22
6399
480
7444
3733
2187
6477
6422
3699
953
4655
6371
2767
5096
2295
3305
3077
3728
4187
586
4385
3781
4305
1520
3058
909
379
271
4335
6774
3358
3639
2331
2247
7345
1677
7189
2279
711
7066
4552
127
1256
6855
3946
1789
6267
1766
177
713
4693
589
677
2892
1342
5364
3269
6506
258
3676
895
7584
3015
3287
6796
5936
7673
175
6056
2711
1830
6507
1637
2593
3601
3300
5050
4057
227
1755
1287
5020
7149
479
4108
7563
7598
5866
94
5710
6137
2779
4404
5676
1330
1126
4730
31
3210
3123
3512
3594
7293
775
2941
4894
6921
6381
3659
1387
6045
236
2395
6311
1837
2799
7286
2883
2497
1859
3329
3437
6598
6734
4871
6637
1019
4981
4216
3324
3714
4199
5315
2739
3135
4682
4406
2126
1158
6230
6283
5670
1225
5088
4392
3283
6330
2461
1642
501
306
5404
5870
7377
2833
2853
3962
4920
4198
6788
5617
4450
3284
4188
3373
424
2328
2229
1484
161
4610
2890
6750
289
7104
1355
5081
1406
969
7527
5885
4714
3567
6211
7115
5161
4985
1341
5329
6901
5272
728
4208
3937
2396
5148
352
5625
2256
3341
2049
5719
5089
7105
4118
6736
6692
5566
7234
5872
5516
3595
4968
3435
7129
387
5854
4318
1601
3881
2534
5789
5455
3108
7218
3778
5293
3011
706
6072
5664
2091
6389
5823
5367
4264
2698
3840
4022
5877
5366
7678
6670
1261
6917
4555
3642
4307
6775
4724
631
4613
4800
5215
6237
1903
687
2150
2379
798
2384
3849
1331
133
3621
6616
5901
7429
4835
6362
2050
6353
4963
4044
3935
7513
1668
3322
5224
3160
4150
4265
812
7088
5825
6374
3914
4387
2950
7190
1612
1044
5558
5260
3834
6558
1832
2042
4737
1895
4593
3041
7045
3784
5365
7550
815
4182
1001
4558
1654
6415
5953
5988
694
3153
3419
3842
617
6187
6430
4606
4397
857
6653
2735
6332
6206
3112
5915
1833
1506
4483
5192
4914
3017
5070
6939
3264
649
1940
7265
2544
3050
873
4940
3613
2146
2588
868
2513
109
6877
4944
4474
500
5873
736
80
4886
1982
4242
3395
5802
2801
4117
1334
6460
6091
2911
950
5060
6403
7013
1988
6132
4994
2435
3216
3048
6446
277
4332
7275
841
4107
7589
4004
1128
4309
5888
870
1542
2803
1170
4046
6652
4435
698
7599
4792
3663
3238
5597
5337
7132
5452
1841
4168
2772
4437
7398
5128
6795
2454
6195
2069
6071
5479
1625
5878
4163
4403
7098
2249
523
2161
1730
5184
3901
5637
3771
5579
4769
3826
4167
4646
7004
7587
592
3111
4128
354
6822
5201
1979
6878
3236
3201
79
1098
4703
691
931
442
1147
4085
6291
4135
1496
3051
3276
5348
2039
1072
4458
1077
3504
3286
3372
517
481
5449
3182
4883
2828
3114
5899
6231
6290
2987
5334
1703
7500
2074
6123
2360
6066
1301
213
1815
3522
3932
1070
7371
4624
7277
2284
6547
4640
4880
2466
3802
4491
6471
6973
46
4567
1590
4018
1370
5065
1017
266
1620
4171
3438
6111
3101
4061
2646
2839
3196
745
2684
7569
2241
5504
5280
2167
6125
4501
4853
1333
428
773
1532
978
7637
6726
5841
5647
3923
6149
3084
613
6512
6895
792
1423
1712
4071
2954
4765
6705
54
294
4608
3584
5708
2110
5042
7681
4805
3104
2585
5495
6281
4649
3355
4005
5292
1823
6842
2584
7443
7122
5483
3315
3902
1337
5948
1481
6042
5810
1181
6163
913
6150
1877
7479
4798
1078
2227
1956
6368
407
1016
2261
6161
7344
974
6651
114
3018
1914
78
5681
2790
6672
532
6322
6356
6194
5779
5774
4689
1382
1852
4326
4999
4094
1857
423
6954
2357
6528
2956
2106
4539
1849
3573
7235
2344
1288
2560
4862
5567
3295
1413
5675
1216
1231
778
6342
2411
3769
6346
1203
1375
293
3885
6314
6502
4782
6316
3632
6263
2268
2365
4144
846
6544
7338
118
2685
386
2983
6172
6219
6271
7054
1942
516
560
1723
5175
859
494
491
595
3007
5135
3735
1649
1075
5067
1208
2272
6902
1238
4467
3330
7324
1840
4120
2552
7246
3763
3225
189
7175
193
7326
176
2657
6380
1278
7455
1802
929
4858
7320
1433
183
5259
6325
3413
7418
3934
1153
7407
3638
4258
2974
6564
6221
3576
317
67
2030
262
5142
6198
2238
5717
7087
3377
5236
3976
4586
7554
5459
6481
7022
2140
4289
7185
5920
2946
4639
1984
4659
3591
6209
2321
2874
4048
5921
3974
5510
6343
4011
6244
6192
6398
4874
3277
1244
199
3963
3272
4038
915
5857
5673
2827
89
7298
3706
6094
5940
4938
2448
473
3285
4165
3275
847
2387
6500
92
341
6324
6678
4838
855
6543
6530
2109
7260
6789
2358
7287
1157
2493
1180
413
3155
6411
2277
3162
2664
3152
6313
4398
4137
5619
7607
134
4797
44
7552
1724
2200
7348
763
216
130
1036
7221
1081
2804
1976
2976
7360
6425
3571
6352
7624
1989
5023
2857
4297
7499
1308
4627
2659
5477
2421
5473
6628
4600
3608
4819
2848
4303
2940
5623
2598
73
1067
2725
6494
3755
3844
2596
3260
5600
3335
5186
5041
2413
618
784
1255
3538
4653
6747
1410
4933
740
6018
1553
4877
4421
5454
2383
7380
941
1631
5034
4103
1447
7103
2171
3514
1226
5975
15
6786
6785
7567
3515
1359
1624
6953
1900
254
342
860
6586
2024
5232
1582
6667
7611
1641
1966
1026
1512
7288
4019
5302
1820
3700
2478
292
1113
4967
2019
1259
6998
7549
7106
4815
1886
3545
5540
1041
615
3214
3820
3854
2568
4123
5412
4431
6671
2027
1876
4505
3913
6096
648
5702
4452
6046
2263
2679
1240
7091
1130
2224
3839
1268
2450
6562
7068
1285
1096
1229
1507
816
1242
4378
5399
7423
1621
2982
4878
5030
1998
2439
6662
4315
7473
1089
621
5113
6067
6660
6464
1986
761
635
6846
6517
5127
6674
2503
4657
1135
4239
1392
7409
551
796
866
72
6182
7195
4369
3500
215
2742
3837
6454
1751
3611
6590
2438
5864
3145
3265
4935
3681
1224
5691
5496
85
2714
138
6962
2082
4813
2404
2706
1717
3474
4472
1776
5851
5522
5130
5906
4533
1929
6923
1923
197
3970
2738
7636
7322
7294
2317
7545
695
693
5736
6207
450
2330
91
957
2525
3230
1588
726
3256
3565
7191
7199
7684
7395
6372
6253
6160
748
6348
5546
946
3170
3869
785
4132
7399
7336
5759
6675
7029
5533
1756
5273
2710
3215
7268
2342
5846
322
744
1195
5807
7330
7695
4434
6875
169
5019
4824
5694
2345
952
5698
7621
2498
7186
4983
7465
6232
5819
985
5282
7007
4441
338
5573
7489
2302
1108
520
5852
40
5398
1315
191
7588
4050
4591
6265
1623
4489
7538
5944
235
3808
7372
3144
5361
5240
3682
6728
7227
1350
5428
5405
1379
6201
7099
2447
6580
3094
172
4377
6453
6388
1136
1563
2250
5656
750
2118
1233
4747
1364
6754
1954
6546
7346
4534
3078
3393
4644
3
5792
2760
6162
5590
6856
4906
6286
3055
7638
2786
5654
6186
2729
3508
145
6816
4158
4394
2608
7683
3609
7542
3021
1554
5684
1209
1493
7280
7284
5350
3446
826
781
4781
3892
6097
867
5345
4605
1090
7532
987
2893
1152
467
4252
2043
4896
3205
2758
4942
7514
1965
7594
7247
766
3568
7378
6465
3631
1589
3911
1867
1819
6110
399
6790
609
7505
3394
872
935
3483
854
5557
373
7020
6793
343
2516
821
1515
3612
1676
6710
5051
5203
6885
4590
68
4463
5773
3707
3517
1505
3183
3212
233
3113
1826
6436
2540
718
7704
5800
4032
7137
6809
7366
449
7551
5327
1497
187
1134
3156
5512
2067
5320
7073
2743
2609
1872
4755
5400
333
6631
3765
1948
3301
3478
3109
7612
3745
6427
4311
7393
6052
2348
4932
5093
3560
4153
2876
279
5641
6602
6048
286
6339
3850
5061
3087
4903
5821
3392
3505
7472
529
9
606
4465
63
5752
5429
5465
3795
7296
5249
4966
3751
3093
7233
2562
1709
6095
5618
6542
7475
281
6216
876
6273
1115
4716
1407
3323
1519
1299
1705
4865
1021
5492
3297
1129
1658
148
1974
7669
6682
1141
2305
2441
4960
2213
4352
1971
3046
2262
6234
5351
1222
3572
6328
5169
4348
2740
4566
570
2297
1735
3542
3489
3245
1806
4729
6837
6472
7665
1599
7483
3964
3658
1899
383
2092
268
6948
4396
2131
7139
2216
5193
2565
955
3615
3779
1214
3695
7300
4623
828
6134
2547
3702
2468
4237
1116
4203
2599
6334
5207
5935
7694
7008
5715
7686
1651
3526
405
2104
949
5544
190
3061
3204
6193
590
3701
3044
1604
366
1636
917
2869
5931
2335
2033
1241
3371
7652
6473
6039
2689
2805
6485
1474
5299
3226
6880
2638
137
5916
3596
3620
6817
7383
2929
1577
4340
6247
4231
3317
2734
2542
1931
421
2702
6075
6770
1695
830
5099
2028
3134
1531
3806
3672
4523
3874
6409
7200
3423
2234
7573
464
6467
5045
1898
6706
7361
2400
4846
6782
5705
832
2380
2988
2746
2356
5262
840
7041
2720
3239
4814
4230
4196
1969
1952
7364
6040
1391
4801
6034
6445
2581
4762
5529
5427
1557
495
7219
3602
5572
3491
2930
1399
361
4585
2085
6625
3495
764
2643
2015
6284
3279
709
573
2524
6896
5328
3252
250
530
3383
6483
1219
472
2517
3809
1530
2886
6105
6488
7171
6548
7250
1880
2732
4562
4904
5318
2491
4669
6577
5111
178
4569
3683
3754
6766
5517
4191
5904
5031
1393
2496
3314
1254
5468
6083
5636
5100
2622
7271
4345
2203
5002
2003
521
7134
562
2320
2215
3975
3764
5239
5133
3940
7488
1847
5962
5760
7163
837
2184
5013
4354
542
7375
2814
2709
7
2102
6915
4160
1594
2107
7674
4785
5278
3255
5246
1905
3167
313
6576
7477
5314
990
7578
6442
2337
5091
893
3356
4259
572
6321
3027
5934
2264
4652
4502
1372
1536
1618
7570
3694
6905
4671
5682
1652
2266
2731
1791
690
1386
1593
121
4331
2721
5071
1713
4668
3140
3980
7608
5414
5751
3083
4943
6526
2225
7668
3790
729
5217
108
4161
6038
5718
1746
7264
5263
4979
1970
7604
3434
252
158
3539
6262
2424
645
6604
4129
3119
83
6814
5591
894
10
4568
578
1628
5695
4618
4317
4909
2252
1949
2865
82
7699
4294
2206
2907
4889
7471
2530
862
4923
7610
4509
3308
6792
852
3067
280
6731
1946
6802
1883
144
963
757
4484
3766
1667
1583
3629
1661
2576
419
173
2353
272
5869
3747
6417
5257
6295
4125
6260
5410
1074
5861
2595
391
6157
372
5086
460
3988
5307
947
758
6043
6085
3379
7625
3454
2020
3703
3222
3775
563
1890
5379
6639
6144
4443
1701
2947
3361
3743
7332
2623
626
3818
5311
7303
2465
3410
4328
7211
607
5290
2620
4956
7426
973
4806
7046
6974
6383
1304
4015
2967
2550
232
6443
4881
948
4492
900
3406
731
2972
3915
1972
7416
6900
7385
1796
6189
5745
2531
5501
1993
6434
1040
3941
7640
2577
7691
3128
4479
3228
999
7142
2219
6975
1922
5946
4428
1368
3978
6591
50
444
1544
7381
2157
7641
3020
1125
2868
1142
7501
5875
6922
1763
938
1264
1592
1432
5443
918
1055
2675
2526
2265
7226
5703
936
2053
4872
3122
4186
4658
2592
1168
1541
4910
3184
3088
789
6229
1626
6958
7461
3463
2120
6879
6981
5017
4174
2823
1253
7648
4076
1146
2032
446
4059
4197
3662
1196
6474
4548
4868
2175
5306
5784
4136
848
674
4184
1918
3876
2966
7410
6601
2645
5977
454
7209
2551
4663
5021
2990
3389
5507
2963
6168
7660
6563
4482
5519
6173
3136
5284
1190
4402
119
1310
4246
111
4461
5840
1845
5118
6404
5954
822
3973
7365
944
4023
737
6101
3549
5371
5226
1978
6892
3479
2882
7242
5816
4860
1829
636
1192
5604
3362
2191
933
201
2567
767
7049
410
7205
4951
2228
3019
6351
4579
7491
3466
7179
3451
6865
7063
5509
5009
1039
5669
3899
5432
1145
1729
7605
1205
4455
1312
1492
7484
7486
2309
5001
568
6870
7688
2878
2693
6282
3852
5383
3022
1020
3368
1678
3652
5740
851
1057
1462
1202
3696
805
4357
3716
916
7457
2965
2026
581
5862
4866
3783
5180
7539
5812
696
4882
2583
3746
3039
2546
2705
755
6373
2851
5189
2324
3718
6889
7428
5054
3185
4327
2428
4721
1398
5267
1529
4037
7123
1385
93
558
1183
4695
1811
1835
5324
2188
5868
5117
5923
3249
2556
5194
7690
3370
5887
2162
6862
716
5300
1167
1808
4692
6749
2854
6720
1443
5886
4529
327
6128
7165
1524
6079
5738
164
1384
678
6007
1855
1851
890
4962
5616
864
2504
7316
259
5043
2343
6534
7031
7181
7352
4268
7525
1317
2420
6217
5897
6202
3917
3588
2979
6977
4516
1428
4753
6080
4675
6874
6241
774
5152
5287
1064
2195
3009
7462
6306
7535
3950
4425
6799
6394
4848
6976
5390
3891
4341
863
186
2197
5358
3416
604
4718
4510
3739
3359
4415
6550
2202
2928
6593
4304
843
3274
4678
7166
633
1395
1930
4056
6439
544
768
4279
5264
7498
5166
2154
7467
3841
531
6925
32
6297
263
6810
1640
4436
1760
4764
998
7252
3677
4556
5126
6413
3562
4572
3749
4919
4074
5376
96
2392
3186
3296
4244
4113
1804
2627
1875
1495
622
7438
2640
6531
323
409
7279
6220
2111
2933
4448
5613
5029
6414
7329
3757
3927
2076
885
4343
1335
4978
3102
700
4934
1273
7044
1904
4083
2932
7531
7401
3408
7111
1092
1429
6556
4820
5247
6210
5961
4193
4926
5704
4696
1140
1856
6704
1323
5598
5124
4843
4987
5627
3896
522
5543
7090
1692
6312
4780
3888
7456
7097
6003
7161
369
6779
3544
4763
5793
4513
456
2248
3800
5331
5385
4525
2041
6437
4542
5181
5768
4704
959
5571
5237
4615
5989
6124
2964
2373
3655
5274
7487
6847
7040
6482
2198
3640
5659
1683
619
7083
5824
2159
2475
513
6820
2141
5808
3273
1508
3073
5607
6876
239
3488
7650
489
3688
1843
7464
5706
2826
7350
3497
3217
1296
4650
4389
1228
5513
3013
6756
5896
7558
2298
1010
4470
1324
2068
2083
765
3400
6468
515
2712
60
5270
566
6365
6884
5580
5393
5416
4887
623
3637
7363
1442
5321
919
641
4869
5283
4247
2736
4713
7119
2610
5355
4209
627
5955
6737
3197
2582
3877
4407
817
7273
5503
541
4745
7067
7272
2639
347
1161
4576
6513
3673
7229
2226
2023
6113
536
2059
3972
4277
1944
5266
3691
534
2112
2334
5229
4740
6208
7018
4929
6938
4913
86
1937
6175
7369
2580
5123
3337
462
5325
6275
1887
5538
1162
2607
6657
7276
1951
1405
1095
4409
3354
2178
5732
7509
7662
4818
205
7468
425
4790
3047
5739
5129
5769
4522
5525
4438
5781
663
2212
1938
1881
474
4401
1627
3332
4867
6649
3426
5707
6971
6942
3248
2211
5937
420
527
5206
4898
5564
411
3320
1061
771
7230
3856
4578
3289
3622
6979
30
2056
3081
7523
5349
3617
1343
358
3578
1325
3527
1868
4538
4291
5762
1245
3000
3034
6646
5462
4175
1456
311
4855
7373
3219
1247
5506
6827
222
6499
5255
3955
7644
2512
5048
2755
514
406
1314
5078
4298
5434
983
3679
1638
1050
7015
4945
4042
1733
7051
7402
6258
1148
1327
7254
6858
989
5392
7133
6994
2098
7658
3593
2754
3953
1155
662
5806
6070
6479
5913
1106
3684
7618
4028
519
3828
2798
2612
3412
4965
5860
1994
5036
5032
4622
772
7522
1814
360
1893
4494
4977
3414
7630
4734
2629
5102
2570
4822
591
2242
3665
2717
3873
1702
2299
2822
4417
6203
6457
4916
5893
6031
2281
5911
2765
0
3931
6078
2064
6402
7494
2414
5005
4738
3229
5072
1818
1696
6152
5761
4681
4581
2456
3253
3425
4728
5966
4849
7689
508
7114
1151
5301
1184
6450
4254
4235
5354
151
3985
1371
7476
3502
1069
1742
4134
7002
892
393
4353
6960
6669
582
314
7292
7128
2723
5786
1615
3710
1381
5341
3787
4346
6522
1172
2997
4154
5764
4625
4
598
6930
3493
7388
5898
1924
3037
7448
5415
1734
4831
2730
4146
4612
2680
814
4224
5629
2134
831
7572
321
2807
5801
365
3875
6294
717
3864
5425
5795
6204
2352
5289
4427
3378
2174
5227
849
3908
1144
652
825
7700
906
6176
2440
2338
2992
4052
3924
2898
1438
5910
2052
48
5788
3636
3168
4629
4035
4079
4319
6596
218
3233
4414
2687
5594
3105
5757
6323
174
7143
4143
4554
1002
4841
1035
3752
1913
439
5333
2172
6058
6545
7427
6129
3770
5683
1174
7155
265
324
6881
2021
4840
1211
7313
3470
325
1425
5646
6002
5905
5370
5346
5562
353
4222
2437
5297
65
3599
799
827
1522
7238
3492
2078
3440
5858
6466
1548
7005
3124
2480
2707
2900
7301
5210
200
2119
6694
1478
5505
6607
3719
2409
6659
6057
37
6315
3151
4201
597
7566
7651
3650
1469
6503
6190
5372
4498
889
1719
4500
2058
5785
7626
3342
4140
1889
6823
2850
1552
4077
2300
6700
970
7192
2364
2446
4164
1967
3949
7306
1053
1289
3606
5817
4778
5389
7039
2676
4338
5191
1533
4271
4743
3614
6296
5957
5426
5624
6623
1892
526
2948
2282
3788
4485
7568
2088
4010
1888
1672
1648
571
468
6491
475
3870
5471
1812
5963
7057
3904
1917
304
6803
7629
1486
7389
6462
1775
5500
430
3785
2471
6069
6784
5474
5090
545
7696
2626
1440
3956
7661
3865
1926
6214
808
4660
1185
3680
5402
5645
7148
5413
3095
934
4454
3486
1138
6941
5830
6926
39
4697
7675
4601
4400
2873
3711
7000
967
7052
3948
4459
2422
3076
1759
2785
2641
5308
2269
6167
1054
4408
807
1374
4166
1454
4173
6931
2747
4850
1439
547
5082
1329
1086
7601
6918
6715
603
3180
4130
1827
5585
6538
540
7543
3293
3664
5171
7374
4278
2105
123
7085
5485
4980
447
6151
4156
4560
6843
4761
6
3536
1328
3886
2975
7315
2189
6664
5116
5729
1597
1714
5458
452
3207
875
4750
150
6407
734
1957
5581
362
925
4226
1206
7565
7304
4597
1708
7390
3369
2715
911
5942
5621
6250
315
3971
5780
3566
2783
4990
7358
2430
115
5218
3761
2816
2733
2310
7109
3169
2346
368
5497
6118
3569
7310
5753
3384
4989
6835
403
6644
7081
3535
384
3129
5185
3404
6185
445
476
7064
5586
4190
6108
4959
4863
7436
5053
2179
7335
7670
5312
4746
7220
2722
1005
4969
6501
1606
6537
7367
3807
3251
1707
6551
2148
5027
4953
4217
4540
4784
3979
3581
965
1367
7056
5995
1455
3574
4109
6205
4476
7239
1031
3367
3390
6098
6475
7524
7311
2253
6806
7062
3430
21
2633
7213
6536
3263
2971
5490
4690
6148
6797
646
307
5411
1721
3008
3792
2132
1434
356
1787
1934
2164
4119
4139
1111
4596
7536
166
3331
1221
2079
4493
5537
4358
1491
5435
3442
6369
6392
5924
5108
5734
981
6947
3872
408
7030
1715
6791
388
3281
7355
5805
6495
5584
5822
749
1394
1885
6188
942
6532
35
3541
2575
7101
5187
1358
5335
4486
2283
5075
7593
416
2980
7180
6059
6655
7533
1015
4126
4541
4025
7240
4324
4642
5968
2125
5170
6853
1699
3427
2336
5055
3069
6787
6426
3863
382
6684
4544
1616
2029
1511
6298
3429
4685
5697
3386
3459
3628
4047
2057
2606
667
2205
3268
6444
5754
5373
1051
3987
5965
1446
3010
7023
3267
6496
2737
256
4628
3697
7059
3364
4794
3814
2339
6553
1107
3900
3846
6539
2245
4093
7420
7347
3799
7339
2771
1249
4632
285
1415
6239
435
6663
2403
1024
5561
3796
4232
4012
4770
6629
3334
4228
5456
926
6028
288
1105
5848
6606
401
4511
3068
7516
2624
1754
2838
4631
511
7177
2909
3592
779
3363
2459
4931
188
5401
4453
5439
2323
2236
1813
1665
3452
4370
4547
2037
4594
1805
7559
1363
3313
3206
349
6919
3352
3494
7705
4648
5476
5941
5198
6142
1003
1007
5147
6707
4830
7118
2672
5134
3326
4844
1286
2108
6932
6959
4490
497
6727
2541
7334
6363
6690
7459
6169
6703
6804
5254
7084
6968
593
3420
4565
739
5008
3023
2652
912
6489
4180
451
3241
1783
6668
5831
5073
2000
2745
6068
3164
3485
4325
4181
6627
3709
147
1525
583
7511
4537
6757
4825
7571
4261
1467
1831
2935
2574
3685
1896
1690
7512
6897
2406
5326
3554
2235
1739
4124
3803
16
2761
90
1777
6711
2824
5770
7653
2654
1292
1824
6154
7556
6873
5156
4726
25
2122
260
105
905
7309
2394
4097
5826
3668
7184
240
6871
5077
3292
548
7548
7274
6020
1720
1634
4599
5818
3097
896
6104
5678
2180
340
4210
6035
2137
328
5727
6382
4836
7198
5094
5158
5014
7182
1065
6524
7193
5587
6419
2537
5593
3922
56
4823
2116
3270
3062
3004
2926
6016
2472
3879
290
4419
3936
6605
3657
3559
986
2757
5204
6987
5755
6966
2860
7305
3208
2103
3529
6164
2841
2355
2770
4691
3271
3234
2713
2936
6308
7110
165
2662
4078
2791
3348
5849
7089
2163
6614
7223
2316
7130
3149
2218
1752
7082
4717
5209
5225
637
7349
2425
4772
5974
1099
6529
3586
5211
4488
6984
7602
359
5332
4700
51
2840
6650
1807
2442
5084
1753
2613
7643
580
2587
3630
3501
1555
6340
2017
6423
7353
1879
1199
2564
655
1500
3433
1997
6140
5494
6107
6815
4391
2306
5797
2969
2802
273
3671
3651
2586
549
4918
2634
4287
1073
5421
3431
6355
6385
7270
1163
5296
556
5726
561
5139
52
7176
2834
4426
4656
2259
1150
2485
1697
984
2070
2168
1360
5182
754
2797
5464
2952
5219
184
5665
7574
103
6293
1959
1873
1006
6319
5589
6521
154
3063
5344
100
2399
611
2775
251
2142
3919
5493
2416
2075
2115
2333
584
2897
6927
2474
5374
5693
5596
6074
1535
786
5338
3467
2846
4845
1365
5943
6390
3075
2044
2694
3035
3511
3704
2407
7261
6438
4480
2896
6760
887
7492
355
4563
4506
4857
1025
1079
6054
2812
2072
3767
417
2905
881
2793
546
7037
295
5922
3159
1276
1907
6920
883
270
345
1779
5120
1521
2158
7679
1118
2155
5150
5775
7579
3002
6449
1366
6222
5397
3198
6818
5119
610
6587
6010
1060
6999
3804
18
499
4251
4054
6376
7138
644
7405
6170
1275
1559
5882
2604
6055
665
2895
7289
3557
3213
2243
759
5951
3257
803
4069
4446
6084
496
6347
3099
4221
140
6730
5744
64
4424
7036
5244
3945
436
4041
1028
5136
7245
4266
7547
692
4133
181
1908
2165
1210
2521
7003
1011
6634
1902
376
2312
1420
3801
3310
4306
6696
6215
1858
1352
7687
5649
2086
1380
7656
971
4302
7078
7445
2535
6841
3708
6019
7600
2630
2315
4270
2449
2390
146
1722
4036
5430
1562
4379
426
3654
1964
6965
954
6320
1786
1038
5343
5574
4284
6933
3154
6302
1290
1094
932
6658
4749
1782
88
5908
2533
422
1280
4927
3585
656
4592
5530
1987
2844
964
4449
2923
1822
5163
3349
5712
760
1297
4322
5595
2520
4589
6178
735
3762
2719
669
5949
2999
7127
363
3294
2001
3712
7576
7061
722
555
3720
6575
3469
7170
4365
2995
329
620
3551
5252
7702
7452
4570
5235
7032
3540
5713
3141
6350
802
2010
4204
1653
2603
2726
6441
4142
6519
2855
2795
196
6886
4917
2377
437
4111
1539
1119
3969
204
4885
4773
3641
2701
3570
152
6944
4466
682
3835
5220
3825
1263
2768
4619
3130
2473
5692
5536
5660
4433
2863
7627
6013
4351
660
4283
6212
1503
331
958
5216
6486
1682
3623
5634
2185
1663
4732
269
6030
2955
3247
3926
6970
4799
7121
1417
1373
2752
2143
7157
5046
3605
5396
5927
5481
5642
7278
7172
1509
2908
2144
3096
850
2728
5828
3563
5423
4609
6753
5202
6130
7406
2691
3838
6635
3439
7010
6826
4065
4575
6565
2483
2514
2666
4725
7609
5652
1788
2018
247
2769
339
4957
599
3319
3689
7248
248
6801
5687
298
3121
1980
1265
1781
3311
5062
2455
6310
3447
1376
1076
738
2906
6759
7016
7502
507
3477
318
2232
1586
6679
3172
1644
3012
415
1169
5550
6813
5813
3813
5269
980
3618
3066
3939
1340
5856
7204
5839
1732
7188
6251
3523
2173
657
819
4240
3918
4684
2444
4598
3748
3005
7236
487
6588
7647
5865
4651
2271
7283
2412
5441
1189
2415
1177
2810
7263
2697
2127
478
297
2522
5999
2359
5131
2543
688
7047
5083
5406
381
7076
57
3577
2351
402
6589
7259
4939
457
490
1688
1761
4451
5016
3448
1770
1587
2133
139
2902
7164
7107
5450
2089
4654
4087
6620
7526
5680
4611
2644
3674
4928
2139
4099
1685
6047
4276
5359
120
198
5010
553
1901
6914
5690
2949
1748
6246
5628
559
3195
6581
6624
5298
179
6686
4363
4040
3993
1449
418
1567
6498
7504
871
6418
4468
6888
1603
2981
5884
47
2961
608
762
2385
3862
6082
2648
518
1769
2051
2819
7474
6122
1131
3409
2611
4380
6969
5782
4950
3309
6011
565
2233
4875
1200
2350
6257
7299
4834
3741
5648
4152
1409
6751
2832
2653
3997
241
4892
5565
6574
5894
3060
6224
658
2867
61
7290
4519
5403
6004
4739
5947
1321
7251
1726
951
3786
4234
6050
6940
4807
4715
2671
977
5197
960
2371
3357
992
5983
6673
5554
3912
43
7116
76
350
7453
795
5730
1839
4336
3473
4791
1458
5214
4033
3847
966
7222
1271
2301
6656
2340
2181
538
5125
5499
4001
3737
7616
2408
1647
5657
2244
6378
2748
5720
5791
3365
1655
3299
2149
3131
4842
4776
5842
4710
2766
2482
4733
116
6916
3999
3138
6832
6375
6525
1741
3520
4736
1390
6044
7591
2362
6838
2278
2817
209
2591
5035
7632
791
4911
6017
1347
4899
7518
6006
943
5153
6166
3411
6599
7237
149
3006
5347
1757
5208
5960
5766
628
2864
2809
6461
2642
5242
5277
2843
3054
3815
1659
2005
319
5438
6540
5699
6852
5303
4055
3982
28
7014
2880
6618
5386
1622
1283
5342
2418
1284
6416
5820
1260
6716
554
1664
5012
4214
5079
4423
3418
6579
1293
2590
720
5281
6982
5602
1029
1437
6714
6648
616
6027
6721
1080
2097
2193
6285
3031
6514
6510
3496
2341
1600
367
303
5173
6106
1584
2856
4643
5855
6778
7583
3202
6223
6909
6719
6702
5063
4462
211
3810
4263
7495
95
994
7537
6238
1059
231
4330
6850
3220
5407
7258
4413
3375
4374
6109
7202
1339
5092
1568
5626
5919
4991
4016
7564
552
1320
2756
6833
6412
2210
2852
1014
5107
1666
7208
3397
2176
4583
2989
3333
2831
5448
4847
4280
3713
7396
5115
3958
7623
1861
443
6235
2951
2913
7460
4249
5382
2209
2494
6866
2605
7646
3261
5323
7125
2152
7113
5674
3954
2866
7055
4908
4361
346
5796
6732
612
5196
5223
2958
3360
2101
4912
1188
6041
3338
6089
2500
6092
74
2367
6904
1764
5721
3174
3736
455
7450
1494
4672
3986
4009
2190
3350
3014
1194
7262
440
2046
4504
4256
839
1912
7447
7481
6245
5605
5417
1670
185
2463
2519
4662
5608
5049
1215
2490
4364
4068
2186
6633
1258
2327
2296
5114
3693
2240
2655
594
2145
3649
5138
4955
7508
7619
3898
3686
823
4090
1518
2787
640
6225
7152
3768
3791
7439
5040
2292
1817
7210
2062
6950
820
3086
6898
2916
5006
2621
7615
4290
1408
264
2417
7667
6685
5159
4839
6798
6683
3445
6961
3959
5047
106
1614
4676
7167
5843
77
6408
6951
910
5644
5686
5518
4512
2124
4527
6647
4238
6645
7419
2429
4809
483
2237
5746
3188
2274
4829
3032
6617
357
5643
1925
3290
5794
4495
2994
2065
3951
3490
2488
1545
3726
6771
788
3235
3653
6600
3401
7698
3836
1517
6393
2060
7528
6009
898
714
3391
5461
1939
4344
4973
6585
5380
6733
6689
6691
5105
3666
5028
1960
1164
4952
6228
3227
3906
6331
6713
1110
7628
5614
2637
7100
6741
5994
2617
6272
6867
1700
2558
385
6317
2910
6463
6359
6571
3181
6937
1941
6354
212
787
790
2744
1572
6131
6857
102
6869
2045
7664
5834
5814
1489
2842
2402
2811
7435
7676
5339
3484
6831
596
1062
3344
7384
3607
5555
7553
5671
2389
7541
4030
7586
2881
3244
1452
6554
3098
7217
2921
1689
5489
3968
2123
5064
4720
3516
4227
6469
670
3531
2066
5322
7585
3589
856
7043
7120
6518
5304
7446
5551
5570
4312
2601
769
1213
392
7672
4223
4711
6709
2751
6335
557
5487
498
2924
7415
3509
3118
1780
5052
780
5157
2665
7169
389
7050
976
5475
6560
7437
2703
5783
7146
813
1854
4292
4564
2628
2986
4741
5369
6883
3246
3079
6561
1928
1871
528
1303
5576
1579
448
6983
6989
535
2467
1063
5696
1540
49
3944
2095
3306
664
4688
3347
1995
4528
5478
7520
5765
2113
6936
1305
1159
7131
6578
7534
5993
2962
4105
6360
6597
5356
3240
7244
4058
924
3625
505
624
4936
7126
6864
13
2011
1801
7325
1950
238
5132
6541
5336
168
7482
7035
6377
3626
4082
3003
1681
2937
5316
3582
2431
5080
2319
1045
3116
3209
3670
3822
2502
3312
2572
3996
6533
1774
2918
3444
3461
5440
5611
5959
1272
3794
2820
2071
6621
4373
3772
1575
3965
463
1778
4545
397
5900
3556
3453
395
1585
1127
3579
4821
4735
6364
6708
7351
801
6119
3897
6738
5853
7434
6996
2004
2899
4677
5391
5387
1569
6184
2366
2901
979
672
4633
2830
2939
1629
6610
2872
930
6821
6405
1237
2753
5958
1418
3258
7153
2903
5909
1346
6906
6722
5271
6146
4783
53
2778
4603
5799
4039
7319
5998
1004
1022
6135
587
4310
3142
3030
2489
4680
2978
5074
412
1602
7560
7466
3016
1973
6899
335
3187
5528
4549
1679
6458
4582
1309
5635
1459
7291
3421
2452
3218
3132
4531
6609
1785
5222
6102
2616
5146
2038
4530
5889
99
1919
2959
3465
3705
634
4900
4577
2749
1747
5833
5778
1356
2782
6292
3989
3065
2678
3992
1450
723
1243
7635
6723
6358
928
2231
6248
4666
6868
6447
4915
5059
1388
4859
5164
7470
1436
1034
6626
6197
4285
1680
3824
4260
2457
6280
1684
2579
3049
3120
2845
2433
3462
5902
2349
7469
19
2682
5638
3903
3148
5188
4481
4104
2792
6278
3175
2518
7697
6153
5460
4151
4349
4295
316
6014
6183
2382
3176
4200
5395
4826
3339
4893
7519
5987
5087
5488
6264
853
1936
2031
5469
3259
6911
1068
6992
20
3166
5711
2286
539
703
1422
6012
1123
6478
1573
6582
4371
7580
2036
2361
5122
337
7354
207
4974
4709
576
3280
170
1282
3661
29
4447
1809
3194
3721
7424
3907
302
4366
715
707
6724
2260
673
982
6549
226
961
7562
5984
4088
4595
6379
6165
2569
2170
3857
1430
2650
4854
2434
4559
5895
5867
2280
2615
6032
4890
6725
5835
330
4086
5394
1291
4719
6910
4626
6145
1251
643
4864
7102
732
1870
3455
1087
7011
33
4816
4066
2192
614
5144
2326
1633
5436
3827
2887
6276
2221
3603
1673
2025
2764
7331
5630
3797
659
4464
988
6836
7207
4360
3883
2527
5928
1927
2329
6432
2419
7557
1534
5095
7124
7028
4802
1466
2942
7058
6366
4189
6386
6907
6024
2136
7074
6300
2555
2267
1990
6697
5285
6179
2307
5609
5451
5871
1220
7145
4851
4390
5929
7323
2927
3402
4922
4698
3232
2862
2695
1421
7340
2690
2625
3192
6431
5141
2894
2469
2453
4080
2275
1012
4661
6421
5205
1232
1825
5039
4243
3403
7392
1179
6158
3887
7485
1470
1207
4722
5265
458
3432
5231
4410
1139
2222
5104
6744
2673
6680
4477
7295
2293
3150
1977
5357
6570
66
5261
1444
299
3587
4121
404
4355
3082
6929
1596
3832
7382
6695
3646
6641
5582
3450
6783
2984
923
6773
5279
1248
377
5563
4049
6088
2632
1963
920
1103
4852
6552
6344
5552
6761
427
2718
5353
7617
486
6147
1332
3878
6076
6523
1311
2397
525
4115
1354
3855
1052
6505
6299
650
2505
5437
4930
4949
2861
3316
5559
5972
135
5026
1935
4412
2432
6287
1338
6268
7432
4635
7529
453
1448
5914
6117
2322
7703
1810
7510
1693
3533
278
2773
2885
2129
7692
2477
4211
1411
4127
87
3507
1591
6882
844
2290
3921
2006
7701
3789
2875
668
1349
3001
996
2808
3715
7225
3938
4334
1632
7590
5502
4961
5662
5076
6081
1828
5903
1479
3740
2970
1266
7065
1571
287
1121
143
3634
4219
6908
7314
7356
1132
3190
2889
2566
1476
55
3468
3833
2777
7012
1576
1345
7241
4996
3036
4218
2087
237
6410
3303
7515
6863
6800
2859
3028
5763
310
243
5917
6990
4708
4149
3894
6103
2835
3173
7117
3633
2476
6608
3851
7507
1846
6341
1431
4921
5025
7649
2539
3291
3821
3374
5444
4638
7441
5360
833
1165
6000
3994
7144
686
1348
2096
5620
7595
1137
3830
6100
3734
1728
6336
574
3449
4982
3385
2532
7413
4723
675
1191
3656
2789
3231
4705
125
4941
661
192
59
6568
6851
2270
7451
3690
1477
3278
4116
5137
5667
5238
3043
7308
5714
5847
4081
3756
3732
1085
2858
2917
5535
7243
4321
1958
6261
7048
956
7281
5967
5109
602
4122
4475
4673
4096
1091
246
6456
5991
5933
267
5685
7282
1124
71
3460
1401
5980
4995
3610
5668
6612
1792
7094
5891
7077
6642
7297
2724
5553
2160
6086
5716
2993
459
5251
3282
6903
17
5213
128
4891
6687
7430
1933
6387
4422
2100
5457
5832
2073
370
6854
2884
4905
6470
6114
2996
6957
5731
5453
2393
2388
6640
142
4212
3340
888
6171
2084
6824
6112
4521
4508
5295
2217
431
3550
6963
3782
3960
4034
1510
5606
6768
2511
7318
2548
4308
4021
2047
1082
3072
7387
2273
1744
5663
6493
2436
2214
5534
3510
1704
7194
3321
2099
1738
2378
6924
4897
3513
6946
4832
2891
537
6830
3524
1580
1953
3381
2658
2376
5168
2114
1306
3091
3059
6794
7154
6698
3481
1416
4536
6452
1561
7026
2012
5110
7069
7024
3107
4804
1698
1687
4758
1058
2311
5548
2614
5066
4183
214
6745
477
907
5038
2230
962
2013
4062
5601
3052
5433
2914
1920
2063
4320
1501
2618
2763
2251
1460
6758
7215
7642
6029
6781
4808
3336
878
601
4272
6433
575
441
5880
7411
6777
4902
6985
579
283
7092
1402
5874
2553
7034
6008
4177
2759
6254
5735
1353
6893
6872
904
1514
217
7156
3472
3161
4418
2825
1581
6391
3443
5058
3983
2877
2313
800
221
6022
220
7136
4637
1878
7376
6504
7597
502
300
5541
6065
1201
1874
5771
6395
3396
6345
7321
4095
3103
129
5890
3667
874
585
879
770
1122
1154
3137
5772
5622
1316
4091
4020
6567
2536
512
4532
794
167
1556
7343
7108
3998
3163
3548
997
4176
3687
699
5514
4870
7025
4788
6740
3738
4744
159
5243
5883
5106
1675
27
3266
4964
7201
1564
7592
3199
2559
7400
6036
1198
701
1558
2879
5881
3464
5268
5592
880
4497
6861
6077
834
4702
3428
1915
301
7394
7196
7707
1853
1630
1578
2255
5982
7582
680
4359
630
1772
5912
5409
6242
2649
7269
5491
6338
6451
4499
1047
4026
1235
5248
4460
2507
3774
2182
2888
1193
747
2199
6073
3619
4876
1257
1595
1298
5520
5276
5250
42
2663
6180
1403
4796
4664
5568
3648
5758
2677
4754
3165
3026
7173
3895
2304
6844
6739
4789
639
4381
6435
751
1750
3530
3590
6060
3831
654
5809
5526
5068
2925
3304
629
4064
741
5179
7622
1643
2325
6592
3254
1961
6326
4382
1319
811
3722
4337
6956
6159
7581
3351
4617
4112
334
5024
4634
1102
742
4329
4993
5212
1009
3552
4686
7140
6630
5701
1396
5542
3070
2386
6845
132
4946
4948
838
6611
5804
2080
5658
4895
5524
3243
1204
3984
2381
6156
3727
6943
7072
2708
2220
6677
7682
506
1617
2813
1277
6090
1071
7561
1803
903
1483
5233
2458
1030
975
4207
224
1120
6935
1844
3179
1674
156
5375
1740
6613
5844
4053
2549
6062
1528
6681
1527
2055
1441
7017
4205
2602
2308
2194
5174
7540
1485
4273
194
6654
4674
1516
6480
2668
4229
2561
4350
7255
1799
6812
4645
3223
6595
6270
3382
1046
7317
6333
3380
4399
3376
2674
5650
2837
6661
5733
4029
2207
5098
797
34
7370
2318
3436
7341
4084
4013
4024
229
126
7620
3798
5666
2332
1377
1767
5879
3930
141
1033
1547
4225
1412
4786
3327
1361
6746
2077
6811
5969
2915
4630
1768
600
6557
5221
2696
7614
1464
5575
6277
7362
6015
7141
5971
6337
1117
6949
7009
1378
7359
6638
3518
336
4288
2796
504
6476
6033
6665
1223
4580
3724
1771
4051
710
3811
5466
6890
2529
1850
3366
5926
4293
5057
2919
4101
219
6226
2716
24
6116
2486
4473
3074
1992
921
4100
5521
4774
81
6249
5545
1212
6115
2460
5378
7151
1610
4014
5952
5121
5907
4457
7214
5408
3893
6829
1646
6825
4779
4027
5776
2288
1865
1109
5200
6120
3532
1551
5313
1112
6515
3575
6301
136
7663
7159
5463
4524
249
6619
3882
4138
1322
3580
2953
1784
3644
533
2656
3909
4456
861
5195
5588
4442
5069
7521
7203
524
2943
4073
3929
1262
2922
1037
244
3647
3415
5939
3178
2821
4339
2427
7412
3242
5317
3729
4976
4206
5160
4356
396
7112
6099
461
153
6177
5945
432
5172
7480
6053
1613
818
6676
1911
5467
225
1762
1269
2741
4162
5480
3422
3487
4192
3723
3318
4347
1607
5741
5632
5672
1307
6967
899
1114
5241
3910
4313
1916
465
5033
484
6636
4342
7147
1842
3845
886
845
6762
5275
2960
6218
3117
4333
1230
1943
5288
2451
2557
3543
6860
4384
3928
2636
1056
6508
4063
1608
1084
1882
3092
5640
2774
6400
4281
2375
968
6037
6139
493
3057
3534
4383
1669
5165
5420
4937
5
625
1947
1550
6049
2002
1671
7019
1173
5655
433
1795
2363
7555
5256
1166
1008
1187
577
3458
2354
4008
3753
45
6487
4179
6839
6978
4236
1691
5085
2554
3133
6509
1999
1605
5583
1160
5876
991
6063
364
7027
1043
5523
6138
1487
3916
1097
5018
1302
1104
2138
4075
5838
5631
2007
1711
223
5362
1236
5569
1274
4543
2014
6349
4526
2081
6397
2973
7328
5722
6764
3773
1996
3731
206
3725
1565
390
5112
6141
4114
632
1502
4233
7425
756
1088
2128
2870
4884
5728
6005
5679
1451
4395
2239
4362
6367
3125
6772
2670
995
4469
2151
98
3848
6848
4514
4535
6828
3307
5143
1336
7645
4045
5508
5103
6329
7001
2920
5022
4614
5291
782
4376
4604
6025
4269
1991
7544
4444
721
6288
3193
4687
4986
344
7431
4478
4787
3476
6573
6233
2815
4155
6357
1611
1662
7285
1217
4220
171
3040
14
1471
1834
110
7266
7231
7463
724
1862
1743
284
6492
3793
3405
2776
4215
1468
3759
908
4701
3859
6805
7060
5352
4267
4253
4571
3471
567
1773
3171
7671
162
3177
4195
7232
5245
6490
6952
1656
3675
7095
6955
261
5422
4257
62
2484
6455
5418
6304
2093
2061
2563
5309
3106
3867
733
2130
36
5167
6127
6894
1706
3143
5305
5000
3843
5539
2470
3345
6213
1480
638
4157
6064
2314
1027
882
6934
5787
6181
5176
4731
2528
7490
1182
1736
5612
4411
7575
3053
3925
6269
1101
1848
5199
6615
5515
783
6859
7449
4172
7442
5932
230
2462
4439
5677
2169
1482
1383
1397
7493
2600
2370
2806
7433
5827
2223
4145
2492
3635
4301
7033
245
4810
2794
7517
5688
4777
4803
5044
6266
7497
569
6484
6748
257
1897
5603
488
7135
550
4072
4647
5979
3868
3616
5363
7422
7408
6980
5486
2635
3080
3780
865
1921
6964
1800
6305
5178
651
1727
858
3126
180
3627
1657
712
6928
1836
5639
2904
1537
884
7603
6023
113
1549
6236
3600
4006
2117
1884
4507
3692
4070
6420
5482
1295
6196
5015
1765
6594
434
4367
5599
2303
2276
1983
897
4768
4245
1731
4998
3503
4274
7454
3498
7342
1404
7071
5964
6255
4102
2495
3624
7657
6769
2781
5431
4557
7386
6584
160
3262
351
647
155
1369
371
5892
1975
7228
4694
1344
2508
2667
6808
3045
543
5340
1645
3480
7337
4375
3346
2401
4817
2957
842
4213
4828
1794
1175
1461
84
320
1463
305
2464
1414
6807
2597
4988
1955
2035
1326
1294
810
3211
5004
398
3866
5981
8
4587
6289
7631
6988
1000
697
6752
3537
7379
1694
2183
3717
4667
3157
2374
492
6535
1218
208
939
7606
7042
470
7197
5228
1821
2688
3388
1066
2669
5756
5003
5747
2977
4060
972
5918
685
7178
4712
5836
2651
6712
4620
7397
6688
7503
2196
6424
5511
7404
7680
6991
2405
429
4092
255
5330
5930
4148
3952
4907
6309
6256
4997
7655
2246
4793
4393
4748
3558
1546
719
242
4683
3353
163
228
3823
3995
509
2968
3943
6361
5970
6401
3139
38
5097
2398
4760
4992
829
3871
5310
122
4975
107
5850
6428
793
7249
308
1279
7158
869
6997
6729
683
469
6243
6945
5319
1435
4972
671
3387
3758
2692
1894
5845
4262
6520
2515
1985
1156
1445
3298
6622
7212
3669
157
5978
1318
2426
1400
5140
6199
3645
5155
3203
5863
2660
1270
11
195
510
5560
5749
1609
6279
4670
4445
1570
824
4282
1149
2135
4131
7368
3506
5007
101
927
1357
5859
6993
6819
2647
5532
2931
3221
3398
2153
1566
5149
6765
5547
2818
3860
4002
3115
2523
4017
3678
7053
5803
5651
1910
5190
1639
4159
6318
6155
6303
3776
7150
1716
1863
7075
7440
1018
7312
3521
901
4518
642
275
4300
12
374
5997
6603
1945
2727
2
1
1968
6986
1250
4416
1543
4430
6511
7256
4440
5578
5447
877
6755
3967
4003
689
5151
1100
2166
6763
3064
5484
7206
3250
702
5498
679
7685
5258
5990
2009
2571
4185
6913
2573
6384
414
5419
3343
5976
4372
4299
564
485
705
4573
203
1049
1838
1281
6776
5527
2661
1171
1526
2410
1197
1475
4169
1427
3528
3816
6429
4706
4141
5829
2589
4636
6743
1860
3191
2481
6497
2147
5445
2347
1042
6061
6972
6693
5177
3961
3643
4924
6440
5424
3991
3441
5689
4707
5230
3760
2391
3547
7168
666
2287
588
1523
5992
253
2177
4757
3977
400
5815
3981
3189
727
2208
2445
1598
3038
3456
4098
4368
1725
1351
4971
3861
4520
3457
6051
4602
2254
4286
2201
1473
2090
2945
4873
1737
1909
5056
332
937
1906
5145
4553
5531
3905
1866
3499
3561
4515
7633
3604
3920
2294
3829
4170
3583
3237
7096
4621
6133
1133
6912
5183
3127
4106
312
2022
7021
2750
4007
4250
2700
6643
1472
503
7706
4901
4503
1186
4110
5973
2762
7530
1178
5986
2054
5748
7187
1252
6527
1962
1389
1718
3033
6632
4833
7613
914
6717
676
4574
2034
2686
4588
1816
2594
7654
7596
5470
4487
6274
4970
2121
380
1234
3056
1660
4767
