2104
120
1209
464
2624
1353
2184
2714
518
1653
1722
2418
1786
1677
2527
374
195
1710
609
814
2352
1672
1505
1243
393
912
1675
2607
1900
1321
2568
1264
1929
934
700
1492
2252
1435
1946
726
2748
300
2533
2046
2751
1337
1249
2713
1307
706
884
752
1093
1512
937
1018
335
1875
2522
1942
340
762
1621
2468
2290
2199
2421
2672
1824
1673
497
409
1268
1026
1952
2659
1089
1812
1508
1090
1303
765
2305
1481
1955
1544
1796
2078
1668
1456
1381
2736
2176
1859
2066
1643
2660
2521
540
1083
448
2027
1265
1071
1444
1276
20
1369
617
2138
477
2362
2709
1788
2136
791
1663
1943
848
1388
423
2628
2506
2414
2728
1084
2588
520
1066
2082
263
321
2268
2306
768
412
1935
757
14
1167
1730
55
1008
1654
139
2397
486
1406
2003
279
1295
1587
781
895
2400
2081
1679
1785
1768
900
1852
712
2561
1087
1072
2494
301
377
2651
85
95
2423
1602
1212
2227
399
2057
1719
1487
2225
1149
2011
1948
1610
2214
2387
891
1101
944
169
2172
2554
207
763
2119
1198
1656
1169
297
1995
179
1132
1706
875
669
621
2335
857
436
1263
1511
1927
528
2132
2189
216
1869
2208
1782
2312
867
2402
877
2302
1025
454
2744
75
1499
1957
562
1683
741
47
2080
153
1201
2622
2140
1529
1769
264
935
2079
1079
44
1472
2474
965
265
1736
462
2205
403
485
638
790
577
1680
211
2334
2466
1146
1799
1704
1011
1898
1554
2438
1470
2644
2319
1905
1317
1035
2084
1807
1570
2251
849
2074
151
1180
842
2090
2441
946
671
906
2161
1976
1733
2032
858
1367
1558
535
766
2518
2270
1745
1811
455
1556
1446
1798
386
1738
2265
594
81
1585
112
328
2241
2340
513
2283
1104
596
1410
172
2106
802
856
38
1413
334
308
1789
931
1324
1974
1442
653
456
2439
665
232
1528
2625
1160
2146
63
2745
2733
105
2244
636
293
736
1196
840
2482
314
225
1399
2674
1468
74
1717
396
2378
1523
1979
2310
1119
1352
1379
1213
680
2196
249
1254
183
2570
753
2202
1716
1443
1550
1876
833
488
1275
1844
1567
1777
713
2620
156
675
385
1326
2345
339
2332
257
274
1495
414
304
1113
1253
1920
2121
812
2473
104
1395
1140
832
1753
2127
31
446
2429
1437
2012
1458
161
254
1834
2593
1636
2222
2545
452
1747
2226
862
649
1241
1024
125
667
1092
65
1539
94
1589
2159
1136
1214
2112
826
267
1320
1030
1244
1933
886
2643
64
853
860
805
119
883
2038
107
2389
1998
1475
317
170
56
657
1074
2324
327
200
1361
2656
2486
299
2538
459
1432
727
1669
1770
1139
218
1431
1897
689
2446
10
1966
2652
2042
475
632
990
575
2133
2500
1914
2135
922
1601
162
911
2329
864
2688
19
2641
1051
1545
46
2062
1960
1815
1607
843
1423
360
2636
53
1562
2060
829
1375
121
468
309
2047
177
1660
2213
1037
2395
141
1862
873
819
144
2502
1216
1318
1061
253
2701
1623
658
708
171
2671
748
1210
1441
2167
235
1366
1872
602
514
1542
880
1023
801
2108
1890
1581
487
1261
2307
2750
1173
2437
367
1179
903
2051
176
2630
1584
1496
2531
2253
969
1010
1176
473
1980
1143
101
1397
270
729
1043
2467
1048
1045
2171
769
1447
185
1193
1097
1987
2635
1114
285
2031
411
1145
668
1606
204
2524
1054
1033
804
338
896
1086
1586
2719
431
2165
902
2658
2285
929
1978
1651
1754
419
2483
2678
581
2388
627
1411
756
1547
2327
2239
2638
428
550
451
1856
1726
1866
1133
2072
1577
49
1416
806
1163
1493
2297
872
2249
13
798
818
2278
356
1864
2117
2271
622
755
246
1055
1546
1469
746
845
2045
2036
529
2463
1175
2055
1251
145
2331
1916
2661
1296
664
1881
1861
1940
1637
2411
1371
1774
549
1122
1177
2197
1506
2094
2178
1655
1600
1685
1877
1692
1854
2385
87
369
2323
1325
979
1870
2680
917
1108
1641
2452
1619
294
839
555
118
1592
968
986
2480
2648
2025
1073
1128
181
1170
392
1846
945
1280
855
2190
1200
1483
2623
227
2540
1409
1192
390
1434
1701
522
1915
2706
2597
405
759
2313
1464
1526
998
701
1302
1002
2343
1130
2279
1578
1644
2491
2187
1080
705
1277
2236
1000
1168
505
573
305
501
2512
1938
2449
704
991
1396
1141
2514
224
2223
916
2191
987
977
413
1190
1242
1333
2699
2425
779
401
8
1699
1742
437
1509
1476
1805
2246
560
1439
1764
2298
1376
2529
1965
1802
2689
2382
370
1218
206
2040
893
1921
1909
2370
744
2560
26
2086
166
1801
92
203
158
2393
1373
2357
2454
2448
397
1841
2061
137
16
1674
1973
1188
1983
2201
955
1491
637
1052
1728
1885
1705
2021
453
1374
306
992
816
1400
2632
1422
1237
1153
656
2341
2515
2569
114
89
2114
86
723
2715
807
551
1194
474
2263
1006
2311
320
557
566
924
1571
2155
2071
2552
2125
1116
1924
2708
546
1230
256
2544
1755
2315
999
1259
167
2289
890
956
516
1778
2571
1077
1343
2254
1729
584
384
2163
2497
1262
683
2653
2170
892
583
1341
2005
295
2722
541
778
2010
1174
610
442
1449
1232
186
1951
481
690
936
1211
1775
2139
1316
1059
2413
1215
1053
2743
670
2299
2420
1013
54
775
387
427
996
2076
313
1725
2354
681
643
2517
57
2469
440
2693
2462
1904
590
80
1098
1123
1402
2085
2230
1954
394
1748
682
1365
624
641
378
1693
247
2404
687
1907
2247
2553
2392
1278
17
2210
190
697
2142
1050
952
2073
2099
1880
2424
1620
1027
2572
1658
2321
1648
1290
1936
2168
2383
582
1504
318
1975
398
2096
1530
589
2740
722
1939
2606
780
2274
1917
633
2091
1184
187
2490
758
1908
2642
2442
252
544
2594
2065
1836
2355
11
835
983
644
921
1779
1629
1575
836
2543
1466
813
1047
2233
220
1961
974
2647
205
1533
40
2317
1349
1994
1519
525
1956
1407
1746
2115
2064
1298
2371
1419
2541
98
149
1049
1285
1631
126
1282
1826
2534
51
1340
2613
344
2203
1616
2105
1384
2266
2238
988
372
980
1294
2351
2384
2273
2604
1901
122
1102
674
509
1661
1652
1566
1617
88
1857
2746
1580
2034
874
2547
715
866
1800
2059
280
296
61
2737
447
147
2320
350
1427
1459
0
1178
142
1488
1695
1873
2217
692
106
932
975
847
871
905
2372
1659
1739
599
2595
603
2650
349
2600
2113
1988
1741
2646
302
799
2326
290
1238
716
1020
696
2174
1991
1843
1628
2234
368
2548
821
2359
1339
2284
909
1780
1299
1471
1182
1032
2485
1576
2440
1440
1931
433
2498
29
652
506
2280
178
1604
259
2587
2705
1345
1199
173
2694
1234
595
639
1541
27
2258
129
725
989
1313
1664
400
1690
1527
283
773
2582
1034
1535
1425
2004
1347
981
1453
357
2342
359
1727
785
2585
732
794
260
2601
2007
2158
2398
1247
2657
772
626
2157
2663
1984
1118
2434
1494
1968
793
2457
1412
1256
2697
1840
2539
2732
854
2747
1849
1557
938
2154
1599
248
1205
1949
2453
1867
574
1565
897
1918
2221
2
1144
97
93
1137
1718
2417
354
648
1191
2409
1394
1424
371
376
662
345
672
1845
2200
1082
1405
1474
2336
1588
2358
2603
1555
2053
563
1615
2580
1667
2602
1284
694
1639
1111
754
2264
2188
2471
36
58
1971
1822
2087
2573
491
2288
1019
1063
1479
2487
1012
1452
1250
982
79
1989
2459
258
1568
217
1500
786
1075
163
111
2532
1323
1514
289
2186
2725
362
1436
1969
2229
703
613
2124
947
194
1334
1322
429
1095
1390
1999
721
471
2183
618
251
1398
1761
1831
1383
532
2224
2396
284
1287
182
972
1293
196
2391
1986
303
84
997
1676
881
184
2037
512
307
2261
558
1743
1734
2147
552
1014
2456
2513
245
73
2300
1563
1534
623
499
838
2695
498
35
2591
684
2470
747
2615
2069
923
651
2472
1222
1597
332
1871
2019
1346
782
99
607
1305
2029
2240
2475
2528
663
1548
647
2455
2599
1794
2291
576
1314
312
2492
1626
1473
2549
1270
361
943
210
1828
212
951
2156
1912
2262
351
2556
1124
140
231
834
493
851
612
2111
2574
2690
406
222
1820
970
1902
1614
2366
1450
2350
410
850
527
2301
2581
417
2296
2123
2551
1855
1773
2020
343
1574
37
985
2577
941
342
978
1387
615
146
676
2130
461
930
1266
1279
271
1723
863
1992
2002
2128
1813
673
2373
466
1233
1945
2479
1401
1309
1158
2237
2509
2181
973
717
554
2245
199
730
2145
1484
825
2535
1332
1919
1189
954
261
1698
1896
654
1688
771
2481
277
1131
2386
2107
2231
2180
2368
809
1161
1686
1765
1327
2049
1165
1944
578
1463
1364
389
435
2559
1518
2575
1060
2333
642
500
1806
1947
33
2405
1638
2415
492
1291
1001
425
1096
2700
1609
889
2634
953
2250
242
223
1691
2295
859
221
510
1842
426
619
1863
822
1260
1993
1003
811
2507
333
714
236
901
810
1240
341
2488
2118
548
1429
1421
34
1356
1236
908
2739
30
1418
1451
243
1671
214
490
1358
2611
531
1308
913
1152
1220
1640
2110
2193
193
1888
2218
52
1682
688
3
2590
7
561
1408
707
336
395
751
958
15
1223
1941
82
2177
272
2126
2033
288
358
1953
1598
2629
2100
625
1204
2363
2077
1438
152
1835
1630
1657
138
2729
28
1041
1892
734
2006
133
750
2637
702
695
2681
1703
538
1017
1559
2435
1428
2443
273
1583
2058
444
1224
749
1489
1482
2067
2687
2216
2412
2617
735
2304
784
1712
570
286
1015
777
2754
2024
2338
728
2444
2361
130
2185
2001
593
1004
1485
2563
927
1289
2645
2702
2182
1195
709
2537
2427
72
381
1926
629
2050
1501
691
1040
2703
1670
1042
1462
1022
1502
1737
976
2655
2044
2447
1756
1713
315
1281
1666
1874
219
1622
1579
831
2369
659
1825
2436
1386
1081
1134
1804
2562
827
678
1522
2281
1752
1187
869
2381
1928
109
770
1360
347
1099
470
2039
2649
391
1823
2749
24
1678
78
1110
1315
2605
1348
1362
646
1967
1269
1221
1858
1448
1883
1121
1069
1830
1613
2710
876
2008
1076
2631
808
1642
1377
1684
1385
1634
1997
39
275
1851
2212
1382
2683
1147
645
2685
1115
760
579
1297
1827
878
2519
1646
2626
209
201
844
2566
640
1420
2523
846
324
268
2206
1886
2101
950
1891
150
1832
2673
2207
59
291
48
537
1763
102
914
2390
2679
2721
329
1028
1758
1404
2063
1797
630
1426
1772
2716
2149
1455
189
136
1120
1380
984
2169
228
910
2401
1085
134
2460
2499
959
2134
971
907
1847
1665
899
2242
2365
1582
2403
2730
2741
2610
1647
1708
1342
1292
2337
1781
1925
250
326
457
174
698
1106
2399
1893
1457
2120
1135
2718
192
2408
2248
1681
739
1591
679
197
1105
588
494
1860
1109
1107
2339
420
1884
1016
21
175
2211
1833
2478
1185
1950
1553
2028
1709
711
239
1330
1227
266
96
70
710
1595
1853
915
310
2257
2052
1923
1762
1164
2318
661
1959
2712
2088
1363
1618
1359
1899
2731
1520
68
1816
1094
1612
2364
2375
2530
1252
1605
1235
1148
919
2692
796
2609
1760
1543
699
1868
1720
1430
2308
6
276
2377
585
1783
1100
1696
961
148
767
592
519
1865
800
2153
1228
1532
2666
2122
1767
1839
2564
83
1271
1306
1186
517
2316
530
868
2664
143
966
2526
533
2633
2344
823
1689
1962
837
1312
388
1922
480
2035
2150
2428
1569
450
2195
928
237
1521
379
1009
1257
240
2286
1572
1694
1480
1503
2589
817
2272
2175
2670
1068
2194
478
1157
165
1711
2356
1117
1044
439
298
933
1740
2093
1478
803
539
2347
1882
1103
2030
2738
353
745
564
545
1757
1062
2360
1635
2458
1351
45
2496
1903
445
502
2026
2422
2612
536
489
2380
885
1150
2510
1286
1310
1283
2394
724
1721
888
2043
1088
2717
2092
1171
2520
1112
1970
1515
2144
476
2675
2723
1560
1217
1751
1608
1392
2219
597
568
1590
2684
631
1750
2162
2014
1982
382
635
155
1125
41
2294
2293
685
1972
994
2662
2204
764
2016
234
415
325
363
1662
2484
1064
580
484
2116
841
407
2367
925
1029
1461
71
1819
2148
963
1433
789
1878
2707
1894
154
2511
1848
432
1650
458
496
418
776
611
2711
967
76
1498
1937
1744
731
964
2567
60
465
2416
1156
1817
1126
282
1354
1932
1795
208
1963
1078
2243
1208
1138
962
942
1771
1537
787
422
1724
2433
1331
2654
743
233
66
1203
1021
1197
2083
2328
1749
1593
25
686
416
1632
2503
449
2686
2098
1154
100
1732
1538
1155
1007
2109
1776
127
2505
556
404
1551
2259
940
90
504
1338
926
1934
887
1497
507
2734
495
918
2407
1821
1267
2152
606
2192
571
852
434
1525
1603
2287
569
565
244
815
1454
1239
1445
1793
949
1151
1524
879
792
2465
1735
1225
1246
424
180
2578
1850
2508
920
1300
4
634
316
2054
2198
2451
2131
2267
543
2322
939
1038
828
331
894
1731
2616
1838
1273
508
213
2450
123
740
23
783
1056
1906
124
215
2325
472
2129
1477
373
2160
2070
132
1393
2348
103
2495
2668
2704
960
1460
1301
1039
2726
2041
2276
600
2720
2166
1766
430
2583
1887
117
1070
2696
1707
2565
2598
463
1573
364
230
830
1803
1229
1531
742
1417
1046
2546
1645
1231
278
553
2346
948
2022
1183
164
1226
2303
655
2215
323
229
1809
2141
559
586
1977
1611
2596
1624
1625
572
1350
2349
2068
2095
2677
2608
733
1552
604
2682
2309
2676
366
1996
2445
1389
346
2330
882
441
1808
2151
2260
18
1792
693
2489
2353
1930
1790
2619
1697
1058
168
2103
1274
601
2477
824
2493
547
2752
2464
255
1516
1335
2269
1129
287
1031
650
1829
2013
1414
157
515
1510
1304
719
591
2557
91
1467
311
1649
1378
1288
1715
348
110
2558
2164
2406
614
1964
1594
761
2023
2232
957
330
43
1357
534
50
2614
1355
2576
1005
1172
1181
188
2742
1687
567
1272
108
479
1564
469
1784
2275
2048
666
1403
421
1245
2525
598
2089
1057
1814
2173
2579
1913
2314
2009
1513
238
993
1465
2228
2430
2432
375
616
443
2179
737
2555
995
774
2015
2374
820
1787
202
2735
1714
2592
482
904
1990
1837
587
1633
2698
628
1517
2017
2584
1329
1507
160
1818
1549
1370
131
2665
62
2542
1142
1879
1627
2621
2376
2419
2586
281
2550
620
2000
1561
128
2724
1759
2220
191
2618
1536
402
2097
1036
1368
467
1166
22
355
1328
241
262
9
408
383
2018
605
1810
1065
1219
2639
483
2255
292
788
1490
1206
608
718
1486
738
1889
2209
1700
269
2504
861
322
1985
1391
1415
865
67
1202
1540
720
438
660
337
1
1895
77
511
42
2102
1091
1791
870
2727
2143
1258
1958
1162
1127
460
115
1311
2282
2461
898
319
2256
32
2667
677
1336
1067
1702
2379
1372
2235
1910
2501
1911
12
2536
1319
2669
797
1981
2426
135
352
2516
159
2277
2691
2292
226
1255
2431
1596
2056
2410
523
2640
365
1207
116
795
503
524
542
380
2075
5
1344
521
1159
198
2476
2137
2753
113
526
69
2627
1248
