1020
880
527
941
353
966
939
27
927
690
444
1327
1209
78
895
469
1401
627
1074
663
55
1028
677
1241
957
774
534
523
1310
1167
828
285
1015
1354
100
330
464
1067
848
998
318
17
231
40
323
161
1298
563
724
850
176
818
317
650
1189
815
1233
1232
1279
226
290
475
1399
937
457
283
1
1305
767
636
241
1108
798
363
1191
577
1135
370
1311
608
245
1129
1222
1275
814
1014
660
83
991
989
854
737
885
678
416
1282
530
1365
897
1212
1035
1075
832
1058
1296
1339
1404
833
1007
1289
336
1369
924
294
648
32
1301
1340
1348
1005
393
1200
360
1343
61
776
240
865
272
913
1063
255
151
2
522
190
380
685
1059
209
879
230
1066
1386
93
1062
38
1342
1187
1071
1391
727
838
225
691
824
282
1396
596
418
384
1107
721
506
517
208
470
852
638
860
46
97
843
1382
813
926
261
1361
1181
70
1106
981
274
169
672
122
105
1188
1387
520
1281
7
309
861
361
388
565
466
297
344
148
1096
453
574
978
324
320
1254
866
1171
218
398
1403
217
965
1190
476
793
313
993
1174
1221
631
639
316
717
590
92
400
769
1077
803
142
149
887
587
1331
755
1223
99
206
974
713
180
877
164
920
1290
668
535
303
743
1170
1104
773
358
745
202
823
863
351
504
621
1045
1370
14
688
1176
1184
1149
89
338
1259
462
371
808
488
766
977
591
54
847
385
764
932
922
674
117
1266
986
315
343
572
421
199
1406
486
159
1163
948
450
1086
1094
1057
583
376
900
605
9
234
58
163
542
263
1090
1076
757
728
94
114
555
253
890
568
21
1126
589
152
802
103
1041
387
521
1099
1338
712
57
1183
113
646
667
62
378
1316
598
514
633
962
1081
1050
310
137
429
1192
1016
889
619
174
942
204
286
582
326
1105
898
172
1051
1384
90
732
955
494
891
1111
1335
553
72
383
409
1285
3
758
651
467
992
826
722
1321
753
503
640
427
322
125
1024
243
442
980
471
50
86
1364
1000
706
731
239
849
934
362
785
1318
1291
434
741
1352
452
1267
423
356
1123
797
642
1152
1165
396
366
1060
465
160
784
497
154
586
917
64
1231
603
812
882
1408
1389
809
987
235
18
487
446
799
1405
820
837
1218
675
484
943
1349
45
443
805
714
168
422
1336
1113
1128
98
933
162
584
167
5
1137
1166
956
729
308
919
332
666
460
200
1224
686
1206
1230
436
676
381
214
185
408
1202
35
618
945
284
940
1155
134
557
1087
528
1122
1144
1247
43
529
960
839
278
346
490
39
643
298
1131
645
684
439
216
1306
975
513
910
1013
944
1039
971
719
505
65
372
1351
1235
1054
1143
1100
607
178
406
236
389
44
951
12
269
1003
1390
1072
1249
267
254
49
1276
1308
510
1398
634
536
558
759
886
210
437
367
1359
287
1407
354
1220
1053
1322
615
637
352
580
321
140
42
1052
155
165
708
1237
1278
96
1019
1159
1239
795
454
249
386
1037
1303
401
483
1284
701
158
996
1286
566
295
730
291
952
786
1299
247
680
281
845
851
1082
938
699
220
1002
119
816
1061
1236
1068
1010
68
1313
1017
1142
1312
1360
1375
311
594
662
538
75
1234
1394
781
1245
1319
1161
664
132
87
106
69
747
183
76
840
25
1084
207
1127
881
187
1027
1334
189
1262
184
133
246
632
928
575
104
1009
59
233
289
689
337
150
435
1133
412
205
964
368
1046
1362
1374
136
175
191
458
746
1030
215
1256
752
60
1388
1186
765
911
85
299
733
1240
30
1178
1252
1265
835
1214
36
468
1292
500
1169
711
1400
108
1288
1147
982
219
1032
509
571
1040
969
1069
1357
770
552
1018
1138
1302
472
22
397
1257
447
1244
872
1125
972
121
333
1154
51
1329
537
883
1272
179
1112
1177
683
811
111
754
115
15
909
946
1021
507
441
652
794
1158
33
515
1320
1377
740
1208
693
569
1139
801
994
1344
1036
775
19
1215
1179
1210
829
325
107
16
610
546
1219
613
1097
931
761
194
874
1198
1156
53
300
925
905
41
91
501
1109
1268
1337
296
734
455
979
1199
47
1136
983
392
1153
265
262
915
1217
953
449
127
1213
212
658
1261
328
540
567
810
804
888
1055
73
670
831
1315
1274
796
1368
1047
375
438
428
349
626
611
1011
391
195
1103
1026
71
56
95
768
665
198
985
341
876
1324
561
306
930
929
327
266
762
314
702
988
448
912
166
1064
579
256
990
1115
403
682
1376
192
1160
908
760
451
1180
359
936
859
707
562
228
271
13
744
1049
492
128
661
365
138
901
1070
1134
870
516
182
63
197
958
481
904
77
1119
348
129
463
1065
1317
669
319
1226
844
742
420
1326
573
293
842
694
79
614
671
496
970
871
248
704
491
229
425
1146
657
459
482
424
554
1193
1227
778
718
493
301
807
864
1140
374
1056
625
749
545
193
1173
681
1260
649
700
703
790
67
1395
48
280
961
279
1345
260
593
404
1294
692
394
1012
1378
1172
489
878
145
655
112
1371
1092
616
1211
601
600
875
1196
203
304
771
1307
1091
968
495
431
29
479
679
1038
1238
1363
622
126
170
959
196
426
461
531
723
6
617
973
34
1132
1393
827
232
1355
211
763
570
857
1078
906
305
822
830
1216
347
543
1117
139
186
1392
1323
120
118
1145
1022
696
1341
705
1195
143
853
544
268
419
884
1379
1264
395
1201
480
52
779
1044
1043
654
1182
710
131
1073
526
1287
399
604
995
903
609
1228
402
1358
430
407
1120
581
1366
1207
560
1185
26
547
224
250
963
478
312
277
379
1116
950
817
244
1101
432
74
238
259
935
258
892
405
146
502
109
201
123
1080
997
1347
1118
628
630
1300
1162
550
868
157
533
862
783
82
307
1098
1130
124
1083
222
1283
1025
1381
893
511
1332
1088
894
1042
1204
720
0
780
739
916
23
1246
1328
595
856
273
1164
8
369
518
606
687
1033
902
66
1330
270
24
10
726
252
954
949
410
144
999
417
1124
578
288
1293
264
1141
275
445
564
227
1325
171
612
116
1353
1150
1350
673
841
1029
1121
967
556
331
541
456
477
923
789
1102
350
836
276
1006
1346
1356
647
345
1383
1034
750
715
382
623
738
1402
88
548
1243
1008
1079
1148
725
821
716
340
1157
292
1168
525
31
549
80
1280
1372
1258
1085
355
1203
709
644
1333
81
659
1297
1229
756
899
519
329
751
918
697
585
84
624
641
806
858
792
414
1273
334
947
173
1023
539
1263
188
1242
777
512
800
1380
532
921
588
508
413
825
1373
592
37
846
867
473
440
855
1253
141
599
602
302
1314
873
147
551
1225
153
1270
110
415
411
335
1031
1248
576
221
1397
342
698
4
485
1309
499
735
1250
1251
130
1269
1271
251
1048
135
736
11
1114
653
1277
976
237
1194
102
819
1255
1304
257
620
788
782
629
223
1089
213
907
177
1004
791
1175
1197
1110
1151
914
984
1095
869
28
357
242
373
834
559
1093
635
364
695
597
787
390
20
1385
1205
498
1295
156
656
339
748
181
474
433
1367
1001
101
377
772
524
896
