1457
677
597
2254
1311
1778
587
2176
285
180
1955
2205
2322
2366
1139
674
825
1738
1147
320
1714
826
1042
931
1820
280
507
706
411
1392
312
1132
2395
990
1105
158
662
2419
1882
143
1787
2197
1267
2256
1041
611
1906
0
2360
478
341
1550
2115
1827
898
1220
2181
1798
1900
1627
208
61
2446
402
1043
1961
20
764
815
526
2201
355
190
1922
1943
74
2432
1773
351
941
782
1808
521
550
1652
580
741
1454
537
1005
2331
1704
1680
80
1748
1096
464
2347
2437
1272
2291
2488
1122
2273
467
384
1045
850
1298
377
561
151
897
2148
1594
1423
1989
1301
2188
1070
466
1967
1061
448
1154
1945
2047
2423
1991
1071
695
2287
276
1737
1302
1085
895
1072
1512
1260
2465
2262
1063
2058
731
2123
2480
1390
473
1242
1156
1659
2333
879
2035
117
1280
1731
1314
1923
1793
1213
830
248
881
1872
624
1911
1018
1604
1124
1654
2026
409
656
155
1442
1803
1035
42
569
1253
408
345
2023
1676
1456
1088
2436
2305
1710
1196
1048
2402
462
2311
2319
1428
669
2238
1590
278
833
44
1000
691
556
1323
2354
2443
1120
1083
1094
1728
2211
1295
78
581
289
1534
1270
659
547
2186
395
2153
1563
1450
1681
1898
2427
1385
1475
498
598
159
1294
1921
2272
1484
2156
494
1690
2111
2011
1826
1354
2248
1492
1705
2300
2168
1133
2173
1377
838
1638
914
2202
343
1173
2440
2457
164
1723
2341
106
1686
2471
474
1780
2324
1663
904
2445
702
1527
1700
1191
209
253
1881
2371
1163
337
1033
1283
1867
1129
916
576
745
132
1232
1585
1814
2394
958
375
185
1487
83
283
1080
1342
2062
1394
801
1460
2125
723
1916
531
2147
564
1264
927
573
791
456
777
2251
1966
1999
2017
1339
2072
605
379
234
1655
1370
1749
1643
1188
854
886
2435
1128
2076
198
769
2420
1875
1193
670
487
1111
1495
1645
836
70
844
2221
821
1049
2265
2284
2255
2213
297
1609
2224
939
2183
1076
707
333
979
2403
1315
2269
799
748
2405
2484
286
1885
541
712
2383
338
1677
1291
1997
544
1626
582
331
2043
45
792
129
832
2144
1320
2266
1847
1233
1101
410
2261
520
201
554
518
2304
1332
1573
551
1372
1
1602
1056
2101
1349
1903
2006
2102
1434
2481
1490
1936
2400
103
2151
827
1549
2069
885
570
766
406
882
2302
523
1817
1065
811
1402
2288
940
2297
852
1837
1431
1115
1266
1694
591
1858
2066
414
912
820
1797
629
2162
2122
1816
1198
839
371
1084
1876
1108
1904
1841
108
1957
2092
2286
644
1176
2451
39
2468
1258
2038
41
1336
735
444
1463
1555
1345
1068
1374
805
506
798
2309
1934
786
2232
443
73
110
595
2177
1222
1560
1307
1409
8
1503
1586
348
617
1658
1801
989
678
612
952
1596
759
1408
742
441
259
1446
1268
1879
1533
1520
667
153
1519
965
1564
1036
933
1994
1215
324
1100
1248
946
319
293
2415
33
310
2012
425
1724
1217
1772
2379
923
2390
2421
890
1735
2242
2401
634
968
111
1357
789
2326
2180
1702
1004
424
1014
1740
2411
2373
2046
1164
1316
663
690
967
1054
2057
585
386
179
486
1614
655
237
1166
865
2320
263
1074
1356
894
130
1029
577
873
1950
1589
2050
1170
1718
2244
165
67
1920
7
950
229
1417
357
1073
364
197
1285
1334
1844
136
2014
2385
2334
593
2410
1012
446
1664
1514
2089
1131
1941
1194
1729
2299
1800
1297
1403
1868
294
794
1321
1309
2146
2384
1536
938
947
1562
1828
980
2459
29
2431
2412
1229
1640
1286
790
943
230
2005
510
2478
128
264
2486
207
609
1235
1050
2433
369
998
1725
694
133
1996
737
2338
1134
728
1634
861
817
2455
382
1618
1641
1443
1650
265
2345
1121
781
1448
2340
1860
1637
546
1238
846
69
218
1190
1671
849
1792
1069
1656
298
1455
1391
1721
196
363
1117
1975
249
1245
115
2236
88
2228
247
27
407
558
1804
457
1046
167
1252
983
1647
135
929
1692
1756
54
2404
519
997
2250
1346
1894
1696
2234
1347
2132
1419
1775
426
936
1712
1715
48
704
2094
262
740
189
1750
181
1473
332
1956
1435
1531
1411
394
1216
1363
1303
134
1964
1089
2367
1561
176
2464
1986
2222
1118
2091
1244
513
1942
1472
1087
1480
530
1066
542
2018
1205
2413
226
2034
1789
360
2264
1819
1864
945
1757
2223
700
252
1439
2339
2210
389
1535
620
465
1769
2498
1583
1308
754
68
673
1044
1418
162
607
56
1863
1177
2352
346
1954
502
2430
1930
2428
1393
806
1465
1840
101
1711
1517
628
2470
1970
91
1615
977
1579
1823
1202
1910
433
884
93
2103
568
1836
963
866
1973
719
1017
60
240
1110
1183
19
1405
2217
2316
1621
724
1552
1582
2227
1053
1968
1765
290
888
1971
1845
287
2426
2200
232
1974
2237
90
1969
2475
2131
828
2372
1382
1675
46
493
1318
703
2313
1685
2071
2025
753
1891
1387
1965
1008
1256
876
261
1981
1500
645
43
2230
2307
334
2270
548
661
2030
2022
95
802
555
1632
1768
1822
1796
488
2141
307
713
2356
973
84
1707
120
1326
599
339
1866
1648
157
2274
824
960
778
2281
2118
2061
2490
2126
1331
1762
1404
1130
501
2332
1075
1364
102
1498
2317
1672
96
1453
316
2271
2417
423
1281
275
447
1420
1181
429
1189
1829
173
2422
1821
1869
353
1179
2434
1494
2003
654
1616
1078
1142
1802
784
2496
2155
404
776
1613
515
322
2055
603
347
1209
686
1657
121
2275
631
739
877
182
222
1037
30
2285
55
1880
804
714
1960
2240
1709
1211
601
1782
1430
104
538
2247
2009
578
1699
284
1763
2109
532
1023
738
2028
296
1806
6
272
59
2460
1032
1914
2476
834
1661
2485
81
899
1572
1400
1009
2008
2283
2040
2087
1135
2163
549
664
2253
566
2044
392
1277
1462
1689
730
1597
2239
2045
437
2233
199
51
757
1644
721
1313
2133
1505
1335
1099
2065
1187
1359
223
905
1237
1182
366
2355
2374
2199
1348
860
2370
2452
344
870
242
94
1150
1360
640
2292
317
1324
361
1529
2117
1337
803
1901
1112
12
1987
1660
2414
354
1687
1733
1300
1369
123
2113
477
1022
2208
2472
2191
427
1246
2154
2453
666
1633
99
843
2278
1081
145
688
969
150
2108
372
124
736
213
953
1424
1251
2049
330
1426
906
1878
171
747
996
810
1278
2114
1440
1103
1908
1703
1611
137
1325
733
590
469
2007
1593
1221
2378
647
1972
2388
2348
709
780
774
984
1322
987
1350
1933
1287
89
948
1888
2184
685
258
1353
1824
771
358
1140
1001
649
880
400
692
2041
1236
638
1259
1093
1939
1553
981
2070
1192
139
619
63
2441
991
98
2439
1227
1116
315
483
875
1067
2353
1697
273
1152
1425
479
1511
1538
2095
1774
1031
1327
1607
2051
851
2090
2052
1557
1591
756
1091
1226
362
1499
1201
119
903
814
244
701
2418
1620
648
2258
915
1545
149
2226
1197
1371
1698
35
1030
15
1617
2152
2195
2098
416
732
1086
1261
921
652
788
1011
1558
1506
1790
896
856
109
277
32
2206
1497
2107
1818
1224
1600
823
930
2466
574
112
300
1623
1905
177
1464
1171
1889
1569
630
2396
2458
1146
1296
772
932
245
458
1489
720
2136
1751
949
2081
1384
1913
255
1413
2289
2321
842
689
308
855
2134
23
2068
636
1834
944
1909
1513
1358
1365
2444
1666
711
1225
1662
1338
935
52
1653
1568
1651
525
58
169
1269
755
2053
1157
2231
405
499
336
2389
2369
1603
1341
2019
2229
693
1830
588
154
1753
1812
1486
152
1547
2175
420
26
100
964
37
2080
621
809
140
376
116
1010
762
1883
891
1223
449
1469
770
1741
1857
299
450
4
2310
1886
257
13
508
1257
2000
1522
1502
889
72
2164
1483
672
2294
1884
749
1407
156
729
1926
971
1580
1630
1415
1575
2137
1984
175
812
1734
1479
1102
1119
2004
725
1162
572
295
367
1896
2096
186
1437
1577
1754
225
2257
1330
2085
1810
727
746
1532
419
1039
2140
383
1761
430
1158
650
684
1126
482
47
1052
2010
543
2246
1239
480
615
9
1109
28
1743
1571
1445
1825
1874
301
1779
1482
2100
1491
2335
62
2088
131
1859
65
2067
608
1468
902
2220
396
1452
1959
503
1639
127
2279
955
66
1701
779
829
718
2207
589
871
2399
1940
698
1678
391
1786
1351
24
2425
2093
1674
1760
243
1504
2450
1784
975
436
1742
1625
1856
1020
1292
1679
2267
2063
1982
2363
1138
1546
2497
475
858
1530
2116
928
1476
2342
2172
1467
118
1755
2386
1306
1058
2314
2296
683
1805
122
893
1355
819
2343
533
2382
440
422
1414
368
907
1051
1461
586
978
401
1059
2212
17
1104
1019
2293
993
1127
1207
516
163
356
1282
1013
281
2084
1855
1422
461
451
2166
758
705
1144
1521
1386
2225
2361
2160
191
627
529
1736
2462
2249
831
1143
2185
878
49
1015
726
485
571
1250
681
1304
2121
1508
867
1141
214
2303
1006
18
397
734
2150
2359
2346
1917
1951
1493
2074
454
1695
1421
962
1559
892
1771
2493
1203
1137
1853
1851
2104
1719
1219
606
1214
1976
1588
87
1962
1988
1584
1168
715
743
995
1153
1612
862
1082
1186
2135
848
675
14
495
1831
268
1706
1523
1739
1097
610
1060
22
1254
1107
722
1361
717
1317
1299
1670
2318
957
2329
1389
1474
2365
1862
1481
373
500
1095
1556
942
2315
1210
562
1496
2086
813
292
956
922
841
653
492
2377
959
1262
439
412
1815
763
2298
643
1185
3
2454
1852
21
1458
1340
1767
1396
2171
2192
2158
2350
614
350
2167
2130
2449
187
768
1570
1846
1948
211
1835
1381
1275
775
1206
1770
1062
1578
1218
1255
1927
64
1249
233
453
1204
1055
172
1509
1247
2306
274
2477
1488
2194
1485
527
107
2128
1935
679
1848
235
2024
552
1720
194
1727
535
142
2328
863
2393
217
1551
305
1667
2218
1619
2312
238
2469
438
2139
1598
1312
1113
1567
1907
359
847
1887
1791
1432
1758
313
2260
2364
1380
583
1167
239
1732
2120
246
2016
807
1870
318
340
1752
147
2461
2189
1175
1839
1722
651
528
1838
1928
900
415
1977
1745
2032
496
974
1842
1441
452
2015
522
1276
216
241
2380
1145
2036
314
1832
1548
966
50
1574
1608
1352
1952
658
2447
184
327
682
699
1708
1794
1410
1766
2351
38
872
1902
2241
1985
994
2494
951
1344
468
445
972
2336
431
837
511
1427
1003
1963
231
1002
403
2037
1684
1716
455
2349
497
2362
148
1310
840
251
476
381
1525
417
613
1592
202
2483
1717
639
1983
10
559
1764
1328
2397
2376
1895
1449
1007
2235
1114
2048
874
266
750
641
31
2142
1293
2463
1471
1021
2033
1169
200
2083
254
335
1027
2268
1106
352
2391
986
925
85
1047
616
206
2216
1912
2330
2097
1367
985
602
1373
323
303
1669
2387
1241
1744
517
2215
282
1136
596
976
166
2138
567
2124
2368
1079
491
1271
1230
2429
954
160
1925
418
2407
534
1333
2105
1915
919
2182
635
2078
708
16
57
463
618
1726
2129
1466
1165
1025
1180
1854
1077
349
432
250
393
2489
1160
818
665
657
2408
594
579
767
1979
793
1057
1288
188
302
2245
864
1161
53
697
1713
279
1890
204
710
195
1034
575
125
1123
1026
646
192
2
626
2398
97
913
1397
2409
1811
1305
1151
398
1231
2020
961
760
1208
2243
2002
1947
76
1537
1155
887
1601
1693
2375
1240
387
291
126
1528
2479
1622
2276
1628
1781
178
1368
260
1865
220
1195
918
1290
1541
2001
471
676
1683
1125
926
2323
632
1319
845
1038
428
484
625
1668
270
671
1861
212
1730
545
2165
388
2149
288
2054
1871
1624
512
1447
1544
524
1807
604
271
2013
505
911
660
2179
460
1284
11
2079
796
1064
783
797
459
1610
2456
228
2280
1747
75
141
2031
1892
1649
1329
421
2143
2110
1833
374
1540
1178
1788
399
2491
2099
193
1809
2467
2277
1478
1998
816
170
2325
92
328
751
563
1631
1635
2214
1893
1688
1524
2178
1877
1398
539
2487
1289
773
1212
2406
2174
540
1438
236
342
5
40
1028
2358
489
269
509
306
2448
1554
2259
910
1024
2029
1265
1813
1429
937
1092
2424
642
637
326
1595
2438
988
1995
1016
1642
623
1149
1849
716
2327
205
1501
2301
1477
2308
883
138
161
1937
1515
1931
1343
853
765
481
2219
1992
224
2159
1436
144
1090
1542
1451
390
380
385
2127
1174
785
2344
490
1395
1388
600
2282
2252
2073
2381
2473
77
1785
365
1273
1897
309
1444
560
982
2263
1587
553
999
210
1470
992
304
203
1636
221
435
2106
2495
36
1682
470
1416
1040
2337
219
1379
2161
1980
113
800
687
256
2157
1606
1777
1938
822
1776
2209
183
2077
1843
1919
514
1978
1263
2075
86
1932
1200
857
592
2190
1433
909
146
2187
325
1172
2021
1526
2169
1759
71
901
2482
1850
504
1599
1507
761
2198
1401
868
2060
752
1518
835
2492
1918
413
584
321
787
795
1383
908
2196
1576
2392
1673
1565
1159
1366
859
25
227
1375
622
1929
2357
2416
1376
1946
1924
1459
1605
1949
1629
1993
174
434
1234
668
1873
370
1990
2145
1958
1362
311
2442
2027
114
1746
1539
1581
1279
2059
378
917
2119
329
633
808
1516
1543
2204
1148
2170
869
557
680
924
1199
82
215
2290
696
168
79
1646
34
1274
1795
1184
1665
1098
2056
2193
920
2112
2295
1228
105
1783
536
2203
1378
1510
2082
1944
2064
2042
1243
1691
1953
267
1899
1566
970
1412
1799
442
472
934
1399
2039
565
744
1406
2474
