102
7295
326
6662
2362
486
149
1592
9724
3313
6660
6196
1239
7448
3636
8298
9661
10378
4583
2396
9836
361
9625
3831
1674
7613
2135
1655
7838
10411
643
4949
5446
6763
450
4909
1553
1525
5934
10316
1866
8238
2468
7895
259
1335
9265
6289
6674
7402
2579
8383
1770
9027
7230
736
2537
4697
3874
7697
8236
5003
2676
9216
8540
2275
5059
8993
4511
303
6214
8449
7439
10099
9359
5780
7636
6192
3486
9427
9161
645
2817
8692
2668
3624
6877
10003
4443
3882
5406
648
7312
1945
3416
6992
4655
7069
10111
6638
4981
1208
7955
7668
6156
346
8178
1741
3164
3031
4047
8696
8664
7127
5791
10309
3557
5481
4633
1343
9068
4701
2215
1843
6974
3522
8388
9144
9501
3903
9207
9856
2418
10352
5311
7153
7291
7962
6251
6914
184
5686
5824
1341
389
8242
2881
2148
1570
3790
8360
7245
8152
6171
10383
8606
7533
3468
6442
407
8328
5587
176
4035
1267
1730
7335
1432
4478
8263
9204
5995
8089
4056
6030
2374
7219
7288
7499
7600
7138
10324
6691
4911
10335
1748
6647
2078
3530
9604
3727
3561
1911
2739
8468
1025
8601
1867
7850
8917
2991
3708
1515
3919
2056
7620
10215
10251
5149
9055
9340
2246
6590
4877
9913
5660
6753
670
10233
5240
5946
4131
10332
7637
7377
3268
10390
4771
8345
8144
4681
10249
2807
5530
4270
9166
9953
7877
2287
8164
6601
2213
66
287
6428
5652
284
713
6988
8735
8357
3715
3362
8642
532
5045
2452
7017
633
4822
5732
9183
4609
1304
2447
562
1757
8205
2744
3750
4961
3475
7039
3613
9783
8957
8693
4191
9782
5120
2591
8867
9491
5832
5009
8889
9664
4896
5702
7205
3088
6131
8276
9715
6907
409
9655
8213
1681
2435
7771
7938
2826
1447
4954
788
9785
1000
1363
7404
2796
8599
5620
8356
3219
358
8565
3329
3400
717
8175
3918
2694
6532
5460
2639
7933
3128
2385
4941
2720
9058
6811
8760
151
9457
9540
3134
614
604
5448
2985
4241
2296
2445
5044
8549
2554
6288
3206
10088
8094
9341
3197
1193
9979
4731
4919
3969
601
1137
4200
7615
8460
5101
5964
337
4474
4617
1595
3170
8073
6757
2896
15
5969
2474
4376
1837
1315
6675
6631
1783
4087
3897
8744
2767
577
8339
5384
926
2871
8002
6440
1187
9363
8066
1630
5231
2450
9250
1534
2805
3333
141
4526
2201
1755
1429
855
9404
6788
2366
596
9609
3073
1148
10085
5646
6938
2197
2765
1603
24
1545
4575
1115
5674
4068
8137
9796
8174
9164
4997
5494
9138
5273
60
3000
4543
3552
1557
9490
8033
2883
6064
4913
8946
3590
4382
2395
791
6954
10455
18
9152
8547
8025
272
9331
2340
4504
10137
9826
9477
6550
6278
9334
651
8333
5293
10095
6958
9878
5651
4618
8792
8190
1873
2165
6153
8991
3076
5121
1044
5252
1675
8343
10280
6487
8150
6334
2146
4957
8162
9764
10005
1934
10250
1643
7770
10045
125
3958
3648
9208
7083
939
7087
1687
5801
5424
4093
728
10127
9296
9985
2733
10078
3339
3119
8691
5666
7067
4027
353
6235
5041
6465
9975
7944
6898
3784
4524
1576
7010
1632
8495
334
4182
8685
3772
5258
8336
2170
7129
6158
9445
4580
2810
6574
4846
3495
4193
2022
10086
7259
10359
5129
9616
10405
847
960
3641
9045
6617
8544
512
5992
9546
7624
6714
4834
3657
5623
8149
2309
6797
6207
1704
4549
4831
3992
2960
9900
1063
4125
5150
5230
546
9700
10069
2541
9202
9981
9988
1028
10047
10270
7544
1660
1631
3670
6864
8349
1532
4240
2203
6290
2584
1112
6987
7193
8728
8352
9261
2352
7566
2825
10299
3022
9094
3183
3591
2360
4221
3019
3247
7221
8602
8322
2457
8826
8632
3007
1645
9423
8015
5915
4859
1688
4529
6649
9506
3018
7829
1650
4812
1056
3676
1852
1605
7246
5612
10201
1516
1758
4273
1168
81
9763
5281
6844
8430
8151
7090
1731
4135
1964
8884
5676
674
755
9020
5383
1940
263
1724
2902
4747
5388
3516
3063
7304
9455
1886
9706
8591
3997
3555
3808
10150
10130
8695
5097
9667
4843
9163
989
3202
1779
5845
4605
8931
6817
9816
8271
8929
65
2528
6169
3004
2308
1402
3702
5773
8653
378
9719
5986
4048
8639
9373
4923
4394
9571
6585
7607
5065
4177
8976
6136
8611
8087
7040
196
3472
9316
7530
4351
897
6589
5829
6921
8021
745
1201
9377
2555
9107
7629
10083
5163
10229
10238
2740
6602
8209
1914
7515
10214
3246
1600
6524
2023
1696
4444
7719
4325
4788
4649
8801
7169
330
6856
948
8809
5733
749
6509
7939
5329
7154
5036
3037
7665
2884
8361
8010
3051
10275
1671
3264
7871
9390
5849
3029
6600
7343
9592
4950
6800
3469
4964
1336
8156
7084
9271
696
1542
9228
7830
6083
10014
600
7810
4459
2925
7477
8224
4827
1823
7625
6022
6678
8316
8465
6592
2848
9608
7918
9329
7602
4147
5346
4198
2931
7616
697
7311
8569
70
2586
4951
3010
4853
7735
5167
8588
7958
7701
7916
6567
7082
344
5607
7204
6366
910
427
9451
3963
555
8180
811
4613
9698
8078
9513
447
316
5850
7131
6206
4931
3281
4033
1334
998
4088
308
3375
3277
6965
1077
2974
5078
320
9229
2753
8751
130
10407
6653
5205
6535
10274
7274
7909
7532
732
3783
2808
192
8624
9322
723
2993
499
10112
1673
6933
8226
2918
2580
5056
8707
9926
6279
6305
1529
9146
671
7235
2423
1458
595
1196
5682
5131
2488
9676
2649
1381
9143
6385
9653
5684
1022
6318
9005
5870
9188
3215
1725
4646
120
5893
3014
922
5589
585
7767
2685
8796
8251
2911
8909
4014
8261
7183
8893
4845
1204
2935
9406
3132
7920
4477
7236
3434
5524
10107
7986
7520
6227
417
7995
3720
599
9298
7476
9225
5256
8852
2256
6411
1059
1247
6993
4539
9256
6536
2893
9741
7075
7355
9122
10116
9534
4935
1329
6496
4629
5382
9848
2139
3735
6885
5249
5576
1772
2134
9157
313
5503
6514
5314
288
2255
9636
4554
345
8872
675
8371
7001
6057
1234
8914
923
6170
8267
9330
9992
3742
2609
3930
5920
2364
9270
8133
4989
5750
7626
7217
619
9932
5307
7728
3238
10046
3845
3424
2787
5402
787
773
10192
5914
4456
5210
7492
6758
1245
8437
6628
4994
4809
3865
3658
1877
8462
4940
8687
2798
7670
9790
6603
8498
5952
9654
3983
9135
2665
1021
4945
8974
4581
4119
2790
9619
8081
5306
578
1766
1433
127
2096
10268
10434
5827
3554
3308
1255
9555
5021
2550
8847
148
8966
6117
6494
9403
3501
5931
4173
735
1658
4811
6176
5594
3770
3558
7892
6652
2485
202
8325
2788
1888
4057
2319
851
1584
6332
6766
10445
9468
6320
1729
8132
8790
9835
1738
131
6866
6669
4233
6119
8136
3711
9015
9456
9757
7737
5844
8989
5213
842
10451
7826
1624
1582
2147
10379
9742
3290
8507
3674
4538
6253
6439
6088
9735
3271
1637
6116
9072
2663
1094
6808
6144
1088
1826
5513
4851
3347
2279
7761
7011
2183
5395
2863
3743
419
5659
3498
9584
2086
9847
1398
1988
1541
6464
4286
413
7378
2704
5936
6838
1490
2722
6599
10035
6444
7823
5136
10438
1537
790
5420
5005
2438
7945
7535
9637
5277
7466
5657
4943
2281
7316
9484
2251
4261
9729
1052
8179
9597
6186
3474
7813
1767
4175
8412
6417
19
8241
3700
7740
9309
4661
4094
5584
240
7686
3982
6740
837
10109
9288
8677
6544
9420
3779
10206
6681
9585
8614
6120
5994
3384
197
3336
7867
7226
5050
3736
2901
10286
8598
440
8905
1670
455
2449
5214
5949
3994
3105
2659
6379
2465
8531
2512
3101
1352
641
9606
6115
3187
4519
9944
3405
4787
2439
8288
2371
4022
8428
2838
2568
1997
8277
3318
2565
7041
418
537
8147
1253
2502
5200
2860
5452
3467
5117
6226
10057
2920
727
504
6436
4824
505
900
375
9003
7763
1901
1164
1366
6708
3275
985
8869
3689
2394
9219
1889
5321
10288
9854
4833
3306
6394
221
6000
6270
4313
7155
716
7876
8613
4974
9711
9843
4256
529
107
2721
6190
9258
8473
9611
2253
3952
1217
5710
8899
5071
1238
5235
2446
3877
9253
4626
6677
5556
3586
4362
8450
2428
6312
2333
8454
2656
1685
9542
6596
4647
8475
6325
3208
3628
1486
9673
7662
3244
1468
117
6985
7486
8621
1261
5261
4239
5124
1284
7837
9916
9630
7282
8281
3280
3818
606
3888
9243
3948
1539
10216
8857
1338
2144
895
2408
4467
9683
618
3390
4852
3048
2631
9297
5775
582
9787
2642
3157
10152
1845
2699
8202
4748
4059
6917
8071
6168
10363
8467
6027
9959
4972
8183
1931
7139
904
2540
6435
2949
90
5058
9119
7878
5697
1533
5462
4319
35
8778
5068
666
3825
572
3805
9904
166
2032
10429
8269
437
8907
2476
8170
2138
9620
10381
4097
5248
5192
8344
5137
7327
5413
5209
6739
3956
468
7710
6942
3371
5691
9197
8000
2872
2520
2912
501
2109
185
4553
1923
8035
8318
4153
444
1510
9545
4010
5789
8810
7904
4067
8110
8240
3078
8145
2164
9473
2746
2239
3411
2264
3102
6412
7527
4785
7796
598
5145
5878
6575
6520
4289
8509
5362
1573
2310
2430
5148
3124
2033
2415
4408
4960
4165
8221
9084
5833
8922
5759
1810
10377
1781
9425
8566
3160
8358
6962
843
2546
6197
1829
5694
9492
10193
795
1314
9806
8568
6481
4930
5757
4189
2302
672
1185
4593
2846
9995
2614
8581
1769
8835
8816
1292
7588
5823
5409
9553
9524
6684
2510
5621
5871
3391
4386
396
173
6541
475
7003
7952
2441
1367
3548
8528
6274
6110
6271
2615
1435
1761
5545
4208
7150
616
8504
8037
10364
5776
8259
2558
515
2411
3601
6771
1692
442
2242
6622
2031
8900
7617
1778
4060
4211
8427
9402
2866
6299
6582
5459
383
975
8203
10115
915
4630
7475
10195
2524
3428
85
10037
5414
10135
4226
8712
3459
1160
7086
958
733
7884
5451
6072
8142
6172
9254
5925
158
8253
4271
8409
4243
492
1819
2941
7242
8715
9628
3158
2
576
2257
5092
9980
2092
2951
1853
5243
9448
6699
1279
9272
652
9642
10301
10237
5874
3235
1297
10333
1129
9870
6261
2398
74
4730
1274
1898
9328
5410
5027
465
6940
7200
8714
1564
6508
5103
6551
1437
7485
3816
6623
1111
4217
8774
8041
9996
8206
8729
483
7045
5533
3342
1607
1986
6833
9541
7866
8921
9883
10015
834
1139
1141
2503
896
4049
7080
6407
1186
7030
8255
1800
3748
7868
458
2987
7505
9237
3756
3697
5884
3381
7988
4055
3179
2738
7033
9659
2383
6454
5997
1830
6928
1963
4557
3724
3449
6063
1547
8260
12
3851
6897
2569
757
4977
1642
3837
5007
6905
1136
5540
3691
1799
2108
6121
1882
1567
9993
2407
4421
9108
7713
5564
6237
4542
9517
4665
9781
9076
7029
2021
3108
7894
5262
3607
7216
6180
5900
4232
6205
5815
6720
5574
6337
1026
3769
829
9479
4566
5572
9857
6693
4380
1099
8028
4700
143
7160
6340
5509
4850
5105
3438
7213
4561
6759
9607
4589
1441
2177
8681
6505
1907
9080
6053
4800
2713
10304
3286
7790
1785
6577
1668
8398
2258
9428
2562
3562
1794
5264
5940
5184
7711
8842
1113
1538
5394
2695
3666
5260
1152
4739
8885
9522
2862
1802
7972
4030
1033
9813
1831
2002
7096
10158
4505
6561
7104
6269
6828
464
9573
1482
5348
10348
9021
2091
8446
9850
8405
6021
7119
9543
1552
10418
2163
2861
4089
7307
3041
9389
9156
9023
304
2840
4116
3373
5609
8200
7578
7455
2946
4936
9821
2373
6380
4544
3231
8918
951
9379
8376
7589
2730
1127
4017
479
1240
7562
10173
3597
9079
10084
5436
1627
2542
8502
8734
10055
271
3757
6673
1620
994
7326
6780
6483
9514
4898
7779
1298
924
9289
10349
3217
8831
5077
7061
4762
5968
3305
5093
4166
9487
3841
6254
6871
2868
4071
7098
8086
7999
4772
9512
8519
3225
8055
2818
2038
8148
2288
4446
3786
5520
9203
5794
8417
7495
1394
3767
584
1118
5341
2980
7832
8840
2390
4597
8146
3755
6244
10380
8308
7671
5297
2424
689
7243
77
8214
1821
5608
6513
1720
461
3492
553
6571
826
6862
7591
8603
10450
662
1147
1218
6501
2653
3133
2995
1558
4592
4975
5529
1165
8140
2043
1933
9273
6849
7913
2500
7488
4468
3430
10353
84
1476
4668
1825
6404
104
7760
1358
9671
7873
3074
4560
9986
3294
974
7936
2409
9121
5876
5600
9899
1581
9887
2521
6327
3419
238
7575
7676
8939
2235
4632
1701
1170
4142
10128
8951
6503
7016
3814
9909
8303
7756
7220
3265
1648
6309
3863
4052
1863
8866
8284
2244
6245
2626
6743
4344
4958
5017
4369
3507
9029
4901
6538
6402
6694
7313
4780
8747
6880
8319
7753
3939
5183
9725
3143
6217
7741
8667
1957
9961
7924
3544
5654
589
2416
8377
6148
9519
9395
10196
8748
8717
5854
8911
52
9453
2482
8880
5606
959
2496
2012
8524
9231
979
571
7708
5781
8663
3214
1904
1990
10098
8039
402
1661
7558
4715
2821
3576
9004
5751
2854
7821
2358
1472
8163
5090
9384
1382
3199
7012
10310
1385
1560
5502
2539
8600
8067
2198
752
3707
7531
3537
8963
7106
10267
9750
5198
7841
6361
37
7498
9684
1479
9201
6401
1816
3895
1419
8478
6715
5491
5189
4903
526
8413
730
87
4307
5286
2160
4689
4847
6980
2611
7292
7564
9740
3421
10446
6566
10319
7173
4403
5032
2142
2194
7469
2483
8480
1559
3580
2716
6397
7286
3122
9695
404
5537
2241
4397
7657
2621
8881
1578
2459
1396
7655
7893
2841
4611
6872
3949
6586
7768
1406
761
2897
5872
5830
4569
6785
8890
2932
6900
234
3423
9603
5882
5661
7283
7350
9195
5883
4132
550
6936
273
7658
4356
8265
7301
5320
2323
3111
8927
2186
9466
1594
4230
4266
10022
947
9401
6721
4502
4439
7025
1565
610
3233
9558
8683
1827
911
2538
4115
6852
3575
3457
4122
5029
5724
4365
4897
9846
9511
4598
4546
155
5717
2330
10293
8393
255
5016
3646
1469
9901
8483
4908
9773
4891
3794
4537
3634
4461
10393
386
3652
8436
999
5722
5950
10073
9866
7907
1974
10428
9858
6659
1110
9693
137
7185
6198
8484
73
7092
3795
1312
3106
8369
7223
5738
1721
1202
7211
3401
7101
996
9808
8906
1952
1707
3136
9393
8402
3647
9641
1288
1149
9966
9014
8954
76
7277
6273
3763
6634
8578
10414
1478
2015
2182
7536
9733
8486
2551
6449
5234
4111
6994
5456
9262
5547
9013
3773
9497
6732
898
5196
7201
6728
5125
153
2800
3138
3568
9709
4530
8282
325
4921
10430
4929
10139
6947
1930
6185
7862
1306
2326
6103
5631
6802
2581
129
4074
8633
1264
408
3521
3322
3932
7631
7382
5278
1007
5966
7172
6825
931
6969
6972
4568
5671
7064
6971
624
4635
5072
5154
5982
2606
5070
4971
5416
7214
9516
136
751
538
3437
4317
9415
7997
9480
6756
5471
10236
10038
3633
1906
420
8004
6099
7930
1756
2191
10272
4864
862
6118
5560
7089
10347
2575
7597
6079
426
2074
1965
6840
4366
543
2469
5970
5565
6895
7478
495
5455
8766
116
1773
1995
467
3534
7861
1881
1246
144
9929
4586
3864
6816
5515
9391
7261
5507
6486
5313
4690
6891
6423
4186
2832
1623
10224
1946
6807
1011
6283
445
2498
7865
5399
8433
1354
5998
1100
9226
8425
5860
4377
1089
3626
706
1854
6842
702
4412
3759
10305
7704
5004
6607
1925
8953
5160
5856
2269
1254
10174
5990
2208
4684
534
3365
4108
1074
835
10079
103
3603
4245
2953
1814
7266
5188
7822
5539
9214
7414
5086
9907
3843
5957
7121
5318
9198
8248
9220
9304
8723
3791
715
7401
3927
8678
5227
10176
4878
8560
1977
540
9065
3450
6304
1976
4865
10064
1365
5368
3172
6184
3499
68
485
5390
9982
8996
1207
4582
8006
4312
556
4621
4090
482
282
9139
9562
4706
4862
4969
9285
1055
7046
9085
899
10217
9007
7385
8910
663
2291
8990
4854
10266
574
133
7371
7577
4712
9067
950
865
503
1944
6595
7268
6963
241
7152
8705
8798
6466
4415
9280
4381
410
5433
8334
3188
2675
1694
10284
10090
5067
2852
3303
38
204
8083
5305
1173
4213
7490
1317
7070
496
5018
5944
2771
1015
3055
1158
1956
6328
9908
4773
8114
4072
7638
6311
8368
5839
5364
6556
3589
7765
10001
9320
9793
10355
1290
5769
8780
646
2473
8903
5040
9939
8564
1908
8080
661
7901
7244
738
7210
4079
3584
664
8115
5219
4720
10426
4113
7004
3539
9925
3986
4968
6410
9205
1804
6456
8438
2311
7410
1912
9705
2518
8173
6177
5567
8354
5928
4860
1357
3350
1175
8698
7683
8111
3121
1728
2752
6657
9282
7105
557
9398
3513
5987
10204
760
9056
179
1842
6446
3194
4781
10311
793
3966
8932
2992
4275
8949
5624
5338
6594
494
2093
4436
3494
7966
4209
4128
9678
6368
7209
9301
2641
43
1713
8526
6008
7077
6580
9465
2601
7321
7623
5052
4285
8736
1499
7696
754
5985
4572
7188
6046
7393
6445
5095
8348
4548
7754
3148
8844
1106
9092
6239
3447
7170
7552
5938
2553
3095
2252
9645
5797
6162
8187
1146
7634
8641
10118
8122
6112
2169
9190
6661
7961
8967
7308
7294
3146
3616
7298
5488
1891
6284
5401
8713
9274
1066
3168
4821
4624
439
3002
5060
9527
3699
7249
4148
1568
8275
1606
5673
6418
3955
6943
6918
3915
4387
2997
1019
6485
7747
2041
9897
1869
8999
10404
56
3623
6920
7542
4842
7983
668
2859
7042
2645
6362
1414
9235
336
5106
4216
8536
5185
5340
1277
657
2349
9652
3922
2115
3644
8160
2062
5500
4849
1735
9360
2513
6490
3704
9599
7785
5479
6859
3091
5656
6329
5267
8977
5454
6095
9694
9278
7156
3026
6080
1775
892
9127
6420
245
5259
7056
1443
9613
3894
3822
1189
8791
7474
8397
2835
10412
9137
10273
9646
3705
4737
1197
2658
7271
647
7937
1577
318
3778
4508
10413
8353
6373
9489
6644
1832
3193
746
4523
5993
1942
1121
2212
7147
2603
57
583
2679
5755
3324
5344
593
5647
478
7528
7927
3693
4318
1233
1483
8370
6515
9626
8514
4405
2891
9879
5511
95
7815
1103
9602
3781
2557
8347
4195
6751
1604
2367
7020
4767
535
5011
2388
7757
1466
10114
1788
2620
4503
1043
8230
10350
9338
2583
7342
5903
9890
1590
5397
853
1262
9011
7603
3535
5528
3686
1947
1876
917
3752
7339
2172
2171
5352
1456
39
5744
5342
7720
5800
10106
7596
2894
7191
6111
8044
9971
2324
5848
7545
1268
4869
5242
8451
5006
2317
9124
4574
4460
8850
9631
7197
10000
6491
7685
514
2651
3962
2471
5291
3021
4465
6865
6310
8630
10340
10294
1294
1321
8063
4196
3028
6381
8069
632
7712
4796
1318
4205
10202
5642
297
9720
3569
4235
7769
8359
3549
7707
6455
9589
522
2889
21
3512
2386
6470
5461
1337
5271
3637
5034
3502
2404
6323
4641
5089
4735
8120
8165
1084
8886
9839
3659
8195
1480
2661
9454
2216
5495
6458
2260
9160
8920
7135
5917
9699
2664
2180
9464
7178
1221
2097
8703
3284
3420
3640
1031
539
10169
9814
3663
3978
3703
6256
6517
8783
236
2313
2545
3526
8694
8199
9704
1915
2399
5113
7038
1780
2707
10382
1723
8711
5837
4694
9424
9629
4262
4062
3972
9544
3097
6040
2003
718
9315
5508
5639
8823
2986
6028
1260
9111
4134
6572
456
3632
1970
8656
3466
7227
9443
9677
5723
8297
2434
1347
2106
1453
9536
23
9426
10440
3839
9335
4498
5296
5084
5112
1753
4100
8058
1428
5610
5877
8477
4885
9834
3710
4124
1206
10061
7325
880
7263
1223
6932
7081
1053
8579
4736
4066
6651
10026
7352
8552
2223
844
8587
5505
6020
6123
573
10043
1523
6345
5779
3477
329
9356
6904
5487
4600
743
6003
3553
112
3835
5566
9837
955
9863
3725
6991
3848
10042
4810
7212
7689
10166
7524
6241
3072
3455
2781
9730
612
3130
5134
10368
7774
8070
8341
3968
4005
3857
7240
3017
7902
1020
1299
5588
7960
6549
1540
3118
3861
3688
2185
134
6238
8491
3593
8306
5557
7852
1327
4887
768
9828
3754
5047
7115
7692
5038
6806
2687
3109
10326
9943
9868
4776
9495
4338
9596
8804
4920
8355
6167
2405
3612
3481
7344
3435
388
798
9217
7142
5619
777
4623
5332
1759
8648
8029
262
5748
1520
8846
5552
6492
10361
8776
8416
4258
5712
6815
7463
5693
135
294
3068
2153
6062
6297
1179
5635
9708
6029
1465
902
5473
5146
7218
3856
9032
2436
10221
5749
3509
373
7950
1953
5096
1554
10180
9931
3153
9268
9639
4311
1880
7954
968
9405
1526
4925
10020
5170
9375
3934
6393
789
10432
7264
1203
10040
469
9332
7702
9212
9239
9224
6539
7199
34
1464
8466
5212
8689
3643
2099
6403
1373
2427
6017
4185
2748
2543
8134
7500
9302
4876
7691
2372
5175
5591
8938
7202
3139
3173
384
7058
5483
1664
3941
3062
3873
1919
58
6795
9150
5840
1132
5428
1351
9449
7111
5707
4755
4425
9531
4801
1010
3487
4692
5024
7684
6342
3439
5222
6861
1029
6277
7035
7425
6836
1562
2295
1698
9002
7408
4639
1278
5532
9044
1860
422
6010
9960
471
7290
3829
3228
1506
8250
8704
6069
8194
4458
8082
5130
3110
1209
9964
1006
807
5135
9008
7733
10402
6615
3456
10097
1862
7149
7781
9810
1513
7442
4547
6845
3875
9114
4420
5317
7559
3506
4012
7870
9376
748
2387
1404
7695
9809
301
3508
1166
1910
8121
6096
9962
2068
8516
425
9672
4534
949
4400
466
6101
8811
6726
3120
9410
9267
4272
9967
3540
2355
4340
8781
9313
6094
933
1493
1563
6973
4201
649
406
5542
2786
10058
283
565
8746
489
5653
580
4832
4829
9215
7357
972
1454
6564
6637
1411
8059
506
3815
7800
9248
2587
312
10409
4264
9458
1064
2140
3747
7351
3536
2806
8853
5735
9366
4888
4414
4998
4789
3928
4650
4982
3682
10102
9940
6977
7776
8414
4579
9000
4358
2954
4996
10406
9467
1409
4127
4910
31
5935
609
10155
9756
2377
4886
3270
5841
5191
2499
8482
779
7853
3687
912
7431
1782
6389
1184
6706
2880
3321
1556
3056
2922
6457
3403
1135
6710
1895
2509
8123
6545
2937
3446
10184
8521
7554
6143
6764
4441
9010
2221
3672
9050
700
3211
2969
9998
7102
3178
10443
6781
9031
5266
1596
1444
9811
4894
9842
769
3598
41
8169
4973
1488
7834
8690
7891
7807
5470
1117
275
6868
8135
3615
7814
9714
9877
7487
9211
8431
1265
8998
5743
6999
10072
6014
3889
8769
1194
6266
4918
1999
10053
8609
8740
5563
9896
1449
7400
7585
2634
4011
4470
8819
872
2700
2576
4510
1691
1511
366
6154
4620
9290
8362
3533
5875
9831
7103
2403
3171
4321
5578
8022
4861
8106
997
6376
8550
5061
2849
884
10399
7428
5334
83
30
2327
626
7253
4590
5373
9984
7593
4585
351
9223
3257
3093
6826
3959
9057
10008
9612
2270
1662
9
4751
991
6240
9587
207
2128
8053
1833
1932
6357
6287
5855
6604
5294
9087
5411
6616
3599
2090
3943
6867
123
8274
5706
3559
9969
5442
298
782
253
3345
4874
1451
3396
4863
63
8054
8738
9385
5207
182
387
10453
7635
5206
5197
10185
1846
2464
5280
5233
10156
8762
1743
1496
7642
4295
5285
5786
2312
8511
6625
8128
9461
8229
8185
4171
8834
6166
1070
1087
382
1815
9034
890
2472
502
8771
6687
8838
8157
10425
2456
9728
7287
7519
7332
9713
6810
9046
5074
5194
7228
3198
7512
5408
3951
6502
5742
4784
4988
9601
3152
3938
4679
7456
2249
1776
7388
7005
6183
4069
4970
4713
6427
1550
3266
1119
4805
8539
5049
5298
1749
10222
992
5051
8384
2479
4214
6749
7802
8849
9255
6733
10367
7979
9590
1591
3660
1555
5393
4320
8962
6827
2463
8100
6469
8295
438
7700
186
7224
3490
2996
7284
10162
3417
1190
5627
7059
3852
6195
5476
8551
1259
190
8727
6225
7606
828
5467
3944
1975
5960
8464
597
967
6557
4724
617
6209
3964
5695
7289
1272
6391
2724
1316
2536
762
5880
3180
4595
8647
980
6234
3361
5798
530
2855
9311
5628
1736
8965
4396
3802
9158
8625
6968
10327
1457
3267
3780
7953
1598
7443
5728
7803
10190
6531
1616
564
2511
4038
3025
8493
3960
4867
310
9994
1905
10297
7057
3035
9300
5361
7315
2034
710
9973
9036
1544
8971
5246
832
8305
8864
183
8052
7903
1426
8825
6430
7397
1380
5008
28
3541
1903
4673
1644
4092
7496
4007
256
3388
3892
3476
1805
9343
3680
8725
4775
5172
8494
4628
3629
8529
1943
901
4263
7687
1142
6835
6070
5916
1497
3622
8807
6252
2743
167
5867
2578
2110
4634
8654
3726
5022
1686
491
9469
6854
704
5353
10252
2983
7885
9656
7653
7346
4432
3746
7789
1477
2478
8036
4469
6982
3766
7797
5365
7725
6377
7
47
7418
805
4003
3916
4584
8307
7237
8444
701
5761
10306
3332
797
5434
7072
8813
1034
6495
6091
2785
7424
1966
5721
676
10052
9983
1574
6705
7187
544
6690
9691
6775
3679
4904
4541
1039
6979
2850
5379
1651
4167
8992
918
7900
6032
2715
6738
5326
7851
6282
5107
945
2141
6346
869
9818
1391
10436
9956
3733
6441
5497
3819
882
6049
10153
5169
3087
7875
7565
6259
354
8038
2432
8091
4032
2009
2874
5429
8582
5480
2936
763
856
2131
3030
6039
581
7364
7019
6134
3207
8775
1376
7196
8243
1368
3220
8919
1872
8874
9125
5570
854
1672
3698
1467
10218
324
6219
1838
6013
6424
6555
9751
1012
9752
5675
6007
2923
4927
2347
4562
7116
7502
4732
5143
7946
4677
4464
519
5599
1535
2605
7504
7159
2819
4705
1527
2566
1647
8764
667
281
1868
2123
1737
6135
2267
7835
5927
6924
3867
4666
9923
5522
9275
6547
2420
9074
6203
3230
372
5312
1740
3872
2812
4304
9965
208
8030
1273
9535
2857
3739
338
2071
6761
2525
10041
660
6045
7065
8315
4406
9339
3399
9888
9784
7091
10076
1764
1636
891
7681
1569
8947
3089
7925
4084
1333
3317
705
1828
7718
2633
10313
1916
4652
9206
7922
9801
8817
5527
435
7777
881
1890
5885
5908
4229
9024
2400
4145
145
4711
833
4364
10056
9780
8861
3392
8019
4710
3232
1666
7956
4359
2759
2454
2870
823
3991
1229
1640
1183
8051
9351
2497
8851
2782
1086
5886
9494
6025
5782
792
8311
1230
9133
5270
376
9232
983
9386
3942
3287
1551
1985
9622
3529
2357
4188
8937
3907
3222
1320
8876
591
5716
7755
6216
558
8532
1679
4610
6406
3947
2913
3464
1920
1392
7724
2561
101
8239
3542
1787
567
4058
6482
8048
1602
2029
4398
1676
8855
1061
1896
7254
5073
9823
4826
8372
7120
10431
5201
443
4473
6783
8050
2035
3678
4247
8204
5731
4640
6339
7302
9078
6959
3587
2363
3436
2335
6395
7407
861
3485
6037
270
1014
5942
5028
5133
3011
394
6746
10300
8997
7109
10065
4844
10307
1746
5737
5640
9326
9470
3480
2348
8533
10385
8583
8733
5709
1241
4758
2382
2671
4757
3904
6863
6755
2282
6228
8031
10062
6949
9299
8024
2178
7666
6605
8710
10356
126
6233
5127
6230
29
784
6772
3771
7165
8948
4326
2040
1167
2116
1509
1082
7049
296
2143
2010
2947
9321
2705
6107
5812
2582
1864
10117
7799
7181
8586
9369
5033
8245
7571
7257
10149
228
3125
2084
6546
2899
7968
3664
4120
9598
6537
9165
2775
5734
7002
9588
3730
2294
3523
4034
3145
6941
2572
2697
1702
9353
371
428
1154
8126
6463
7882
4337
7247
5292
7509
8699
6451
6581
4375
3847
1856
523
528
2828
1712
8127
5371
8928
9769
9876
9518
2228
1224
7006
8084
8535
8113
849
7453
5140
8759
1484
4388
4454
8512
6074
1325
1252
10439
9600
8264
230
3473
3528
9668
4670
10302
3278
3341
2243
3567
5316
1071
1282
6497
2322
6583
265
5687
4841
3811
2069
1331
3320
10243
6554
2890
7444
10384
9822
659
5441
2875
2079
5053
3343
889
2736
8350
4099
8292
7454
5804
4980
4660
8988
7567
2978
6791
7928
3881
4438
6308
1638
4577
707
7633
8785
695
10230
8324
4741
1463
2008
7097
2940
607
3218
8662
9177
2266
481
5665
3200
864
7269
9305
3086
1257
4803
3452
3869
6043
9091
2976
1836
5581
2755
2016
2544
7314
867
6476
1507
10011
433
1706
2693
1412
5963
2067
1918
2877
1276
5468
6729
4479
2083
7412
6370
714
9417
2530
2247
5083
3126
4966
5911
3621
5431
9987
4274
5355
4
1784
4685
6474
6967
2334
786
4042
3908
4993
8211
1844
4291
4248
6104
2963
10
2708
1579
7730
9970
809
8131
4816
627
7372
4942
10080
8675
2199
9095
2618
8767
2517
9327
8119
9422
7833
9159
4187
2952
6383
5274
846
2750
9128
5803
5711
7849
5988
3081
1303
6548
4742
10133
3046
3571
2297
669
2130
5168
8576
9185
7782
4756
6232
2351
10354
3840
2150
2190
5805
6793
4696
3661
8973
4760
5054
772
1708
4499
4644
322
3090
4703
6359
6484
548
124
8338
254
2442
3684
914
3673
9797
8815
7543
199
2152
4410
7981
289
3414
7009
6654
5902
4501
7508
8207
1228
222
7990
3129
4962
10210
10437
7267
3471
5153
2167
8283
4915
10423
5193
984
5178
10189
2686
2207
4252
4086
7780
831
2030
783
1235
4004
1395
9707
401
5310
6041
1013
8166
7511
9244
941
824
2955
8862
1403
10226
3144
4840
5629
5427
4978
803
10077
2717
9774
6805
2766
9702
4333
1709
6672
1266
938
100
2076
4763
6989
4301
4615
2219
8608
7661
8658
7419
1256
2718
4817
8964
36
2132
6472
8049
5493
3967
3866
4268
4210
347
8153
9097
4260
2556
3296
3879
9871
2075
4373
7772
6562
6876
4082
4207
7583
8620
3798
8908
7915
4222
1973
9475
1
4075
6909
6349
8515
804
4728
6314
722
9324
3887
1018
210
4953
9697
2300
6034
423
10369
1023
6983
7497
2342
8254
9880
3393
2210
5161
3899
1101
8293
2462
7976
6106
7557
7163
10179
2024
9766
10051
2136
2972
3374
1894
9855
7394
1792
9325
7451
9105
3931
4880
40
7334
7914
7503
3259
1733
9882
8865
9371
781
7847
5907
9089
3263
7518
5299
8814
10454
4491
170
5641
6002
1941
2222
4494
6593
4395
7766
5847
9347
770
5571
6742
1475
3961
615
7579
5465
4486
8877
4749
3301
381
8635
4663
4914
8235
8287
3489
4463
93
8757
7546
4251
4656
248
7348
8637
4907
4848
5555
1346
507
7260
6147
7389
227
3611
10182
6113
2684
2480
3924
1634
1835
5385
3970
575
9503
6086
665
1909
8722
3440
4892
6716
4255
2455
356
2602
4676
4354
460
3065
4838
7136
775
9638
8513
4203
8686
7934
9972
6529
6055
4565
6698
2305
3346
8724
7836
587
1048
3870
7222
105
9323
10050
3285
8488
2298
2742
7278
686
9251
4184
5445
3625
8378
9670
919
1871
8075
7645
5951
4718
9082
4073
1491
2594
1487
6573
4118
8181
6343
9627
8442
4819
8806
2004
839
2548
6356
3249
8389
4384
4745
6175
6437
5485
5705
2088
8706
6518
7714
285
4495
5614
3868
816
9047
6512
7285
269
6303
2943
1452
747
9886
4020
8499
7331
3427
2114
3838
8188
6525
247
9317
4594
8577
6789
2402
9999
4374
8904
8883
9439
4727
5023
6839
9259
8912
6161
10234
1665
4348
3810
3775
5873
8994
3723
10408
3527
2531
7461
7667
6155
3912
2773
4141
4224
7391
7742
2155
9409
6433
5152
3203
3352
6779
51
4889
5762
3326
10028
4112
8201
2643
5159
8742
1016
6348
9038
67
9102
2206
3418
7910
4015
2501
8604
4983
9184
266
5549
4820
9523
1436
10320
6173
1885
1388
8615
474
2422
8463
9917
5745
6853
2261
6640
2419
8286
2189
8043
2763
602
10263
6097
6510
3999
5208
9090
2885
5668
9957
4378
1172
4924
249
4987
10392
5282
8584
8585
7472
7034
3896
4129
291
3182
9952
7232
9352
6189
2158
7610
1199
7948
2303
5945
6187
364
9950
3936
4900
5736
547
7716
9292
4699
1716
2209
5972
7177
3366
9675
3984
7547
5100
799
8659
10151
9170
7731
2593
6656
8682
7252
5888
4228
22
1494
3762
8925
2013
3042
1058
6998
457
6382
2678
1587
10388
2346
6646
2638
2094
3443
8177
3885
279
9337
1884
6384
4345
6292
8510
1549
1936
8863
1293
8758
4434
549
1922
8657
7917
3491
3566
2410
2356
5910
8660
5020
620
250
9894
7678
10357
10389
2903
5899
4136
5232
8373
6276
6367
3520
1410
4622
10452
178
8461
8045
3740
2193
7273
1618
8786
3809
6301
2127
511
1157
3504
8651
6419
969
5437
10244
5764
493
2533
1517
2245
9435
8631
6415
3515
682
6718
10317
6950
2723
8505
2597
4884
4016
323
4714
1263
5580
5475
2689
7462
7434
2368
8605
1140
7784
9022
3349
7650
8575
2065
5195
8012
7931
309
3302
3387
7458
3619
1820
252
1796
7427
6731
7491
2376
3067
9792
352
7162
5055
4293
10373
2359
9028
1462
3415
1440
277
8026
6142
4764
7207
6012
49
3695
9476
9209
4890
7840
5595
4839
3236
8395
10435
4645
7973
3545
5679
4054
801
1067
2981
850
10358
7481
8548
2129
8520
2301
5596
1362
339
8902
2133
1280
7043
3538
299
1978
3142
10345
2780
1588
5774
5180
459
5147
2137
6499
6331
319
8472
9444
2072
8755
8363
6925
4133
109
5419
7860
7231
5730
3606
868
8856
6848
3635
7675
8268
8016
2769
981
7482
3402
1485
3631
4933
3027
25
405
1812
1951
5128
3813
6478
2816
8934
6703
4294
586
2908
8420
32
6996
7265
9509
4893
8387
9885
8924
9580
188
3229
6281
5254
7137
7426
7582
635
5405
7572
5381
5818
8709
8941
9486
10034
2285
2944
4902
9692
3348
7977
7971
3594
10336
10325
5496
6129
1646
3071
6009
2063
1855
8171
6692
623
741
6076
603
5309
7449
10441
2833
317
10145
9579
2339
8272
929
6565
5959
796
10397
3493
72
5244
2087
3337
290
10063
771
764
6737
3933
6149
4103
9388
6635
6794
8262
3394
4001
412
1188
8097
7110
5562
7353
3445
6236
1200
2967
8424
9976
4804
6229
1874
10338
3518
2762
5179
5181
3577
132
4619
9365
4390
1878
6347
4215
840
4631
5499
9815
4287
8828
2200
712
8824
3261
7647
6354
6851
4799
59
3551
3367
2000
2470
10303
7229
3378
2612
363
2273
6061
1096
3572
4433
1840
4695
5698
8186
1667
2019
3103
698
2680
8432
5343
3379
6908
2494
2515
7365
731
3602
8407
8085
6105
8079
2316
400
5087
3985
5644
6612
1374
7621
8228
6813
813
4352
6174
1281
9657
1017
7310
1959
7262
4794
987
4361
5846
541
6621
3799
4037
4947
3368
6114
232
7215
7398
9049
508
8399
9537
4316
7887
780
6212
4353
4612
8878
1344
1037
3003
5955
3039
7792
9414
5685
9680
2262
7809
10346
4385
2804
893
1400
2735
6447
2506
8503
7778
8580
446
8618
327
6707
3008
7340
1546
7100
4105
2027
2037
7660
9759
9688
6655
8557
8745
5186
4269
9942
9623
7539
6335
9277
20
8901
193
2745
7157
7523
5276
206
5204
7457
3432
307
1138
1151
1310
5030
1109
8487
4098
10403
4793
5263
6059
6443
10123
4144
7736
7479
4489
2625
7773
5013
82
6633
3760
6089
10427
5898
6319
1747
5799
276
6102
8225
2205
6847
430
2878
8159
218
2571
1049
6850
5561
4959
2050
6597
9647
7013
8672
594
8716
3174
1719
121
6843
3224
9246
5655
4347
524
75
9319
169
8394
2794
1413
5962
7783
990
8193
9314
1195
6730
5423
4061
6313
6978
9342
1958
10235
8554
5363
2126
4180
7888
3979
2318
6543
3833
6645
5164
4237
2325
2344
2552
9354
3965
5450
9148
4324
6916
3950
5190
1313
9946
1144
9017
6108
3036
8317
8688
9440
8471
2754
7373
9450
2397
7494
9387
6333
1004
634
9529
1393
1397
8390
3645
1961
2898
2768
8374
5929
690
5386
1024
4667
531
8836
11
7356
6676
8765
3196
5418
5688
5284
2719
2761
5287
3327
9312
656
1732
3049
6246
516
9447
1939
2049
1950
6218
8118
2426
5814
1949
2375
5226
3057
7525
8894
5417
7717
3981
1339
9293
3510
4288
8995
6068
2514
6416
8285
9088
8572
45
5415
2549
9865
7975
5973
3310
4315
7980
7347
6689
6036
7000
2628
4411
3713
860
3479
4046
8329
1705
10134
8833
5098
8873
6300
9539
7122
962
1678
1222
203
7825
5598
1446
4083
4651
9182
9136
6388
2731
2929
3099
5349
2622
9372
3442
2486
3060
510
6324
9407
9194
6365
3817
3871
1699
4648
7320
8406
6432
6723
3582
3453
9767
10365
3614
7293
9416
8708
5142
8231
7905
9348
3426
2124
1955
7854
4327
235
2181
7037
8068
9690
3185
7827
7161
8266
385
3583
3137
9140
4571
6353
1543
7652
628
9895
7192
1384
4963
10198
8555
8130
2025
9632
3605
3040
2248
4769
6352
4437
6558
6093
8326
2098
8408
2195
9116
2523
3116
6031
3764
9306
8975
8184
164
7450
2061
10002
5739
3323
2667
4672
5810
6453
5784
10119
5237
7787
7555
9431
6860
1353
1383
3511
2887
9761
4552
9126
113
4616
6375
6632
2345
1180
341
6713
6784
6576
1356
1445
7367
2751
8452
4102
2968
5718
6326
490
2853
8593
9859
4726
6178
2567
6321
5110
6431
1639
4402
2959
6668
8456
10093
69
8215
7663
219
8517
414
201
8001
3836
2909
5449
3357
4314
1583
3298
9062
4944
6700
10010
551
1232
106
2837
10170
5391
4746
995
5478
5275
7381
3585
4687
4416
2089
5937
10396
2845
335
392
368
6511
5250
1114
8782
1438
9344
8626
9732
9070
2640
9825
7703
4965
2690
2236
7369
2532
6302
9380
6127
6929
1714
5523
973
3213
7804
1530
1929
4197
5400
6516
6500
5842
6280
7279
8497
9701
1051
9830
7370
2064
2971
3683
4979
6893
1097
3830
8961
8697
1323
7413
3993
5708
2534
694
1036
9874
857
6138
4992
6255
1214
3973
5080
8278
3886
5583
1622
8956
5637
8197
6146
5108
6060
3668
2892
16
9736
6523
9030
8109
10329
9577
3478
54
1461
4404
5700
10447
7363
1091
26
8220
1145
625
10013
3216
7729
3617
6765
2045
6889
4300
9731
10370
7679
292
866
6286
3044
3192
6951
4231
10289
7241
8060
8542
6695
2276
6667
5337
7569
1575
4704
7775
5157
360
2836
1921
7672
1948
3987
5182
9788
1434
1677
7872
9727
1589
957
5289
3876
4085
9674
8443
9758
377
8827
2867
8320
767
7014
10387
8808
7580
5680
2813
2592
348
2259
4183
5544
3151
9260
2770
2519
8237
3015
6275
1408
9776
6160
3690
4599
1035
6298
4322
4429
8802
6748
7148
3709
4051
7750
4770
7609
8773
4077
7053
9591
9538
6033
1726
2073
1161
5216
10240
4490
776
4717
1751
3429
9093
3782
4492
9452
6223
9559
9037
10213
7726
1130
9798
7604
5199
62
9418
9532
91
629
4948
5438
2218
2613
2121
4306
7184
525
1981
5582
10087
6734
3013
7107
5947
5118
9794
4019
9200
9852
6152
570
2827
820
563
2895
5002
4265
5857
802
333
3574
7919
1991
5328
3272
1619
2052
8366
2389
10276
4798
5236
242
7748
1572
878
3719
3410
7055
1271
8364
1722
691
8092
194
1448
9721
6498
5771
9478
311
3397
5922
9941
3610
830
5380
9099
7839
5569
3921
993
7256
1768
1763
2225
4934
4343
9249
7576
2888
5109
7744
852
1514
6934
4357
9744
2492
3372
4791
7721
8882
5586
5601
3460
8779
6964
3910
4296
2662
6804
1870
6899
561
1401
9433
3834
9191
7489
2990
9936
5807
1301
9640
4308
1801
6620
1300
7399
1345
7108
2776
836
6479
8312
6821
1431
8027
4023
1225
744
9462
1355
3448
9033
5000
5304
217
2784
1098
10401
3251
4244
8892
7114
3500
4879
8752
739
4702
5906
3556
7943
5618
5472
7831
5753
6648
365
3812
1326
1927
4653
4512
7795
2865
8386
449
9115
1505
9644
10278
5359
10318
362
9132
3971
1349
6462
7158
7060
2433
8310
3823
3926
4417
7651
8098
6222
3115
8680
2392
162
3059
8508
4407
8830
5747
10448
906
4520
3012
7051
8246
9043
1191
8143
5506
6291
6363
6018
7812
9978
9345
3954
6005
1824
7438
1663
4284
8124
472
8923
10323
6857
7941
4036
2044
10191
7864
2706
9930
1982
5426
7538
5099
4766
4050
2793
6610
4733
590
5821
6448
1502
9528
5336
3
2958
4716
9411
2564
1817
6930
2369
8860
753
4360
4081
5229
10181
2370
8457
4413
10330
1760
1771
7359
8192
6058
5862
3470
6744
8958
4409
8896
9510
1690
4868
4430
110
5088
3761
8314
812
1715
4172
9284
8506
10339
8410
8216
3451
4053
6257
7459
5543
4906
7258
9362
10287
8634
4643
4349
9869
5831
4952
3114
7452
3525
448
6823
1752
6493
940
10211
814
3990
8875
10027
8795
9100
4814
237
1364
5924
8643
6090
5678
108
9915
6922
9113
542
8296
4588
3855
463
1612
1251
6712
5817
5374
7874
1585
6926
3806
1994
5866
10394
5116
5126
2343
3893
9679
3844
9419
10033
1695
7028
4064
2379
7174
9665
8594
6285
692
4932
6841
870
5283
3655
7677
7368
2927
9162
5469
306
8474
8422
8375
8441
7483
819
6364
5958
3793
6016
1126
7079
821
6307
8196
398
9893
9392
6671
2391
3929
5392
4576
2856
5634
5991
8476
2727
10168
7627
3297
5719
2104
6073
8730
8739
4985
7732
8619
7141
2017
8523
10344
165
2085
8940
5921
5111
1002
1519
2289
9001
6754
9945
9566
2843
10260
6405
3283
9016
6870
2701
4818
2598
2683
1047
7309
2632
4392
4638
3344
9493
4156
2799
142
10143
10415
2321
1150
7021
4734
9754
4278
517
9658
9989
5822
9948
1423
2777
7690
907
3260
2904
5763
2829
7929
7195
7869
9472
4159
2627
4777
4939
3792
6408
5447
7964
6636
4895
3692
367
1269
2080
5377
7581
2864
4223
5223
7076
9928
4096
4212
2162
5221
8959
3386
1649
3205
8945
8818
3937
7194
2001
7811
822
140
9436
1818
6873
9171
5703
2966
4721
10025
434
3917
1786
1689
5290
6944
6130
5669
8040
3282
9303
6915
9777
4765
2095
5043
5590
1593
3550
10048
5820
5057
5122
1798
7561
3070
8
2574
6540
6882
4535
3753
9974
8382
3777
3269
7330
6182
4095
4149
6422
1566
7464
4873
8217
6719
3295
5345
7965
10164
9803
3131
1893
9991
1131
7974
7123
9053
1090
1657
8182
908
6213
637
7176
4151
5550
4883
1116
622
10032
518
4875
8848
6629
509
7432
8294
932
8788
4070
2652
7522
10029
687
286
9807
8750
3604
7062
7942
9771
4130
1987
5138
9755
2211
4837
1296
2839
5330
725
3803
380
876
7078
4455
1790
8527
9508
8095
2600
9696
488
10269
9400
8888
4536
5082
2696
5863
954
4114
7537
7208
6906
278
9421
6798
5490
10066
2729
5079
1178
10417
5303
7698
4164
5389
858
4423
7786
3053
7206
3312
3276
3032
5558
7175
2117
7727
10424
6077
7682
355
3524
8718
5069
3066
5918
7354
8103
8168
5403
7957
2168
3957
2401
1032
189
9500
6819
7467
4310
1078
3946
8822
10031
1080
3592
6
2265
794
536
1847
7608
8125
6884
2055
1040
10148
1913
8761
6051
655
4603
5521
3935
5039
2725
0
1500
2802
5894
838
7510
9924
3906
6750
8448
111
5943
3503
9295
1421
9521
96
1682
7233
2999
8232
1092
5255
6201
6639
5315
6507
399
7095
9556
3976
5370
3627
8926
845
1865
5272
1774
6881
10018
10228
3023
6006
3020
9242
295
1387
9378
5766
6519
4279
9035
885
9743
8859
6792
4759
4176
2984
268
7951
7911
3096
7066
9117
6221
6015
8558
7844
9263
3082
1156
9760
9778
452
4341
6065
4178
7435
5869
7889
6409
2630
8571
10006
5858
8936
7984
2669
1795
3175
569
5504
5772
1348
5778
1243
3409
243
2924
2964
654
1125
5085
2654
9549
5904
9370
8392
2677
2595
9737
9147
9849
4419
4825
8198
5740
8952
678
7738
8983
2175
2646
8537
6140
7446
5573
4009
5132
8056
7395
2233
5372
7468
5767
9169
6085
7987
5714
1621
4257
4662
8047
9795
2042
3905
7094
5458
6527
9938
9496
8064
8720
8915
3006
4905
5119
2329
3221
9181
9572
879
500
3913
7085
3804
3911
5638
8837
9025
8396
7762
10172
2365
5727
7126
3274
8793
9605
7130
6429
411
841
2314
8530
4480
6243
9349
8623
9257
1003
2237
956
5358
5387
6630
5091
3884
10254
10410
9012
8418
9009
874
9685
8799
4220
4389
8340
4440
5592
1369
3107
1839
6976
78
7024
2268
9247
513
6831
2118
4591
10248
8270
6350
7734
4654
3412
2448
9039
976
10386
1508
9557
4199
1332
1972
1808
3547
5999
4678
5104
8984
1495
6937
6611
1242
9408
1474
2145
4674
9123
6026
1008
935
6858
3828
5173
8570
6896
6157
2460
6425
9155
726
2989
7879
2970
1377
5932
454
6071
4922
1378
5162
2491
2764
7794
2886
4424
10247
6528
5251
3162
4808
5984
2939
8400
8331
7447
7441
2188
8469
10219
4297
6193
6260
3058
1305
3204
6643
963
2202
10068
10400
4606
9071
2380
2778
1613
7132
6358
5976
9172
5720
8233
9222
2505
9872
1531
4719
8627
5301
1471
7996
61
9018
2822
1045
683
9911
213
982
4342
10271
315
3052
3169
1968
1522
3560
2824
1609
5463
1492
4401
9768
10092
7125
1350
3671
7234
157
10456
6150
2431
3149
6473
1899
9336
374
7808
9488
7023
9581
1710
6927
7272
7880
916
4152
9551
6306
8573
4372
8935
9109
5177
4290
9914
2783
6818
2858
260
3262
4169
3085
8249
7722
10395
9186
5768
3862
7299
4761
5787
6606
8057
7560
6741
2149
2516
742
1182
5909
3123
1813
1841
2772
2120
2196
10105
10291
4659
4986
6834
1163
1652
2378
2737
4000
3140
9574
10036
305
6953
9361
4328
7556
3488
3135
8839
3098
8968
1521
3239
6829
8309
1439
6530
6248
6295
5892
10372
10154
9413
4329
971
4462
7963
8470
9614
3543
2732
10256
2006
883
9364
9240
3883
7074
4872
8500
10101
3389
9264
9718
681
7998
638
1308
6913
9910
267
5444
2823
2616
9576
5247
7052
10220
3161
9498
8154
2809
10049
10290
5357
7437
827
4531
9905
4955
2111
8522
4675
6461
986
6711
9383
8439
6939
658
5692
2274
2231
8518
3441
8803
6685
2429
9396
1212
3167
5464
5648
4671
3092
1249
10241
1597
3820
9722
2637
6139
2192
5435
2851
5881
9118
8141
5215
8679
5554
7296
7824
89
1608
6578
4725
9552
5645
4540
3667
7598
6081
1416
5211
5983
1330
10075
1258
9703
10200
9884
2910
9333
10100
7182
10140
6894
3519
2942
7144
1887
9812
7746
4078
3254
2026
10142
7420
1524
5398
6901
5166
4181
2979
10070
8596
2028
2672
3299
1085
9951
9933
10146
2417
5026
6957
7093
6044
7548
6782
220
6717
10342
6778
642
6056
9805
9747
5366
6902
6769
2682
5268
359
8435
7440
5617
740
10120
8665
5535
5980
5526
3256
1372
4029
5265
10391
10082
415
3354
9210
5887
2873
3181
5662
6475
966
9666
10312
5919
8832
5331
8101
3359
497
613
5484
1615
9827
1924
8379
8982
9660
8244
7190
416
5861
4637
6747
9221
2119
6822
9175
894
8812
5828
5625
3395
9279
1340
4514
9937
1027
10178
8252
5741
5701
9669
9554
17
5593
1386
9063
1998
7540
2467
8854
6890
7820
8161
4521
7818
2926
7819
7947
863
8032
7906
4976
3165
5422
1248
3189
5681
6522
3988
9485
5650
3227
5696
588
1123
1405
8222
10337
7198
2928
2354
5245
5770
8525
9294
8897
8074
2758
10239
3859
9355
4990
5014
8289
2965
7926
10161
7881
3311
9098
6132
1902
2757
4550
6665
6374
9291
8005
8426
1079
4121
10351
737
6341
1237
3714
2263
4139
4740
5796
9446
4559
4500
6024
7338
2350
9112
1693
559
462
4447
5115
1311
1599
3054
2166
7445
6344
2176
2830
6948
9686
3351
7403
10227
7031
2036
1470
7932
6264
9106
9096
2948
7611
9077
9990
9059
2527
181
216
2307
4194
5630
1307
521
9442
3996
5220
1536
4729
3718
2734
936
3289
608
2760
2105
119
8610
5489
6242
3064
3241
5836
9530
7167
5075
5704
4744
3117
8668
5062
2526
6725
4335
3483
1656
2051
2636
8191
7801
4449
953
5585
952
9504
750
2629
592
8223
3920
7899
6480
7018
1309
3807
3744
888
6126
6293
9086
6724
3104
6952
8501
7806
4218
3413
3741
1984
476
7970
498
9026
7640
3880
9617
6704
2057
4006
8440
5819
3832
9236
8247
8076
6092
2876
4379
10163
1250
7646
729
977
8622
1177
10021
4140
4427
9233
6084
6786
2461
8944
8661
6078
961
10187
7124
1879
2060
3898
9019
9394
3902
3789
2077
7855
175
9569
650
3370
2353
1601
6272
7484
6682
3826
1512
10157
2726
2103
6163
5482
6052
441
1057
6250
5802
4507
6570
943
8017
2619
9230
8102
9853
1210
6879
4267
1328
3383
2328
8556
1791
10362
10186
1739
1654
8458
6679
163
7506
5879
7324
3100
8227
2113
5114
8088
3765
5187
3314
10265
5536
7526
9687
554
9802
391
9429
10171
7133
7563
4691
1371
5864
8013
4104
7967
33
231
214
8655
3045
4174
147
7375
8381
7992
7514
5367
3914
4157
785
4509
2529
9145
97
9434
225
8871
2122
5443
8208
10457
2283
2917
10223
3654
1270
5486
2437
8099
6670
1455
159
9949
2710
4928
1718
226
10030
1548
10110
321
10091
1068
8732
6990
6910
3279
4938
10208
274
6220
10132
3377
5996
3195
4334
5501
5765
2797
4856
5432
3190
1143
8313
4698
7513
7032
10167
7417
4190
887
10165
7073
1420
3514
191
10205
1926
4533
9471
4487
4602
9438
6413
7605
9318
3184
10376
9800
5859
7275
1459
6774
9892
5151
6390
5853
5636
9906
7379
5699
174
2338
5905
3827
3618
4709
4422
6814
688
1481
10433
4451
4280
5897
4138
5123
10295
3953
1928
2444
4967
2847
6837
2998
8670
3154
8887
1083
8868
9520
3565
1360
1407
3240
9621
4236
8447
2331
9052
3975
6019
1614
5
4783
6200
5633
2490
9051
1379
3734
3484
1107
965
2930
817
8955
7843
6832
154
7516
1104
5378
2660
2406
1072
3891
5756
1062
2975
239
8561
2938
6054
6035
5356
3338
7501
2299
3407
1793
3850
2005
4657
8763
2240
4367
1473
9841
5989
545
9460
10203
7791
8167
6468
5176
9176
369
9463
1883
2673
4250
4323
5926
5327
1065
5825
10131
8403
1935
7935
4567
7669
7048
7618
6666
4506
5575
9189
1684
1050
1295
9770
9061
7396
766
3696
3304
1418
4391
6371
4192
195
7151
3223
5239
4276
6869
7008
5048
9840
6087
7044
7409
9723
9838
4227
4515
1960
480
9947
4482
2711
5347
3989
9875
1610
4259
7859
10321
10136
1134
875
6434
4355
3307
10225
280
3061
6796
9844
5953
10059
1216
7047
2712
3890
5715
4683
5975
94
4154
1081
7570
1892
3505
7112
8479
3732
6414
3083
1580
2443
8616
6258
7333
4926
778
5664
6249
5066
3482
5333
10258
5613
5425
138
9120
7171
7705
3677
818
10341
8481
8009
3570
6591
4163
3458
5834
8916
2493
8721
6294
921
4471
9075
8969
3651
8459
8445
7337
5971
3581
246
5632
1858
1198
605
5667
2495
8754
3694
934
9618
873
1809
2741
2481
1849
7063
2921
4573
3463
3824
7991
1422
4043
6452
6100
3849
9919
5063
7323
1834
8291
3600
7054
3288
3853
5534
5626
8541
1626
9199
5808
3005
8942
2361
6701
1095
6386
2039
4303
5933
1703
10298
9594
5622
9131
403
10398
5752
8562
7345
4292
708
7912
6426
5165
2184
8455
115
9583
2906
3669
99
3355
8077
1653
6164
3751
2905
7164
8645
6683
118
2647
1857
2714
7068
5670
13
4204
9567
2703
4065
6396
2230
2187
4750
4428
4815
8640
9681
6970
1917
2226
2869
9281
8898
8684
3258
3630
3360
4636
2914
5643
6931
9663
6680
5760
6830
6560
3731
3226
6619
3465
8380
8595
3846
2156
264
9648
5793
5457
6137
5512
4779
8559
1807
8108
2204
7817
2458
5525
2774
5746
5835
9151
4532
1361
3579
10449
9287
5202
639
10138
10054
331
3038
5012
5354
2982
1399
1734
6658
4658
8429
9054
314
6351
709
9367
8139
4025
7857
4457
10016
3016
4249
9881
6204
3717
3639
6641
8415
2610
9180
4813
7643
644
9682
4855
9167
8093
4723
1803
909
8007
1302
2879
9081
9824
5792
10421
9459
6745
8105
2082
3156
1124
1697
7656
7699
5649
2934
2173
2159
4916
4754
5492
711
4350
4383
4782
724
5339
7749
6722
10103
8563
27
10360
3237
7592
2337
2728
7848
5538
9772
4281
7471
9149
9069
1797
6450
3573
3496
3431
2803
3080
2916
4790
1980
6642
7392
7362
10285
5811
9193
1227
3330
9154
168
7270
4870
1133
6133
1717
4601
9358
4238
1213
350
8351
1005
5351
6489
4564
5843
1938
9565
10255
79
3800
5295
6262
4912
6563
10257
964
5203
4899
7470
2306
4026
8843
5790
10019
4336
10328
8950
8129
6709
4008
3588
4604
1283
6471
699
4170
5477
5923
3721
6124
1875
8719
436
6609
9381
4999
4866
7430
453
8090
7517
1629
6568
6579
8072
10129
4107
2560
7759
4578
7436
9502
229
432
8879
6688
4946
925
10125
6224
9041
6624
1069
9238
3050
6790
2292
5046
10060
978
7306
7387
86
3974
8978
1370
8290
1425
3685
9912
5616
560
3596
1075
5498
8858
122
4426
2882
1969
7416
3047
9283
2994
7297
3546
7743
9042
9898
9357
48
8741
5474
5939
10007
7764
5965
653
7493
6919
261
6267
2179
7134
9482
6400
5241
6038
7723
9192
5806
3291
7758
2607
4707
7366
5777
7745
2670
4080
6050
9615
7305
9650
6945
9918
2320
4160
6820
9430
7411
2047
7574
9196
9734
6265
8638
6874
7715
10177
2278
1750
3532
3609
1046
7534
9954
3242
6151
7587
9515
5238
10044
5689
3858
5141
2907
9499
4797
3531
7128
4528
7360
3801
2577
2101
4917
1424
4485
3163
6336
7421
7180
342
3001
3408
71
7166
7179
7423
2789
8496
2475
1389
8794
4225
6521
8538
10104
2681
7673
8346
3454
1742
8411
477
8301
4242
8553
2504
2466
4835
10175
5604
2102
7238
3821
4871
810
1427
6215
300
5324
98
2341
6569
3340
4150
7614
5466
2563
7599
4708
988
2414
2277
6467
1586
9548
2393
4517
9739
7541
9168
150
3620
944
4551
6421
5795
1041
8534
4305
1745
1205
4991
6946
7480
7225
10245
6188
1285
4277
4339
6911
5813
5323
1153
80
8700
212
1711
2709
5516
8421
9064
9643
3210
9286
3209
2412
5155
6023
6317
6460
9902
10277
9624
4686
4346
395
3656
5597
2161
7982
8943
10017
1128
10122
7117
9130
6459
3462
3842
8701
4040
6553
8960
7099
5901
5809
5974
8546
1169
5407
5257
9103
1504
2227
8489
2945
10331
9851
1176
2007
4823
8107
8636
2315
8280
7693
5517
6887
2820
4522
10231
10012
8829
7921
7521
2018
9712
6986
3728
5605
9269
3650
8158
10183
3255
2573
7639
4234
8212
6984
9547
5288
9310
927
3141
859
1415
3212
6855
4802
7601
684
2229
4168
3788
3147
3729
2046
9234
5439
1680
8492
8673
5360
2484
5568
328
9346
552
7406
3034
2290
146
7993
4283
6194
2547
7168
2232
2961
7816
9266
3768
340
7376
3642
6956
7248
871
9819
9935
2814
4587
9593
1851
5978
8337
3716
1822
5726
5826
1211
1287
825
7793
5253
631
4013
3737
5514
7940
4028
10282
7319
7752
1859
6322
1460
5913
9526
6762
6109
1979
6752
1192
5224
3749
6664
2596
5217
4857
3079
9820
4995
1683
1076
8062
6663
3150
6697
5788
4143
9561
3243
4101
4155
8805
4858
349
5729
970
10296
390
4774
946
1162
527
6961
5412
3878
2081
64
8650
1030
4399
4450
10246
5979
9507
8756
3094
8607
9832
2589
9040
10262
5865
1669
8116
9717
2304
3127
3675
8617
5758
4332
1789
5102
2336
5031
3681
9129
8385
1633
5269
6587
913
7460
758
6181
7239
10071
8219
1319
1937
6997
6696
8302
2650
9749
484
1967
9753
2293
2425
8256
3369
8189
9570
2058
8743
6263
370
9689
6011
3578
6066
4024
8391
7146
611
8574
5171
7433
8797
1171
6812
5350
4179
1971
1777
10283
9765
2332
7465
5404
397
4126
10292
451
8342
9927
5690
5010
6824
2570
6534
9903
5713
4302
7584
7628
7632
7644
1518
9178
10009
10159
800
55
6803
579
4091
7969
1322
2220
5956
3444
6526
7140
2791
8172
3653
487
10253
4792
6001
10023
6767
7329
2749
6955
1954
5302
6399
9651
3638
2692
10366
7573
9779
6975
6584
10089
1503
5785
4555
1993
1744
4041
8330
6191
905
6533
756
7805
2559
4158
7788
3433
8646
4442
7590
5396
2154
1625
1992
7674
3112
7088
5838
8913
3662
10442
3785
6776
6559
9213
693
4123
5677
7145
6598
7186
1727
9307
8011
7641
630
3234
7989
6608
5094
3722
10141
2956
2599
258
9187
9746
3113
5308
2112
9218
8423
2977
3009
8257
4002
7113
9374
3325
4688
429
920
8770
9563
8104
10419
8042
7845
877
3069
161
9550
9862
3774
46
7890
2648
7595
3796
6799
8753
2381
9726
2413
4828
7856
9578
2688
3776
1700
8117
8986
9533
251
2238
1220
5889
5001
848
719
2779
2280
6768
10121
765
8845
5551
1120
5319
5335
6179
224
7949
8490
10334
685
1236
8800
6128
9399
3166
6627
3901
2453
9368
7429
4282
1811
2053
7897
2795
10074
4110
2657
3043
3665
2801
7739
9104
2604
10279
6618
1659
2421
2284
5603
44
1105
205
4518
5531
4371
5559
1617
4021
6296
774
903
9141
5421
5225
8332
4722
8772
9748
4466
10188
2702
2254
6268
8821
8299
7384
1291
8023
8841
10024
4786
3608
703
2048
4669
3995
5144
9350
2698
3201
9833
720
5961
942
8590
10314
9891
470
1983
7280
8652
1501
7405
7586
3380
5941
8404
2286
4545
8155
7303
9968
8003
3075
10113
4202
4516
6892
4608
8589
10444
8666
8258
6787
473
9804
2489
7529
6387
7317
2957
5683
7386
2477
3758
2655
7361
7349
1806
8176
5611
8321
4937
2988
5300
759
8365
4330
5158
4513
6542
2635
10375
4642
6960
5440
6614
1093
6048
5064
2066
9873
6210
9921
7276
4752
566
4614
7336
5076
4039
7022
7027
2831
4368
8419
928
7568
808
10067
3356
6355
2451
8768
171
4778
1897
211
8279
10281
8731
3033
2234
4806
8335
3253
2590
9083
6981
815
8543
8628
10207
5548
3382
9134
5615
4484
9710
886
8726
6801
9745
2844
4146
6770
5930
4563
677
3461
5156
9174
4162
4743
3273
10315
8046
2157
5322
1450
1286
2815
4031
8065
5783
5672
3315
4753
9060
9441
640
3292
9867
7842
5725
177
2271
2644
10264
1155
6047
9173
3860
6966
3425
5912
4693
3319
5754
9252
9738
8784
7318
7883
2151
6122
4109
332
6686
7709
302
6477
7251
2962
5541
9437
8367
4106
9610
6202
2272
4219
5948
8870
7553
7189
1073
7550
2811
2756
10212
7828
3364
4836
128
9586
3248
6626
4418
5895
9997
4475
2842
8218
1009
7422
3353
6650
5453
4481
8112
7959
2224
6398
9791
5139
421
9634
4452
114
7898
8930
9066
6067
1417
4680
2174
6316
1219
8970
8597
7118
673
7507
9048
1275
3563
2691
5218
6392
1754
10422
5035
10209
3077
5015
3398
6735
7203
2535
8649
10124
3925
7300
3900
4309
7026
9845
3649
6247
8234
6886
4625
7630
1174
10096
6552
2125
7680
233
9922
5081
8323
734
4448
3376
6165
2666
2950
9382
8933
10343
2217
4497
5518
3250
10242
9864
7374
6727
4453
3980
2508
10197
1159
10232
1102
9179
5890
6199
139
9861
9568
2011
7896
1231
1989
10259
4363
8674
9245
2617
4556
7846
806
10094
3334
10144
8273
2250
2059
8014
8980
9633
8300
3191
4445
3300
3422
4527
636
7619
6369
8787
1359
6330
1900
1962
5042
6878
9474
3564
7612
4137
431
7415
5546
1122
3245
8485
1390
7648
1765
9006
4206
1042
2100
156
5375
2915
2608
8702
4076
5325
8777
209
4768
5019
3155
4496
160
4018
357
9817
9276
9786
5967
8138
6809
7380
4476
4431
7858
5369
2834
7328
1375
7886
10004
5602
533
9564
1289
4956
1996
7664
9575
343
1215
1324
6159
7751
3998
9432
8644
1226
6923
7322
930
6315
2020
5977
4246
9308
10081
5279
6736
2624
3316
1861
4045
3909
7143
8304
3331
1611
8820
6846
9073
6488
257
7007
4882
1038
3745
2792
6588
198
8612
8034
4627
8749
5519
679
4393
7923
5553
1054
3706
9799
3517
2384
10371
4299
8018
9481
5430
393
6145
1108
6504
8096
6760
721
6777
8972
5228
8985
9241
9595
9955
5579
5658
2588
180
3787
7341
4558
2440
1641
7383
5954
9110
2522
7050
9525
5376
4298
5891
172
8545
4984
1762
4063
7473
3084
4525
6613
8453
3328
9505
2747
8592
10322
3595
937
9829
3977
4161
8979
3159
3176
4472
6995
2014
8020
3797
6935
10420
3945
293
2054
6004
8008
7706
3335
4331
8671
1342
7985
9716
4795
1628
9662
9889
7654
10160
3186
8567
3940
1848
680
1442
6075
7071
8789
8737
6438
8891
621
6773
9934
5852
2214
2107
7250
9958
8327
7551
3701
14
4493
4738
4664
3497
5510
53
7281
9153
5896
3309
6338
8981
6082
7649
7358
8895
9649
2900
7390
2674
6378
4596
8210
9635
6360
5577
3854
2623
9483
5868
4807
10416
4117
10147
1635
2933
4607
2919
244
6125
379
2070
9963
7549
4881
4830
6912
8061
3404
7994
1561
3177
4435
7688
4254
92
8987
9762
4570
5851
1060
1430
10308
6208
3712
1528
9227
1489
3738
3363
9397
2487
5663
2585
9582
1244
2973
4044
9412
5037
8669
9860
10194
3406
6875
10199
4483
6231
3358
3252
10261
6883
6042
7015
10108
6903
424
7594
2507
4253
1850
8401
8676
7798
187
4682
7863
200
7978
1001
4370
7036
9560
7659
6888
5816
3024
7694
5174
8629
7908
6702
9789
6098
215
6372
9977
3923
1571
9142
3293
9920
223
5981
88
6141
9101
6506
152
7622
3385
42
7255
568
1181
5025
1498
6211
10126
520
10039
4488
9775
10374
50
8434
