2233
5679
719
4869
3500
6626
1155
6706
4505
609
1008
388
3150
2864
2140
6348
4079
3353
6683
2216
1381
7536
3627
6277
3997
5144
4902
3432
5289
7673
1258
4298
5086
5521
27
2130
4679
1995
1233
6461
2199
4622
4604
2880
2143
1651
3341
1469
1536
1121
5071
341
3945
5903
5563
2727
7411
5002
1587
2329
375
5371
3731
5848
3389
5949
3337
5034
983
4179
6829
7016
2613
6689
4525
6178
6094
3502
2059
2718
416
1262
7676
917
2295
4817
7584
4918
7554
379
5506
3099
4650
7535
3075
4625
6459
3722
328
7134
5448
4260
4072
5249
7025
3143
6812
4806
2884
3407
2167
2622
3570
7091
7685
215
5837
7090
4955
4159
3413
5489
2129
3183
3367
7101
4825
2215
1948
7327
3092
1958
131
3575
6866
4883
2036
6957
2214
7427
966
4605
2561
4684
2600
3792
7291
2254
645
1547
2280
1021
7060
5527
6214
6316
7381
1987
3832
2131
6757
99
3535
5524
108
38
1921
5888
6627
19
3852
4978
7232
2060
4138
5886
6487
1331
4083
4831
3151
477
4866
3702
5468
4606
3064
6838
6404
6072
4959
126
6658
6402
5466
7144
3122
2355
4655
263
4304
6726
5175
7229
6233
3685
3093
4509
509
3203
4296
1475
3519
3375
436
254
2525
3475
179
5575
2581
5303
196
2005
6257
5117
7109
3238
3924
1657
7197
6148
2517
226
2386
5334
4862
7426
4688
4555
5809
1719
5028
52
1942
5982
5630
223
7424
6044
145
3277
5267
715
4037
4270
5802
5474
353
3498
4062
1372
7325
2538
3928
2297
915
59
3281
1932
5701
1057
1953
7201
5060
4762
2997
5384
516
1727
497
414
1565
2748
7204
5150
1113
402
144
4958
3995
6134
6184
4071
1560
138
7266
5865
7153
4328
1696
972
2177
6523
1988
6787
6314
5534
6013
2852
1491
5420
6086
3415
1439
5170
443
6840
1056
6845
4484
5278
7524
1386
399
7391
1351
3362
7656
3044
6338
750
5159
3828
2717
6754
3785
1864
7250
2392
5006
837
278
666
2425
3082
2421
2454
6290
1284
6833
5804
6742
1820
2952
132
1523
6606
5968
7642
3688
1816
1959
5200
3796
4968
6765
6959
2938
1870
7063
4290
5950
5315
2499
5785
391
109
1992
6469
7068
7269
4318
2310
3195
4017
980
4478
3943
5321
667
3137
6655
4545
7508
5824
6238
6035
3198
4187
1074
6578
6574
3534
6120
3859
390
4381
3712
3856
4574
2742
2460
2741
4022
6652
7702
3748
1038
624
5819
2342
5250
5929
4998
6304
3999
5638
6327
6994
2037
5112
4951
4721
2791
1024
5053
229
2043
2749
1408
2218
2164
4315
2542
4444
4346
3335
7050
7631
5381
2395
2196
4324
4954
1311
2301
2240
813
6790
5387
437
1428
4970
4028
867
7439
4197
5915
186
2502
5542
873
567
6911
4565
4595
2438
7211
1551
1214
3561
6190
5066
6981
1418
261
7499
6384
5637
773
733
1622
3900
6980
6438
6889
1656
7513
1220
2412
2869
1838
5312
3469
911
1854
2045
7669
3399
7615
2100
5310
2541
218
6198
3393
4011
5744
2186
3873
3786
2971
3213
2529
3101
912
7293
2097
4127
6931
287
448
5914
6324
1122
804
6098
1747
5236
1643
7594
935
5044
3105
7142
2243
5792
2656
1896
7001
616
4107
1466
3141
5720
6445
2671
317
2274
3594
6732
4113
725
7498
5286
3745
1691
2264
2979
2358
3477
3603
1364
6746
3866
6043
3699
6457
2383
895
7545
5876
2682
3451
7490
7283
6002
6663
1053
749
7195
1366
6001
5977
6901
5152
6633
5180
809
1607
4471
3012
1461
6100
7328
1860
2084
6756
2451
3643
6670
222
3372
1281
337
7448
1569
7315
7465
760
6157
4858
6550
632
3735
5940
5702
3854
2890
4967
909
2271
5735
1628
6455
6924
3914
4255
5852
2038
578
1393
1973
22
702
2171
3637
6363
6984
4770
2902
827
7292
2934
91
6808
3596
6846
6000
5308
7671
2315
5614
1672
2694
2802
7118
5343
1548
3970
7626
4936
4025
6394
3104
143
3775
2197
1508
6278
1227
1877
7047
2728
103
6027
3217
6490
272
2602
6308
572
2820
7447
1350
2465
2962
2135
2659
2625
1419
1223
5849
690
6453
5942
7608
5895
1776
6119
2661
2593
1161
3347
2422
1585
7354
3794
697
2650
296
4261
178
3971
5470
4092
1861
6803
4456
1922
5740
3629
2292
3897
5581
5526
5985
5324
4058
3434
3420
7624
6797
1758
5103
6882
7319
4573
5626
1910
700
4835
7472
3480
7423
1103
2771
7633
4078
791
1903
1681
1762
5711
4989
7152
4629
4497
3058
979
3996
424
5994
2265
7502
1374
6822
735
4293
41
1535
1256
845
1755
3298
3042
1459
303
6161
5058
2206
7609
6339
2818
3270
3577
6008
4510
6335
6698
588
7214
2875
6963
5504
4385
4863
6682
2033
2649
3529
5509
1147
894
540
1077
408
7512
5570
1154
4988
6868
7036
5925
5806
2150
4991
4412
592
7337
3364
4922
3354
7277
5764
130
1345
5843
1824
2668
1080
4653
7166
3039
1792
7643
51
812
1130
135
5869
7224
1900
3322
4564
107
1387
7405
4821
5656
1420
1371
7219
3704
2583
6297
3306
2261
1698
5763
2840
3801
802
848
6971
6707
5412
194
7008
3718
4311
1436
3029
1431
1812
7129
1915
6048
5270
4909
2715
3083
946
5696
216
3931
840
5051
3090
1933
2617
4217
6155
3121
956
4844
1378
4981
3429
2636
2720
2980
3292
2638
3025
2830
2896
3118
7056
6855
6851
5414
3531
2765
1337
3165
1456
113
313
7102
7358
6179
3125
326
5165
1837
2492
6576
5838
1151
3607
305
3961
4928
656
3474
3991
6092
2333
2550
600
5588
6993
3329
6832
2865
2944
922
1478
1028
648
652
1610
3514
7399
1043
2424
4066
4056
118
5911
4570
301
2635
1373
4553
7613
5972
3346
6565
6894
2472
6010
2359
6750
1975
4120
5621
2989
2212
3374
3208
6899
1663
3493
1718
314
4383
4400
2153
5261
5398
2439
5756
6057
2055
4477
1091
1760
4155
5902
6697
4667
2213
4429
1106
2201
3267
883
3485
3878
6714
1039
1614
3488
5514
152
4513
7022
5458
2654
3437
6349
3397
3376
3930
4911
2035
3625
4091
5953
6704
4895
4546
1670
2648
957
6205
2596
3209
4771
4321
4722
7384
2306
7126
747
5881
6176
3334
2991
1082
4409
4894
5207
3684
4124
2601
4993
4081
7639
3444
871
2204
484
4387
954
2664
6962
1573
7200
2262
2615
1654
3711
7641
7360
5085
2833
2145
3784
4485
3642
6313
9
5608
5716
4621
3072
7028
2536
5908
1806
4849
6979
3501
2564
2415
2567
4258
1588
7648
3976
3678
3171
655
4054
2336
6181
3134
6392
6403
6972
6206
420
2888
1875
723
6443
943
2286
6660
7375
159
5168
1298
4055
843
5984
1600
6524
3675
3426
1490
2064
2119
5829
2921
6187
511
7406
7087
1739
1251
2837
5811
3739
6844
5202
5333
6659
5181
6374
1265
4015
232
2434
5026
72
16
6473
585
1363
6153
7072
4933
1124
5221
1550
6690
4708
606
6088
3783
4067
5439
5646
4467
3014
613
7287
4021
1416
2324
4904
2673
7441
573
6275
5376
6192
7520
6693
2534
2022
7487
5456
4494
808
2065
5298
2775
2978
2646
1571
5922
1805
7596
5649
5102
2012
1437
4777
901
110
54
2686
338
2897
3899
3865
5596
4900
7574
4823
6168
6884
6521
1530
1862
4271
6823
454
3740
253
3578
3450
2632
4168
906
612
1433
3226
627
1183
5325
1451
5013
2883
6085
847
2252
7392
1871
5989
851
4544
1132
1591
1887
828
7551
1641
5193
3955
1240
5898
7637
2881
2267
2073
6281
2936
1596
5586
2533
3204
4361
5965
2256
2614
1712
2462
5338
975
6037
5354
779
4418
426
5341
4008
4519
4796
1485
4336
1584
3515
6095
7130
4248
7620
348
6062
4065
3541
2009
3954
185
401
2844
1238
5971
2391
6599
1578
3560
7484
2505
6514
5262
4077
5140
3864
7105
4845
5284
2966
1421
1603
6810
6355
5603
1852
692
1037
4323
6460
2349
5018
217
4023
4524
6925
4088
4343
1308
1165
57
6987
7598
4540
78
5513
2247
4906
4755
6303
1170
5296
2663
4455
4533
971
5751
984
5252
4705
4082
175
6982
4247
5273
6486
517
3666
7587
7661
3687
878
2382
4123
4337
4408
2813
2473
1160
1087
4986
4013
3002
5709
1567
5382
3893
4568
1827
3210
4307
1385
1968
4630
6802
4673
7336
7597
3829
5049
2455
6175
3190
5745
5015
246
7528
6949
2353
6649
4636
2981
2338
7429
7163
4238
553
3311
6895
6054
1463
61
6387
2190
839
6484
6531
2309
3726
7160
2300
6026
7663
2607
6696
990
4426
6171
79
6493
5668
3366
422
2660
4363
2537
3917
3908
2778
949
5435
5565
6859
3095
4334
3777
3550
1503
2375
419
5765
3958
5721
1843
635
2528
1225
1502
5055
1369
5928
3773
3797
1605
1009
6342
3368
2096
2714
2476
7559
2417
7454
166
1487
6135
2401
2115
4747
7245
1962
761
2494
3031
2953
7361
745
3654
1072
5767
1448
4661
4940
2815
4923
1655
4551
1177
3156
464
3046
3936
282
4664
6913
7054
794
7011
6502
7640
2340
6616
1808
1315
6197
1807
3558
5154
58
1094
659
372
5741
378
5444
4950
1152
6405
4240
5446
4351
7173
7371
5754
968
4316
5299
273
12
1731
32
3942
4850
947
6843
7323
3979
5867
2133
1389
6370
3473
2194
5920
7420
2858
2509
4112
5870
2945
85
442
973
5693
544
4521
5718
2506
3912
2471
2722
1176
914
3160
3388
4514
224
1169
3681
2540
6834
1590
7612
2294
7240
3503
5368
2006
7235
4331
3761
542
5725
3619
4861
14
2511
7683
5628
6535
6203
2919
5432
7390
5077
1737
822
3749
6045
3569
3883
2961
1891
4163
1005
1070
2328
7483
1171
1079
3184
1893
56
4857
7183
6020
5854
3435
3016
4753
7043
6708
7238
6951
5259
4972
5061
1998
1027
6051
772
1111
4997
2049
1429
2507
5677
7237
5815
1618
4852
625
2185
5302
4957
7696
4602
4868
7110
306
3245
7453
7566
6511
363
3631
474
1135
6109
2984
6280
1134
3686
4228
3838
6228
3573
1856
7330
3124
3173
4616
5400
5812
5622
7151
1342
3669
4451
6745
1114
1325
5613
3595
4439
1859
1546
1156
525
2909
74
4879
7579
928
5518
4406
717
4917
3338
2797
1797
2841
2512
3956
623
4275
5094
1494
5063
7686
1105
7616
4757
177
1769
1539
7278
2277
1911
2076
3272
6965
2572
6472
2337
2154
6108
7228
5121
620
5890
147
4219
286
6954
3932
2723
45
7603
2504
2418
2105
3885
7438
7136
5260
4273
5924
2873
2669
1099
4924
2202
5080
3680
1518
3358
6781
7651
1464
18
5921
5479
212
4681
856
4165
852
4842
2912
2335
1215
3915
4034
6776
7531
3818
3623
2630
6557
3901
4064
1950
3404
1035
3100
7564
2651
1597
7020
1270
3153
3033
2619
7252
1260
3123
6266
3659
2231
5295
663
1736
1549
5187
4889
2187
7210
6113
2132
3158
3193
5083
4584
5926
1174
3230
4441
944
1500
6226
2792
3863
392
3395
4007
880
4166
191
6769
1983
7239
937
4848
6309
7359
4182
2354
3946
6419
2257
5746
2352
2125
1916
5822
6293
1835
6491
2040
7475
5194
933
6129
3664
5970
6861
3140
1327
3168
5033
7455
2024
3497
6482
6536
6166
236
6604
2456
3309
4676
6973
7444
7625
2776
2709
5863
3803
5245
2861
5101
1978
1514
6985
3356
6381
3947
4657
3260
77
1652
6611
6967
3136
3079
6977
4784
5619
2258
5794
5073
7561
3579
885
2330
2246
6101
1974
3412
6230
4855
6213
6448
23
6744
708
3417
1329
5021
5900
6533
1925
7064
214
6466
7595
787
543
6252
6244
6320
293
73
4897
7442
1226
6111
4758
4434
5208
2181
6208
2948
2584
6033
4339
6927
6258
5743
4349
2443
412
2112
1557
4203
5522
1963
753
7111
7162
3116
5866
0
3884
5549
6990
1370
6191
1999
3170
6099
3527
3610
993
683
7065
3119
2623
1081
5655
6222
6112
1423
6269
370
463
7260
7658
2226
5488
6172
4833
1218
7216
2407
2526
6885
3539
2736
3110
6352
5460
1415
7290
1676
1049
4454
3259
4033
2732
6373
5081
4317
49
4476
2082
4919
5687
7693
2491
6701
1264
5454
3127
7243
916
604
105
2647
5698
6934
352
6144
5120
358
2829
6702
3274
810
3249
4639
5133
3050
266
2289
2237
1291
3187
2866
5020
742
4233
3102
1301
5753
6431
380
1845
5185
4728
3905
3202
7350
7445
6929
5700
6890
495
2933
1452
4874
5036
5652
2311
6613
4252
2882
4073
1288
2318
3041
3196
6118
2384
5510
6291
7682
2547
2419
4212
7417
1290
2198
5659
2610
163
6774
6926
4916
2399
4244
4445
2520
2235
2044
1979
2652
136
4109
4060
486
1575
3843
7431
3925
1754
1197
3902
3357
527
5171
992
3861
6665
1671
4195
4700
1613
4915
5629
4670
7222
5562
3907
7458
1537
1809
2464
6284
149
4144
1633
6186
3345
3826
6412
1566
3448
6888
1844
5012
5724
3425
633
5975
6170
7488
3974
4292
6860
3857
7280
1340
1582
3779
2631
5128
7167
1574
1686
2291
403
3068
687
1954
2876
2928
5976
2545
5525
5820
4222
5807
4577
682
5110
5125
7308
605
4086
4743
5441
3218
4733
4752
7344
819
3768
4152
4089
3185
5597
2304
1292
1713
3262
4759
5277
4438
7295
3325
1515
5945
2426
4871
593
1321
7307
4415
4087
3918
4389
6605
6241
590
7247
4592
3069
5611
784
892
6839
4571
3672
6677
482
6943
5814
7199
276
6140
4724
6232
207
3989
3310
2050
4969
5833
2111
7341
3591
1492
6173
555
2316
5316
2453
6509
4632
4651
3045
2779
5885
7143
283
4665
2527
5223
3613
7190
3842
2633
2093
4696
3682
5817
6763
2700
1404
5590
7303
5161
6031
825
1283
4982
3512
7372
5548
1257
7473
726
1495
4154
319
5212
506
7096
3214
3743
5328
1822
1346
4569
5438
5046
7304
2760
1501
2449
2519
2423
5520
5109
5139
580
7485
5958
6080
919
1277
3819
2943
7456
7178
823
6607
5969
5363
6167
5944
6632
1985
2960
4239
6444
4012
1146
3373
4333
3505
415
5713
4726
6294
3273
2726
7099
5388
7012
4486
7538
3624
4938
4714
5203
201
7380
5734
2039
1761
3453
2482
2095
5047
649
6592
277
6992
5418
2916
4198
483
7155
5304
4591
2532
435
1918
6705
5636
6958
5727
5980
255
7357
5537
5766
7176
6481
1894
1228
5573
7179
6210
322
2834
2102
3410
5340
5264
7430
942
5798
5780
1123
5240
2605
1779
3211
7474
7647
6538
5241
4566
245
7208
5536
4710
429
7042
5872
5632
3081
2743
11
5667
4953
6388
639
4388
1319
2107
6024
4338
3968
7560
6130
1007
1118
7443
3439
5331
409
1348
5292
3164
7225
2826
6263
6539
1637
6379
1359
4151
2677
2705
5463
2209
3983
4925
969
3483
5100
2558
3808
5827
2322
3634
6540
6995
2774
1846
1061
5138
5507
4371
1772
5943
3714
5715
376
7236
3385
4539
7191
781
1783
4005
3727
5791
3331
1141
5748
6354
3553
534
3522
2241
5005
6341
4588
4173
449
1107
1322
4847
3985
3874
7435
4397
3384
898
1840
832
5397
5205
6867
5730
6983
7565
7416
92
5708
1470
7203
4826
1768
4901
3545
1392
2845
3600
4327
3938
5408
7117
3051
1751
7695
3521
2493
3606
1362
3457
2058
140
2701
5998
6503
3839
5737
6287
3580
364
3608
1129
738
1784
271
4450
3518
3369
1544
2721
713
7505
1724
2442
5991
3152
5673
2811
4392
4105
4460
522
7030
5639
7185
6542
82
4202
2109
1507
7261
5326
20
2941
6050
3593
643
5499
2007
3054
6806
1810
619
4942
476
2018
2761
2341
1078
658
35
2404
1834
4014
6854
4531
4045
5282
184
5774
1708
3790
7202
4335
7556
7705
5618
6537
5913
1734
7387
7679
3078
2435
3855
5830
298
7345
3951
4481
6636
1018
1572
88
4031
5076
654
315
1269
3817
5884
1664
2490
5855
7461
1232
2996
7481
3772
2478
4419
4309
5845
4135
76
1259
2999
1878
938
7154
4279
6116
3645
5348
6767
3504
5263
4930
496
479
7539
5190
5043
2278
7088
2250
921
5098
473
3927
519
7285
5392
268
1625
3910
6816
7320
5796
1592
1759
249
7100
4638
3036
6788
3486
3973
6440
5350
2207
4480
5550
6009
173
4804
5797
444
4798
6964
6089
7653
6917
5322
3520
7077
6828
7493
7618
1832
6318
3774
6255
2657
456
5839
5357
879
6376
3517
1310
2028
4099
6534
5579
2020
6016
5493
3734
3314
5790
1306
1434
7582
5268
5467
4170
1187
2189
5141
5219
1222
6216
6334
1957
369
4357
3239
1446
2970
3103
2379
6722
4178
1023
3494
3916
1707
967
2321
4624
2380
558
6212
6492
3753
621
1562
1383
7078
4326
4888
1661
3656
3713
4744
4191
1685
4110
6437
5425
2747
7055
6887
125
548
1616
5370
598
3509
6259
6526
634
2249
1237
4687
6292
4685
381
1876
4176
763
5176
2531
3615
2559
3880
4971
5927
100
7451
6876
4142
1022
3564
4139
811
3431
6643
1946
4131
4642
4402
5027
7570
4126
2769
2751
7627
2621
5551
3282
2836
270
4286
1733
3802
7251
3799
4615
6189
1901
1353
2180
468
2487
6792
2459
5974
3073
1786
2711
2461
6517
5557
2488
2061
4608
1004
7600
5229
7279
2598
4188
465
5585
230
4482
1430
3343
1701
2995
6811
3227
3540
2339
5864
1307
2056
1813
6571
4384
2585
4277
7575
1481
434
4892
1303
924
2696
4167
4964
602
410
1927
2010
4104
137
3844
2121
531
3525
1782
3805
3391
6766
5079
3981
2768
5666
2319
1157
3837
7654
1249
2466
6058
7267
7398
2766
6017
2577
5445
3145
3806
6413
2931
2066
6059
2578
4227
4737
4751
3408
2402
500
1509
2217
258
4489
5457
5198
6591
5042
2563
7378
3481
6253
3148
1396
6805
3549
998
5246
3576
1542
1063
6600
4648
7128
6936
2616
1394
6568
2331
3344
3585
3824
6147
6150
7255
5609
3442
5417
1382
2069
3308
2539
4761
6800
5857
3035
2900
6662
752
1678
252
4226
5856
6307
411
209
6566
6852
646
265
7263
1980
2576
2015
6149
5967
5615
4070
4036
918
826
1013
5052
6544
2524
3816
7286
4027
6421
1361
4720
6795
4783
2299
6204
5841
1650
6642
2083
662
5919
6770
7205
5776
6645
5844
1272
4778
4479
1798
3612
3098
7540
5091
6185
5411
1902
2579
1482
231
7450
6456
3361
601
2368
3066
2263
2470
1406
1790
1836
5861
1555
2072
4612
870
3468
4372
2433
4051
680
5475
2644
2901
7294
629
1746
974
6779
7621
2851
182
5301
6870
3769
3398
7470
1935
3886
936
3018
1687
3835
2200
2784
285
5640
7131
3427
6637
821
1196
550
3206
4635
586
3590
210
5339
2772
4680
2364
2495
3180
6489
1658
3895
5461
6528
7265
4129
4600
2729
6495
6454
1583
4962
6251
5935
3229
7184
5271
2087
7150
997
2891
3730
5293
6602
6279
6559
1282
2165
671
3192
5436
6396
1208
4523
7347
6199
7198
3076
1014
4063
1468
5029
170
5253
1924
6274
2346
6547
2430
2387
6572
5039
6558
2067
1956
1944
5787
3939
3381
1182
1521
1644
2903
5197
783
4194
1919
6718
5892
5601
636
2582
7510
6432
4631
6414
3166
3975
5707
6809
459
7541
5188
4425
2136
3559
4671
5008
5237
6070
2522
3640
6369
1682
4542
2672
2843
1926
3043
5568
203
281
2184
5694
4352
3000
2156
1648
5681
3993
5496
3284
2606
2908
818
1245
6850
3441
2565
6018
7158
360
6114
5116
2704
4939
3169
7655
1994
5136
6608
7421
5515
50
5300
4254
3992
672
2296
5987
2795
7352
4948
6299
1679
7534
6169
5235
2543
3668
3641
1180
7542
2448
2683
7231
5491
834
7494
3007
4643
5351
7469
5738
7133
1244
2640
2163
7083
4878
2248
1003
1869
6622
3365
3323
4053
2463
1280
953
5318
5623
766
213
1093
238
594
768
864
7526
5403
7605
7123
2839
6849
6105
4430
7590
2373
2378
798
6969
6691
6393
4785
4627
1883
5213
3923
2174
3940
6504
2284
569
978
3304
3279
5129
3698
2753
1955
4693
2674
5163
2041
1084
4215
3359
5712
736
1668
1289
889
2854
4587
5559
6930
4218
6789
5758
4896
81
3484
6141
4186
3446
310
668
6651
4437
5801
3077
7103
4645
2484
4322
1931
1030
1318
746
1715
1586
7363
2363
7114
5547
284
2758
6055
3
7322
6799
5119
1112
5367
1934
4230
5327
4350
6999
1092
6145
4181
2351
653
6329
807
5555
5153
7634
2431
1936
4162
7386
1230
5429
5786
2773
275
4150
2994
1851
292
2639
5645
6142
5040
4532
1142
647
4730
3186
1897
1964
4473
5617
6386
4579
307
4128
4207
1287
5167
2806
3709
930
6777
3635
5025
2954
6239
428
2968
4496
3871
2160
2514
5607
3458
4267
5258
7084
805
3658
2293
4626
4535
3978
591
3964
581
2362
3791
7672
3752
6442
4459
128
817
3094
6078
1048
1917
2798
5680
5592
1830
6848
4807
7058
6123
2702
7312
4698
5216
478
6723
945
2518
3401
3651
1640
4619
7529
4623
4310
2939
7495
2074
896
3207
5134
5
6940
1046
5594
1204
3479
1058
343
157
3246
4231
4646
3318
4234
6906
2347
5962
142
8
2915
4395
6180
1483
644
4794
6716
17
1384
6997
2546
101
4291
6436
4666
1568
1884
1115
507
4177
1912
1695
5602
5135
7467
6295
2785
5179
2374
3117
2138
6201
6505
2592
5162
3293
868
5553
1743
6115
6507
748
530
2127
6406
3059
6712
3177
6102
4432
3812
5472
1068
4886
642
6471
689
2179
4030
961
3052
4946
4276
62
3833
2860
318
5882
5500
504
963
7449
3091
2004
7039
4210
4076
4739
7478
5532
3295
3258
2094
1073
299
96
5606
6081
6282
6815
3465
5605
913
1821
2707
754
6030
4302
714
6267
4910
1642
5226
920
3662
6519
3419
4020
1179
6417
1101
7227
6097
5793
5685
5173
5087
2183
4611
2735
566
1443
3360
5426
1858
1997
5612
6478
5437
2242
4529
4362
701
6390
4453
5512
1320
446
7233
6715
6128
4499
2571
3922
2788
3422
5192
3070
5089
4435
1520
1967
2001
6076
5449
6759
7257
3708
3620
7436
7521
887
1083
4760
1460
2626
2959
1972
5963
386
70
1000
4741
5572
3212
2712
6653
3471
3611
861
4672
7353
2667
3638
5936
1172
2320
5132
6103
4537
929
5938
2220
5177
5332
4490
3004
888
7518
6194
4813
193
3278
3456
727
6725
3969
3778
1606
5739
1031
1149
4043
4884
2670
7343
6668
4550
3478
3919
7189
2530
3199
350
6042
30
4348
3349
6666
1162
3764
2988
2313
1067
4160
3614
469
7246
7707
2147
3487
6256
6025
5893
1119
1543
1314
2899
4983
400
3112
394
2013
4259
5396
6717
5428
6215
505
24
6265
5313
5320
2965
4237
485
5560
3648
6023
5287
7646
2146
2377
6932
7374
5035
4308
863
5108
862
115
4891
6407
902
3370
1040
6
7138
866
1379
3139
6583
1167
36
2414
6847
2756
2332
2444
6864
3490
7149
1116
2653
7339
151
3598
744
1742
334
2011
4559
6273
6586
5416
3327
2917
5056
4398
4495
776
2228
3510
3695
3845
6513
7
1904
7038
7006
3403
4416
6332
3759
2801
1412
3795
4354
2764
3244
6713
368
2597
774
7159
2222
1690
2853
622
396
5993
5355
5078
2675
1609
6248
1050
7589
5877
3460
345
3787
6162
4832
1076
3179
1659
2612
7373
4048
7121
288
1441
1561
1128
724
291
3462
4305
4748
5390
221
513
1632
7527
6093
2913
6775
404
2823
1842
5578
797
2699
6467
242
2032
2245
2755
1192
1683
7206
5476
1510
4006
3890
438
7218
6276
1097
796
7588
2985
2910
2413
4793
43
2468
1899
4469
3350
4093
1295
1723
2350
4712
6121
582
2103
7428
4779
1203
6593
6836
3008
7316
7212
2205
4147
3022
5011
3005
6664
6661
7572
4411
1815
4876
7116
2019
814
4507
5477
4830
3023
2877
7188
5172
1788
4914
2070
6322
1034
554
2068
696
7097
7437
5481
2344
934
3386
2090
995
60
5875
4926
6562
2360
129
5123
7132
205
1697
5992
5897
7309
4767
3896
4556
6532
2203
6296
3557
6378
3499
4214
1455
6858
1799
4096
1785
4106
908
4376
514
7106
4548
6337
4736
3252
7553
6783
2566
1158
4658
1532
1338
1398
2624
6418
5001
6152
3660
5704
122
712
7169
4820
2272
6826
7186
5964
3161
7604
3941
1907
3053
7104
2046
1949
5199
6710
6920
423
2288
6397
1541
853
1339
5010
5366
6237
2376
2144
4803
657
599
165
2849
769
1989
7271
6638
397
5834
7652
7440
2973
1880
3489
1965
6345
327
1722
4749
4221
2501
2676
5204
1906
4610
628
5353
2178
2489
3223
1020
4943
2787
6040
5084
1749
2161
3742
4340
3351
1185
2982
2457
926
5862
803
5405
7342
6729
858
3588
5717
7175
3543
4190
453
3106
5662
5030
3463
6328
5552
10
2620
1634
6515
3201
1945
7700
6818
6543
2276
13
3222
4873
2816
1493
7610
1166
6580
5164
1126
1012
1253
53
886
4121
1390
5256
6619
4704
3242
6200
6165
1564
1705
3994
5788
2594
1309
48
4644
5860
2230
6468
816
3189
4146
4690
6377
2832
1647
6570
1598
7029
4640
7410
4795
532
7161
1756
6005
87
6780
4364
4355
1702
247
7402
7049
5960
6346
5023
5840
4554
755
751
6667
6880
3135
4875
1198
3019
3960
6126
3221
7146
4041
6261
631
651
1538
6671
6564
5099
6762
3872
846
7698
4208
3409
7606
5642
5564
3876
1033
1710
3879
2182
7119
6856
1173
6761
1716
575
838
2450
3677
4788
2405
4675
7515
3163
5004
1930
2432
3507
2681
4295
7544
294
5210
800
854
3455
2091
97
1811
4541
2467
6075
1195
2053
6353
734
7519
4145
5674
6684
4526
1424
111
4184
3390
2219
1866
5941
5105
3738
6317
2149
4294
6151
4199
5067
3312
2114
1726
220
2568
1855
98
5148
7296
1752
6898
5850
6012
6435
2964
3231
964
3445
6224
5604
2223
1817
6853
4213
2697
4596
4609
4095
6249
716
3804
3952
2946
3647
5503
4975
4502
6796
6546
6202
6692
1414
2034
4719
4314
366
2588
1677
2911
3015
6137
6065
1352
5627
2283
3653
7335
7459
3548
462
5122
6581
3705
4929
1236
4313
1286
3188
1828
3087
7057
3988
4185
1825
6415
6359
1159
1178
6909
6305
5266
5000
1728
1791
3516
5307
820
6046
4046
3609
2168
257
564
5041
3737
95
7112
788
4590
5705
344
2152
2275
6874
6300
3348
5095
5587
4405
6430
2031
3676
900
2308
7492
1447
5714
1300
1276
156
4927
3868
1442
5961
6905
6673
2496
94
4977
3021
5248
312
4718
4216
529
4934
6819
6336
7460
3205
3243
3142
1506
2745
6837
4196
3646
1181
670
3233
5502
4382
6501
2221
1410
5349
1529
5214
4427
1882
4764
7005
5836
5755
3034
705
6793
2394
3271
5494
6268
3215
4265
6601
3554
5037
3563
999
959
2195
5344
4379
4980
6372
3551
55
1274
5990
6243
433
4500
3032
4366
323
1888
1863
204
3822
4637
3827
2397
2191
5516
1015
4246
2446
7397
4018
7691
2762
4576
6872
5092
4090
2641
1145
494
4581
3532
6401
3821
4029
5690
2986
7644
7415
1531
2027
1055
6877
7537
6679
7688
127
153
2781
3266
5404
2817
5664
5879
1970
3340
6785
6485
5818
5511
3621
4
7433
6897
7680
1528
1709
6842
1199
5932
300
5896
5232
491
7024
3115
4192
1422
4814
5050
3355
5285
251
5314
7471
5158
4424
2521
481
1576
4039
3715
1553
2062
4995
1941
1143
5279
5808
2317
2974
1278
3935
4116
4534
6556
5380
6530
3024
939
3661
7649
7053
1940
6727
15
5329
3771
551
3754
1961
4417
7677
5230
6510
7697
5661
1376
1273
7678
6032
4702
5399
5189
1041
4674
7576
6976
1294
5244
7377
2099
4223
1334
4251
669
4140
1248
2893
3813
1693
2925
7365
4257
1763
4102
3746
5835
3301
2918
7289
6820
545
890
2054
3261
3836
4549
3690
5598
2253
3639
6350
1268
1630
5874
1477
7306
1660
4723
5631
1700
4582
3728
1619
4374
6028
3567
3657
7699
4390
6146
1990
770
1649
6433
2314
6778
4403
4776
5675
1368
7031
5554
5430
2334
452
6589
1711
6545
7462
5653
1454
174
6289
4380
7670
3264
3887
7281
5145
1766
2523
4538
5625
5360
1991
6288
5272
6741
6871
3788
1133
3108
7409
6956
2224
3324
6225
2124
1212
4717
6991
269
406
3891
3589
3679
71
7706
4059
7607
7062
3555
3060
6978
4547
1673
3763
1335
5151
6657
1426
183
6195
2780
5939
3436
1137
2128
7059
3234
537
31
5541
6731
5729
3162
5657
7314
2920
2510
1241
7034
6465
1704
1489
4703
2166
6053
876
2575
6748
4245
4320
5695
3133
4483
5828
7571
6598
3097
4498
7248
187
2874
2516
106
6174
4816
3982
6223
47
2225
3862
589
3990
1923
3447
7035
5947
1694
3798
5423
4282
6306
709
6752
711
2477
6132
2733
2627
3962
5330
4211
2905
6351
3926
7482
6410
6270
2634
1299
4617
6629
3959
2210
7172
4003
5389
5670
6553
2366
5385
4463
6476
1623
7689
6916
4475
3001
1054
5760
560
4367
1522
6614
4746
6250
950
1594
4378
6735
1206
4846
3605
7220
5211
171
2437
1849
5682
664
7207
7168
120
1010
5433
5644
4974
4504
4931
1131
3616
6711
2808
6344
4285
595
6136
3321
5082
5254
4585
5126
1770
46
2420
6720
777
4491
1411
1886
1775
2950
6011
526
6310
1263
3009
3424
610
2679
561
6271
6590
3383
3352
458
3126
4827
227
6254
7496
707
3693
4907
4882
6496
7027
6939
3416
7401
2814
7075
93
1360
4765
4575
836
5342
6366
4818
5220
7332
996
4756
5535
1229
4887
6597
3800
235
5007
1090
6264
6004
2972
6912
960
710
2786
4375
2665
6996
2689
5309
6067
6463
3131
1261
638
4097
1317
1052
7569
2560
4108
3377
3584
2269
4738
6988
6382
3317
982
731
387
4686
2990
393
3472
3602
981
4865
5873
4711
4206
1044
5660
5651
1857
6740
6624
5291
3392
4156
5459
4695
1908
4148
2236
4413
5486
3062
6500
5104
6488
2193
6188
2553
1432
2048
332
4885
418
3155
7479
6325
7623
6158
2947
472
7067
351
1873
68
1064
3467
5773
1399
1164
6425
1328
7660
1881
6211
5934
2081
6464
121
3454
7081
2029
5671
4274
2162
4085
367
5508
4404
5143
7614
1517
2348
4856
5231
6760
524
2427
1045
5762
5584
6234
5373
3280
1019
208
3949
7674
2680
3495
5883
6441
6817
3667
3511
1425
6527
512
3086
3721
5452
4301
2706
5933
3496
2303
5749
2807
1242
5169
3889
570
1580
3085
991
1224
850
1324
1645
6301
2730
4557
1191
1125
1065
2305
4001
2170
28
7120
7432
2799
2885
7140
3544
2930
1777
2080
1190
4763
2188
7452
4457
661
3157
3286
471
2323
5589
2208
1042
2957
2803
1665
6474
4358
4811
241
6475
3814
6772
3339
440
5775
1391
6824
549
792
2116
4263
2810
4834
5610
6063
3736
1699
3733
6041
3130
206
1100
1939
4103
3565
7692
4641
6974
3846
6411
5294
7033
7282
1480
1305
2381
7385
4952
4801
1488
1086
342
829
1138
1981
757
641
6821
6825
3063
4420
4578
2141
6612
5689
413
5995
6541
487
5620
6091
7393
722
1624
5239
4583
2922
539
7259
5997
4341
1207
5391
1479
5070
3830
4200
7636
4447
3394
37
3303
7630
5543
637
1646
521
4937
240
4428
1017
2445
4984
3601
4908
3877
1367
4800
2695
2485
7061
2557
3568
6245
1629
4433
5771
6426
6883
1297
571
3428
1476
4377
7395
7230
1984
5580
2827
5019
2666
1913
5823
3750
6518
7148
83
1450
1388
1943
3006
7165
6648
4867
4603
3074
1471
7463
677
7412
1254
1088
6326
7523
2075
6084
881
1865
5633
195
2924
2586
6755
289
5113
6183
6371
6516
5650
1089
6641
2441
7000
3030
5335
4634
189
2589
2987
5523
4266
3530
1765
4932
4330
346
5831
3649
698
3316
1833
5201
5374
1193
2692
801
1444
6529
2110
5728
2929
161
6323
2963
1898
6365
4660
4161
583
5986
743
4872
577
7256
1519
2738
1951
6246
4508
3257
4332
4220
2822
640
6554
75
116
383
7517
7310
5910
6921
7622
1748
3707
4734
7215
1909
1504
2447
7192
568
4838
6362
5600
5442
501
154
3128
4815
25
5421
3405
6039
7507
987
200
6209
508
6639
7389
5227
5362
4799
2017
1611
7497
6368
6071
7552
6131
5352
782
5529
4356
3313
6462
5469
5485
3644
7135
3869
1892
5127
5759
1243
7181
2436
2365
6555
2026
4905
1397
2782
4754
2703
219
1356
5440
1732
584
3533
2388
7213
5195
4947
785
4035
5017
7533
4921
1714
4682
1771
859
4047
102
5710
2693
6367
3920
4518
1540
4175
1559
1669
7581
3228
865
7511
6321
1211
2763
3067
1631
910
4440
1402
1636
1189
5487
6900
1144
5106
4288
6423
3459
365
5832
7522
574
1060
1890
6585
499
3592
3003
1795
6634
3888
767
1793
6892
958
1458
538
7037
3011
4769
290
2793
2357
2750
4836
2259
2862
728
7403
6560
3253
1217
5868
6019
5978
7272
5566
3934
4133
1595
5719
5951
3382
2848
536
7108
2270
5182
7611
699
4158
4599
1971
3423
6125
3725
2118
2914
1239
3894
5591
2975
2955
7514
6356
1662
7413
2003
4780
3526
518
2126
6498
6618
5409
718
1604
5206
3807
2385
6594
7340
3986
6804
2089
1674
5916
1486
2573
5981
7298
1001
3809
4898
1323
3013
2389
3762
4401
6944
4369
3470
7503
6989
66
5407
2000
4134
6955
5364
6117
3933
4225
5918
2716
5222
2117
5813
6428
1380
4122
675
3175
2416
4742
2176
4319
3291
7364
2824
1850
1355
4996
431
2838
759
6196
4822
3452
7115
1312
1626
7346
5954
6625
361
5726
1336
5345
7270
4141
5912
3336
308
297
4543
6966
6730
6127
833
7338
3440
4232
7650
4647
2907
6869
4253
4250
3977
6220
5238
1969
6340
389
2887
7107
5269
395
2440
6074
1377
5686
6451
7418
4965
2515
2325
5048
611
5544
6315
3132
357
5665
3636
2552
962
1826
4781
2690
765
5800
4903
6357
1774
7446
7026
835
7557
4057
2821
3256
694
4399
6734
3755
3847
6083
1556
3461
5473
1841
244
40
1928
6784
7014
1982
5065
2570
790
6587
4325
6319
6835
5878
169
7659
6375
2863
7187
3288
741
4613
6998
3882
6497
6207
4229
6915
1617
2740
6953
5757
7321
3241
3850
5038
3831
6156
6177
3236
117
1200
4536
3765
2021
1725
3689
5142
6221
2396
1332
691
4560
1977
6910
685
331
329
3061
824
417
2428
4561
1051
1581
2992
1750
1139
7113
771
6743
3858
26
3111
6420
5257
1781
2828
2239
6551
5750
374
6331
618
2175
502
3980
199
7501
2754
7145
1302
6124
5684
6577
6685
5346
5395
2642
2977
2101
7664
1186
3987
7532
359
5789
3756
806
5505
4019
1409
5648
5114
4137
4512
2023
4205
6052
688
5118
4472
4243
5699
7139
7174
3371
354
3300
3250
4787
7223
4979
316
1675
5599
6014
3552
2998
6975
7376
793
4841
6470
4727
6106
6814
3172
1465
5853
7476
4074
2556
7562
4949
4119
4100
4864
3574
4431
6036
2008
4201
3913
139
7681
1400
7558
2983
6773
2326
5160
1395
5782
3757
1905
2356
6582
1689
3853
1938
2498
2479
2889
5669
6699
7019
3780
6311
7662
1016
3285
6617
7638
211
39
6771
7196
6644
695
2969
4038
905
7002
681
3811
3088
2169
3114
6724
1692
3701
3572
4558
29
3297
2949
3710
3793
5137
940
533
176
1867
4517
1168
2967
6450
5401
5234
4394
6073
4368
1343
7127
3037
4990
4050
6458
2958
7122
7666
5225
6389
3017
535
67
4249
4828
4462
4010
3181
7684
1153
4360
425
6049
4000
4973
4992
5747
1163
6525
4422
4032
6138
4607
1667
831
6399
4297
4052
3758
3528
1401
4464
2590
6764
7489
1885
7253
2042
7046
7137
5147
4945
7635
7425
3696
6480
5558
3542
5634
4236
4697
6347
3953
7066
5228
775
3138
5956
457
1
5519
1868
2281
1847
5424
5768
2192
1577
5641
4149
3332
7480
5706
1071
5999
3700
6933
5731
5427
1358
5582
3921
1117
3240
4839
576
2932
5465
1184
4662
1773
192
3289
64
6794
3671
3176
4280
6675
3984
2307
356
5209
6447
5455
603
6561
2372
1417
5069
3028
5770
841
5483
6408
3571
6360
562
5546
3400
1740
5265
2904
4860
5375
460
4522
5045
3182
1098
552
1108
2343
4468
3860
4042
5336
2956
5184
33
6087
3547
86
2906
7367
1096
4026
4143
4725
267
148
439
7147
6160
1104
3406
6672
2629
6719
2658
7329
7573
1552
1986
7018
6728
1819
2842
441
4941
5722
5372
2273
1853
5217
4709
557
4678
6878
455
1140
7422
7258
1344
4899
6452
6903
6873
3326
6694
6621
3697
2805
119
7157
7694
3449
5616
1413
7254
5826
7262
1201
3617
3378
2698
4284
2856
6749
5402
6333
5251
1872
243
1996
2603
7366
7543
6623
5471
988
5130
2825
6260
4465
2483
7004
1794
7069
4808
5378
373
6061
686
7668
884
903
4132
5365
7657
6595
6549
5803
7601
6950
3120
1365
5393
4370
6669
4797
7297
1255
4373
7632
1818
546
2713
6262
3330
5779
2104
4193
2562
7486
5003
7234
739
1729
951
2935
7414
3538
1148
5691
3587
2872
5821
3724
6986
762
4843
830
304
679
6506
3421
3096
3903
1357
2016
6312
2369
4520
7085
587
6654
5090
6952
6079
3957
1210
2285
6409
6361
5973
5983
7180
2684
4985
4819
4740
6383
5274
6143
2734
3823
7369
2400
2410
3729
4516
1800
4474
7546
4461
7577
6881
450
6968
2403
160
2724
181
4659
7331
3599
7525
1205
4652
3513
579
5014
4410
1688
1653
6227
1735
4552
5146
6512
6676
2744
3254
490
7095
5654
1293
114
4242
3524
5415
250
6286
2688
447
3178
3275
5736
5556
4912
1136
5155
1354
2898
2078
2173
4393
2595
617
7407
4597
4528
2158
4283
4805
2251
5761
4169
321
4870
90
3706
786
4633
5413
1047
3216
4359
6298
1666
7382
6831
1036
1213
5742
925
6343
2923
398
6739
4960
6941
3038
164
6646
4598
2312
1639
4628
1029
7419
2287
7288
3767
1333
493
3248
4810
6302
2106
6733
6395
5643
1920
3020
2892
5923
1621
7667
1457
7349
3508
7023
2211
4004
4171
5733
2282
4809
1589
4563
1326
3626
1823
6841
4501
2408
3929
2609
7583
4562
4443
3867
3089
5907
7318
7276
1599
5723
3815
3302
1347
891
4174
5930
1026
1803
5538
7317
5096
6139
6398
5174
5799
3287
4153
556
3154
1279
6584
7177
4269
5887
6015
3055
2429
5149
1499
684
1744
7568
6064
4114
3848
2159
3109
7073
5009
5480
6807
6656
6687
3703
1216
565
5842
1473
2513
986
4180
6737
2878
4580
6798
7003
4944
5247
7010
7434
1512
3810
5577
6928
877
124
4084
7141
5851
3723
5183
5379
5846
5880
6110
3387
897
849
927
1221
5946
4002
1796
2835
2710
3747
1246
123
2759
237
596
989
2551
3026
4614
6786
349
4530
7311
430
4707
4656
4386
4241
6791
262
6034
4790
3305
1341
4976
5816
1250
4262
2063
2819
1804
1947
4098
6914
2134
5369
4421
3597
2608
5825
2691
1405
3251
3673
5576
2234
3380
3268
260
6066
2993
1525
2172
6283
3040
1680
1440
34
674
3276
520
5533
4683
2503
4792
1874
5016
3820
6947
1513
1635
4768
1579
89
2591
3963
7009
1285
5431
3633
3881
6391
7704
4452
3720
6635
730
4209
7563
2548
1462
3562
5703
492
614
7170
3691
2122
4492
6434
7477
6007
5484
5658
5909
5545
1787
5781
976
4654
6483
7396
7326
3080
6330
3071
2390
3010
6700
703
3546
7645
2871
7264
2725
721
5288
4117
1706
7275
5569
732
7226
7356
7305
4115
3232
7516
3224
3167
2628
7082
2098
340
4999
2148
4802
377
7300
1730
4487
4130
2678
1593
1741
5224
4920
3650
5952
5024
7080
5595
1601
197
626
21
362
6231
4183
6680
5281
1545
7313
874
563
2108
2737
1002
3433
6021
1496
756
2804
7284
1720
5996
280
5453
112
4503
6751
1526
5255
4016
5497
6678
2157
2227
69
6446
6862
4289
2976
6479
2831
5306
5059
7379
3694
503
5769
4669
5683
4118
5663
2752
7629
4735
5517
6937
4278
6247
985
4840
1296
2855
5692
2857
615
2367
3523
3147
1234
1534
1445
1316
3663
6620
1011
3283
4677
3741
1209
4689
489
7580
234
5574
6640
3909
7468
7164
5032
6945
6182
2879
5283
650
4300
6522
2708
4407
63
5889
6416
190
134
2937
2554
4506
5810
676
4963
6218
6029
7098
6650
2151
3840
5498
3307
3379
1558
6857
4851
5093
3418
467
7578
1570
3506
6575
3146
3255
665
3583
547
2279
4303
5064
6596
1349
3782
3430
5131
1252
1407
7041
1976
4620
3892
4782
5901
6902
3944
339
7370
3898
2260
6893
704
5678
6938
4344
2155
5323
6904
7567
3363
5635
4699
198
4829
6563
5891
84
6022
4449
2770
6688
7040
2886
7549
5979
5115
3744
5571
869
4511
7217
1612
4189
1271
541
162
1802
904
2739
6907
2232
2508
1516
3414
2469
6630
860
7241
3937
5957
2637
4890
6380
5280
475
5386
7355
7368
4766
5540
1267
5894
239
4701
6908
1235
3225
3870
259
6364
1484
7383
882
1814
7244
6548
336
3048
188
5124
3191
6385
2777
330
2790
4342
4935
970
7333
279
7093
6923
6242
3194
4414
5068
4594
1453
977
899
2867
6918
3998
5347
4446
2599
2452
795
6579
5383
3630
1511
3911
6935
3965
6695
2266
5406
3049
6628
1839
466
172
3537
6235
6082
1435
6400
6104
7071
4824
104
5917
4774
5778
3149
2587
5443
4668
844
6830
7086
5492
5859
6919
7021
2030
1219
5688
3174
3492
3047
5847
6813
3476
4493
5088
2142
1127
384
3849
4994
2077
6609
1375
7301
3536
1764
4715
6090
5196
6573
5732
4772
1102
3674
7193
421
335
5361
7221
3834
5567
5233
740
385
6520
461
1801
2327
4694
3237
2731
4111
855
6164
6096
6499
1472
5624
7404
4164
5062
1474
2481
3159
893
2500
7051
2847
2926
2870
4235
2411
5022
5377
6006
4299
1533
5054
4136
4572
1745
923
3299
6674
673
6003
6960
256
4436
5931
5305
4913
7675
3904
158
3342
3491
3875
3263
842
3789
225
2002
4786
3443
167
6217
133
3235
1427
4837
6552
6240
6863
355
630
5186
2139
5805
6285
3851
1194
5191
3107
1914
3290
4268
4306
333
5337
6948
5784
1188
2569
7013
3632
6056
5752
5795
523
5966
470
720
7466
1627
7586
5317
2809
5075
3319
931
4470
2604
4691
932
4009
3482
7585
5772
2719
3396
4049
6768
5530
4224
4649
3655
3144
6449
7334
4080
1006
5275
5031
7701
2406
2895
4732
1231
80
3781
3692
4812
2123
6896
2767
3328
7299
5899
451
7070
7690
7249
5539
4593
4125
1032
4773
3906
44
4731
6738
3027
7274
311
1993
4692
1527
1505
1952
2611
4466
7052
1721
2555
248
2549
7530
4075
2393
4094
2475
7550
7504
6429
5858
4068
799
6159
4287
7182
3219
1059
7125
6569
6107
7351
5215
5419
3581
295
7171
427
2051
6970
3296
7593
2812
1960
7362
5097
5434
4347
4853
1085
7628
4312
6069
2458
4204
1684
2685
7017
3084
6219
7348
6865
5531
5057
3113
2238
4024
3716
2662
4567
559
3129
597
6060
737
2025
233
7703
7555
7209
7089
4272
1966
6422
5490
7592
1025
6631
1062
4877
6879
6961
146
1767
2079
5464
2137
155
2796
857
4488
3732
607
1831
789
5242
2580
1554
7408
4442
4956
6703
7007
6721
3967
1778
4618
1266
4775
5561
2268
2229
4987
4706
371
6588
6758
948
4458
6922
6875
1330
6946
6686
7400
1120
5955
4961
4880
202
141
6747
6047
6427
778
2302
1895
5111
706
4789
7509
6782
729
4729
608
1615
3841
488
7079
3402
3056
6647
2497
6753
2757
4157
7156
3566
2859
3057
6709
2290
5593
445
1150
7591
5451
2057
3065
4044
6477
3652
5647
6615
2371
3197
1620
5906
5583
3972
3622
405
5495
2940
7302
1608
4040
5462
1563
7045
3582
3751
1497
5218
3269
2480
660
3770
1449
7015
6567
6077
5156
5937
2361
5697
965
3966
3294
2618
1738
3950
5904
5356
2951
4750
2927
7394
941
2535
2789
432
6068
6229
3315
5319
2014
6424
872
510
2794
5501
5871
5157
5478
1110
6358
7194
3556
7617
4448
4396
2085
5777
5243
1438
2850
515
3200
180
6801
7242
2370
2071
693
3333
1247
6272
7457
4663
7665
1753
3320
764
1638
7548
3665
2746
6122
6163
5948
2894
4854
2645
7268
3766
2486
6827
2643
4589
1075
2244
7076
2409
1069
382
4256
5447
309
4527
7547
5074
5450
5072
3825
4345
4791
3604
6736
5178
6610
5359
42
347
2574
6603
5422
994
7324
4713
6942
6508
5482
5394
1937
302
4716
480
6681
2086
2655
2052
4859
4069
4281
1703
6154
5959
952
2047
1202
1467
1789
4353
5297
5905
2800
3265
324
1275
528
3438
7500
4423
2
2088
5311
320
2783
4893
264
1889
4101
6133
3670
228
7464
6193
2298
1848
815
5358
325
2846
1313
2868
758
4745
6038
4329
168
7124
3719
7506
5528
7491
3717
678
5410
907
4601
3464
3948
5783
4264
3628
7048
2255
7602
4172
1717
4586
5107
1498
1095
2398
407
2345
7092
6886
3247
274
1524
5676
7044
5290
4061
875
1403
3618
150
2544
7687
1304
6236
3776
1929
7273
2092
4391
3760
4515
1066
3466
5988
955
7599
2474
6891
1175
4365
5166
7388
7619
2687
6494
2113
2942
780
3683
498
5276
65
1602
7032
3220
5672
4881
2120
3586
1757
1879
7094
1829
7074
1780
1109
3411
6439
4966
