570
315
708
175
10
516
301
154
143
217
0
694
695
297
578
156
621
329
170
653
397
449
408
523
699
204
357
195
162
717
319
112
366
714
522
274
444
168
639
575
73
113
186
4
642
260
336
483
448
240
490
636
700
110
63
99
55
701
117
137
37
410
370
23
659
109
26
711
721
299
197
530
16
241
348
426
713
298
480
422
384
451
32
417
381
614
352
176
506
635
556
475
555
194
251
698
361
677
51
400
536
492
533
705
353
409
617
28
637
609
338
235
590
155
38
424
722
355
406
135
643
33
671
390
652
476
221
295
69
172
14
322
663
673
36
434
485
479
686
89
689
96
82
300
351
568
430
587
205
620
646
147
582
517
270
193
460
305
166
392
453
8
146
47
462
638
416
520
153
324
275
672
242
420
374
562
542
450
278
350
396
439
369
80
30
304
210
601
702
431
159
249
67
364
459
433
101
579
272
284
461
378
502
507
593
592
335
122
544
600
591
86
535
662
285
102
196
280
513
377
136
48
679
238
660
463
559
271
309
3
720
39
207
723
104
379
219
263
311
365
224
452
557
394
398
436
349
332
60
345
265
626
293
665
190
79
373
119
103
236
683
504
629
488
425
292
419
267
607
243
678
548
126
473
53
64
391
213
233
478
9
561
231
499
464
151
209
342
588
650
92
288
610
65
500
649
42
441
70
228
1
528
182
466
214
631
120
647
445
389
622
563
123
62
383
58
467
432
496
386
124
183
540
303
553
519
302
35
442
372
573
281
200
169
602
144
262
657
314
624
316
66
456
49
20
455
127
116
174
100
81
402
11
363
619
152
339
486
489
327
277
545
703
529
40
692
440
508
572
493
367
198
564
12
142
427
604
257
574
31
88
470
229
704
598
237
632
687
393
405
253
93
78
306
603
550
167
630
317
244
521
321
356
676
6
310
337
628
83
421
215
447
674
706
22
527
325
385
412
547
524
234
606
546
414
415
294
160
125
359
670
181
640
191
599
569
283
668
75
340
21
54
605
618
682
484
583
15
581
567
269
114
458
328
375
346
612
334
150
192
560
558
407
239
27
189
648
313
323
208
138
141
724
655
320
380
654
268
2
696
46
481
487
232
651
613
184
411
5
225
576
688
220
525
633
131
712
180
627
107
697
133
543
387
19
286
443
437
118
130
85
173
616
615
171
526
403
230
247
261
446
202
685
594
34
716
690
87
29
498
656
50
95
333
341
585
360
471
308
115
503
565
71
625
554
44
675
18
250
343
362
45
216
128
474
518
667
645
719
273
623
382
255
25
108
266
72
206
595
371
264
399
597
707
179
669
279
465
17
164
218
376
24
157
282
106
145
709
457
254
661
680
148
258
289
571
97
331
248
512
91
710
94
132
43
693
586
368
52
252
395
429
438
76
469
13
423
226
139
211
59
413
178
105
77
495
98
577
245
644
584
551
552
111
477
681
501
177
511
715
57
505
163
223
718
276
509
418
541
291
246
201
684
41
227
296
312
658
68
539
608
358
589
222
330
165
532
611
404
494
388
56
435
531
61
641
491
185
549
158
468
187
537
90
84
307
596
538
497
515
256
347
212
259
472
428
664
199
121
482
510
354
203
634
691
134
188
287
318
149
344
514
534
140
666
161
129
566
454
7
74
326
290
401
580
