1183
1376
920
2597
2472
1955
1014
2537
1655
316
864
1559
1584
2369
1265
293
1793
2666
1597
2511
1833
110
2130
759
841
1542
1620
529
504
139
2413
1404
1963
235
568
1788
256
1299
2283
2579
343
1502
1505
2225
645
2427
1550
989
1065
648
1543
109
81
536
353
887
1662
1321
1723
1783
2542
2129
1595
2349
540
2743
1711
1727
435
93
2091
2101
2677
2418
2200
2599
659
2476
1651
1042
677
1174
1360
2261
654
2690
1859
2646
1361
450
2221
1607
1472
2544
1715
481
2035
535
2425
268
1412
2029
446
1609
1809
220
1824
625
2593
2481
2576
786
1140
2367
1491
2378
640
60
1101
420
1611
2272
2713
485
2695
1691
340
2380
2654
1817
372
6
974
1965
1657
263
408
410
2688
2609
500
757
2733
1767
820
1327
1776
984
2174
2297
921
2218
2664
1860
1470
2431
1272
171
618
2341
495
368
910
1286
2370
1047
2429
23
2172
2636
2614
962
776
711
1165
303
2447
1031
893
769
518
373
1893
2637
646
2717
1629
482
2191
993
1725
560
2522
2488
634
427
2010
2362
1712
2204
1957
2647
2071
1028
2617
2453
2296
1059
1210
2685
1740
889
1345
2598
2324
1464
552
849
520
601
1857
626
2703
1290
2108
1592
2612
2295
1821
412
2082
383
34
1368
74
1061
2166
2259
1383
2704
324
39
142
1483
1134
1885
1959
592
1004
2153
696
1696
1226
1332
586
773
1979
2198
2707
307
2168
1884
2474
2140
1904
215
2262
1239
1804
2229
588
719
1996
855
2720
1494
695
1603
2037
1808
32
1460
577
1292
1939
932
158
960
225
2305
89
976
2660
168
2
297
2603
333
1746
1476
1738
1944
515
2273
1805
2506
1384
846
2406
1066
637
1433
2723
453
591
1968
370
1454
2397
1156
2158
2543
1787
1086
391
1923
1779
1480
986
999
964
2188
2518
1351
1874
1459
1813
2517
2339
2659
869
2360
1062
1798
1835
1481
1640
762
26
2057
2277
905
845
1866
2142
783
2482
151
812
2729
319
1050
2240
1370
1658
619
4
216
1029
612
710
519
1987
2054
1189
205
768
2222
1932
1914
1562
2112
1043
507
388
2138
2312
2351
527
1139
1377
84
714
1436
129
204
2364
2734
571
992
1861
188
1211
2087
541
351
758
320
1450
717
1641
1415
137
2220
584
87
753
1417
474
315
111
1388
494
1132
2502
377
1702
621
403
952
178
1441
1257
1363
1897
1858
727
213
1557
155
237
1871
512
245
651
248
1008
1818
1693
91
246
1303
1848
983
1200
451
2386
1072
1719
148
38
1917
2357
2081
119
850
1482
96
1150
1753
972
1576
2145
364
965
832
1947
1937
2602
1277
455
167
1886
2055
1685
823
2459
2373
1048
2253
190
891
533
1667
737
1567
447
2736
2527
271
1094
338
1870
200
2067
2575
570
705
1246
1852
1291
150
1814
1756
749
948
2047
630
2420
2382
579
2566
2724
484
1901
1238
2656
840
1036
1228
1803
1151
1549
458
1958
2448
2119
2387
90
77
1777
1242
2036
1177
2090
1107
1540
400
2363
1579
120
417
1648
1003
2123
1252
2421
2693
2444
332
548
2150
525
523
2631
1527
743
764
2547
270
1393
517
1245
1984
2495
43
1948
1751
1786
2379
627
1023
1633
1952
2563
2333
731
2623
1895
2096
2434
2088
1942
1534
1631
1757
1668
1155
735
323
834
1268
543
734
1761
349
2303
1196
1209
2485
1215
31
2530
2114
599
1413
1324
1610
255
564
1147
782
578
2326
828
1391
1002
1831
1382
1371
1816
452
2689
1049
97
1251
2725
2118
1340
709
2232
1634
2124
585
882
1129
1343
2097
1105
2289
1463
282
92
1440
2694
170
2483
1298
1951
253
2554
2504
2590
1300
811
459
1247
2282
1877
908
2207
2468
40
1373
2462
162
2630
859
2407
549
1650
2043
2179
663
836
698
1616
1462
2620
2567
1990
508
967
1194
2475
939
1664
2641
2078
2187
219
231
50
815
2268
2098
1737
521
2560
2313
602
2436
132
1224
2131
449
1622
440
1341
335
22
1791
1168
1760
181
2238
738
2161
606
1795
1408
1248
2139
678
2438
1574
2404
1854
147
1768
352
1853
1319
1136
1297
686
2160
265
580
140
1704
730
2565
182
1081
1956
724
2293
2155
1520
2007
2393
1237
826
953
2584
1911
1328
760
2509
1250
136
1781
426
868
1330
1933
2745
938
1182
1775
1910
1235
2323
647
1924
2291
1503
902
1314
959
1773
1490
607
2559
2233
1733
2741
103
1647
1320
2742
78
1898
467
997
2202
941
1124
2306
574
344
2508
1010
1524
2236
1721
898
2676
2290
761
716
407
852
1159
2376
2464
1654
671
1088
2052
2020
194
1448
2645
466
700
796
524
790
326
2395
522
956
532
1608
2199
884
386
2383
978
2534
367
2016
1867
2316
1185
1040
1336
966
1087
1191
2337
655
14
2208
605
668
2531
2533
1012
1780
1453
937
116
2265
2128
1621
1109
1218
1367
1613
1317
318
1357
2255
684
1128
1060
569
290
1552
1315
1873
510
1203
1506
384
313
1070
1749
788
441
126
1717
942
2141
1882
180
1743
2727
923
987
1190
1098
1516
1825
844
537
1960
1881
2115
475
1902
713
943
176
218
2697
2550
1076
71
961
259
1672
650
894
751
1509
1560
1512
2618
2372
1714
1354
667
847
509
2412
1266
457
2521
2643
1619
436
933
1259
1936
2167
583
563
2682
1365
492
1378
1907
1915
2586
63
2366
870
858
511
1127
2226
2353
2658
1850
1385
1636
20
969
2568
1842
409
1554
1125
2718
357
547
916
329
805
2626
1934
2556
1978
801
206
1855
2147
2072
680
2193
209
2633
1665
1263
665
2381
656
33
350
1293
2320
301
390
424
1497
774
1279
1374
1169
830
199
431
754
1713
2137
2327
1152
5
1220
52
2683
1698
2374
1639
1563
2212
395
2274
16
1700
1741
1726
1052
2309
2384
1375
610
240
996
2732
721
2739
808
24
991
2371
1926
1546
1722
890
2346
1863
160
2321
1844
2525
2437
15
1905
550
2110
1276
514
2234
12
2408
1764
2730
250
985
2194
262
42
1479
513
2044
2574
1587
2178
1289
2004
2737
17
1735
69
616
260
2159
922
865
2348
809
1337
401
2700
421
1471
47
1318
1380
1498
1593
1461
1492
1745
387
562
284
339
833
888
229
183
330
2347
1231
468
2134
164
1019
2405
2493
1900
1642
2361
968
294
1496
2008
1975
21
810
399
1530
2613
2319
2165
2249
1103
317
434
879
2246
2217
1118
472
325
1039
2619
539
988
566
1660
917
674
2671
122
2513
877
2698
1451
471
1148
1716
1624
741
1868
2433
2610
1606
2555
798
1828
2589
2294
925
2545
2170
2041
1443
2716
1912
2715
2596
1918
2046
159
1342
1311
1423
1035
196
892
1707
25
1586
2561
1110
1747
2681
35
2402
2541
2242
429
1518
2120
8
2580
1068
1469
1034
681
1407
2642
1551
1774
1635
311
2622
2632
1514
970
1686
930
1680
2288
2519
2203
2744
2269
1057
1630
1285
177
1046
1201
2441
904
2514
1347
1009
723
233
1585
2628
745
165
1056
201
258
1192
298
2668
2260
697
288
1838
1682
2678
1021
1428
2419
382
878
2726
169
2648
2377
994
2059
224
1079
1083
2162
944
44
1839
1742
1225
314
273
2214
1005
328
2062
1625
1153
304
2058
425
2258
1131
2410
1729
2334
72
1627
1526
430
1521
2075
191
1309
1953
1797
572
1092
1442
2692
2209
1820
2030
2264
1544
598
134
128
554
402
565
1935
57
211
1381
397
1253
1449
2450
1316
1017
1121
1582
2751
1718
1146
1038
1666
739
2281
166
2454
1580
2486
423
1673
2577
261
1892
203
936
2562
555
2358
1284
909
2512
600
1484
232
2529
928
2105
876
125
2275
661
1302
2211
827
534
1485
82
448
2018
1346
392
2684
631
1949
874
476
722
2322
1173
2691
1240
2184
442
2491
1590
1197
1708
153
2224
1801
2345
791
2286
1695
2501
1683
1694
2342
247
2428
83
267
2113
489
1427
940
1054
1339
2487
1946
432
530
443
1656
1921
1734
1090
2456
2033
1416
1832
1334
252
839
102
2480
2719
1430
831
1282
1531
2196
1533
779
642
2015
2738
1720
2451
1681
1705
1997
396
1331
2644
1710
1600
817
113
1073
1170
1930
2423
121
1344
740
546
2498
1414
2585
2424
1244
185
603
2747
950
1145
1022
693
658
2086
461
766
613
1234
516
374
1379
2181
901
73
2022
1230
2705
1961
415
2045
2308
2183
1943
1940
1759
285
1889
1405
345
935
2457
2470
1583
1548
1638
2173
1013
1913
1916
1887
1851
800
202
2104
51
691
2040
362
1954
775
118
1032
1325
1837
777
331
1769
62
2607
2415
1967
1535
636
807
1827
1922
1395
2478
1274
2748
1598
2600
1782
88
2616
1091
2469
1187
694
1883
911
327
1392
582
2073
342
1565
2143
48
1819
1679
2390
792
179
289
131
114
1553
1588
819
857
2539
1437
1891
36
2014
2271
1418
1270
212
1425
614
2251
1115
1053
2092
1444
1179
1806
1167
501
587
1275
726
79
433
2048
683
161
772
37
2515
226
611
2146
2186
1800
1999
1273
1099
1294
2318
1006
1539
804
13
821
371
863
2557
595
995
756
123
499
1064
1500
1401
2368
2100
2213
152
660
272
1547
334
1970
366
2028
145
1972
2304
990
1400
919
2042
64
503
1141
1269
784
1982
1055
1976
2523
854
300
2156
1307
2399
1457
1571
2084
673
958
2111
1612
1841
2439
2244
49
341
825
1126
1495
1071
2551
2243
806
2001
2215
1652
2445
1078
2655
2125
2394
207
813
2426
1007
633
1
1193
1909
101
1154
1812
531
506
1024
1840
479
1429
615
2216
223
2228
2669
1333
86
763
192
1186
1254
496
398
2336
2102
1386
1880
1684
2583
1731
2389
1133
1355
1748
2093
239
1568
1236
2354
2311
945
1628
1069
1308
2280
1872
2063
2635
2621
744
799
1213
747
249
1744
58
1697
1876
2302
2714
1692
2573
718
2670
2230
1864
2206
835
1980
1920
305
1602
2136
1802
704
2026
1176
439
2027
2460
2581
672
2753
573
1356
1977
59
2205
1474
2578
117
418
1675
2417
1348
692
2034
2651
2151
1178
557
2652
3
1596
1424
2094
208
1113
2528
19
2440
156
949
460
706
2149
493
2634
1772
2248
1575
1878
1135
2458
41
7
438
266
2661
1792
1969
279
411
1041
829
1962
1188
1836
286
2546
2237
1701
590
1478
1834
1488
622
2708
2696
816
2019
998
2639
2359
729
1431
2640
222
947
1538
299
2195
1529
742
405
1204
2672
1941
2401
567
2197
670
2239
2189
95
954
1114
1216
1406
1104
1528
1466
1271
1283
843
1993
2535
2263
701
280
544
483
1556
1669
639
1618
649
2307
581
1501
154
389
669
1856
1778
1875
2310
1706
2435
675
664
1018
1217
497
2385
2049
2503
1112
679
2070
781
2601
1030
2065
797
490
1992
971
699
2416
2624
269
2276
2175
2245
361
2588
2569
444
1736
736
56
437
30
2649
375
1653
657
100
1037
1671
1985
643
1195
2516
596
1938
2284
1522
1577
2331
1515
641
376
635
1171
715
2391
746
107
896
2256
189
934
2572
542
604
2099
2494
1468
2731
1095
2536
1789
1849
2356
1899
2375
236
2135
2121
720
1475
1807
2025
871
2080
445
1267
173
2210
1486
750
780
175
556
2570
2000
1229
477
1262
2192
1075
1438
228
254
66
1322
1699
1243
1116
1644
1420
1335
1011
242
1338
652
1130
1928
404
2355
1676
1122
789
899
1594
1352
1160
1045
2430
380
1323
85
1974
2673
1214
470
355
2250
2122
115
2330
2442
2270
2247
1142
163
771
1601
2422
2257
856
428
1181
1537
2152
2176
2032
1564
94
1925
1626
1390
785
46
172
2148
1569
963
752
1879
1206
1362
793
143
2340
2009
1456
1261
662
277
1353
1100
241
770
2662
1981
1663
2133
1369
1754
1525
914
1799
1394
2056
1572
2629
0
363
1637
491
918
76
75
794
502
1823
1555
18
2449
1796
1157
862
1661
2116
124
1659
65
149
1467
195
2398
767
463
977
1499
138
1304
2350
2171
2540
1570
381
2064
755
2011
1998
982
1617
2627
623
1255
413
2489
1507
197
2164
358
2235
872
1097
2021
2315
1770
608
2467
1208
2254
1604
1077
480
1117
2300
2657
2674
133
454
2463
787
1784
1519
2592
1102
98
2132
1387
2595
292
369
2477
1591
2006
1212
1198
2076
1349
1906
1093
2473
1724
184
1843
1964
1389
406
2414
1989
609
860
1397
2267
2223
1752
2558
1162
2471
2278
1421
795
2505
2024
2749
2653
689
1163
2687
2615
230
2461
2157
488
1313
274
1175
1223
2013
2746
1051
287
1510
234
486
1359
1966
900
2479
1517
1143
210
1149
9
1233
302
1523
1301
104
708
462
130
2077
1219
2754
2750
1111
1929
617
1589
1310
1508
1703
975
866
456
2499
1082
2604
2266
545
243
907
1545
1258
2287
1623
2227
1439
2365
2667
2466
1249
2712
1074
1728
1358
707
2605
1511
251
2185
1762
336
2587
2721
732
2107
378
2039
2532
638
551
1364
1016
1288
553
2163
498
465
1677
1281
2299
1869
2060
356
688
1232
1452
1815
1513
1558
264
198
1931
528
1458
2403
306
1919
337
214
1411
1945
2465
2492
561
1908
765
2117
897
2219
321
2344
1473
141
2411
1790
576
1084
1894
915
227
2066
2548
2728
379
2061
1119
296
2038
2002
2298
419
359
886
2679
1123
193
594
55
1758
924
2325
2608
2231
1862
1646
1033
629
1771
822
2665
1504
1434
1599
1865
1950
2553
2710
2594
1138
2611
238
725
1435
1164
2571
1410
1227
1419
2144
70
1447
2329
1730
2446
980
558
2154
1785
2103
1180
365
2702
1826
593
1615
187
1166
880
127
728
2089
2443
1329
2549
2126
2510
885
45
703
2109
1732
2201
1372
1264
295
628
2292
1541
1202
1995
690
2031
309
68
2127
2582
873
2301
1986
1067
644
867
838
174
1403
1295
2332
1256
80
912
322
851
1988
1001
895
2396
2538
1829
712
2699
2709
135
2706
2409
2068
1085
217
2051
106
883
927
310
1674
2317
2328
1280
848
2180
2722
2338
2520
926
951
2106
112
1687
1398
2074
1532
1137
1890
2500
464
1794
1161
1044
575
2625
312
2452
1847
2675
1096
597
973
1080
1670
913
2663
1888
1287
842
2400
803
1566
2711
2497
1973
1709
1688
1903
2455
666
2680
687
1445
1205
1422
2606
2005
2023
2686
281
2735
1312
2177
1306
1455
2392
1015
1487
29
1222
478
1678
1305
1350
929
1199
1649
2490
559
27
505
685
2083
2701
2095
1763
1994
1409
1207
861
1561
526
979
2591
2564
144
2314
1144
931
244
1296
2085
2285
347
1750
360
1811
957
1536
473
1172
99
393
1108
108
2190
67
853
308
2352
1846
837
278
1020
1027
676
903
875
1446
653
1106
2388
2343
186
2484
1581
487
1573
620
275
2252
2496
2752
1184
1983
733
1326
1690
2526
2650
1260
54
1643
1241
818
221
283
146
257
702
1489
2182
955
2432
416
1396
394
824
61
1366
814
157
105
1632
2012
2552
589
748
28
1278
981
1465
2017
1000
2069
2507
2169
11
906
385
1755
2740
1614
802
1426
1991
2079
632
346
682
1221
1822
1765
1830
1739
2335
53
354
1399
778
1927
1402
348
1493
10
1432
1896
2050
469
1477
2638
538
1058
276
1025
2279
1089
1689
1605
2003
2241
414
881
1578
624
1810
1120
1845
946
1971
291
1645
422
1063
2053
2524
1026
1158
1766
