152
792
443
1290
347
1269
1175
1230
1013
234
164
643
1251
1124
972
208
1176
816
969
1222
193
648
786
99
808
1369
738
1108
837
1228
555
880
484
1063
434
995
513
307
487
190
1046
1308
1380
180
1037
66
938
1136
599
1280
305
711
424
406
108
842
280
7
981
1149
604
1215
462
1198
974
1073
287
768
519
1111
1126
1060
1229
1092
940
1254
763
326
212
661
548
1072
743
162
278
1079
746
1235
245
854
1259
611
696
452
1329
1359
606
719
207
367
72
564
80
587
575
38
451
1351
531
128
620
901
967
1373
263
569
846
469
1296
1385
1067
1132
538
1349
562
1011
672
1157
25
1240
329
82
255
825
798
627
213
1179
129
1016
733
1004
44
609
540
1360
1273
327
386
1343
1257
685
1287
1325
524
833
1401
107
250
1236
149
1319
621
1123
115
303
821
1252
1119
716
53
5
363
1340
316
859
311
1112
249
453
593
1150
987
182
755
1322
718
1339
1368
667
132
1049
631
366
1231
490
46
1281
534
306
216
954
561
908
1245
40
800
322
445
554
849
133
1097
56
1350
923
117
827
1
1121
455
866
1346
845
264
167
271
1138
1054
1384
949
701
461
791
1216
261
805
673
50
273
636
362
1264
678
717
155
936
931
983
1383
1390
237
607
1008
1284
927
328
1223
1184
693
615
1052
33
345
432
19
203
986
1045
929
1250
390
1071
1332
529
480
1040
37
1143
865
141
301
440
639
1137
511
635
414
47
1007
272
67
977
616
429
437
400
1183
1122
761
838
572
291
515
848
760
6
218
1210
759
675
1014
822
1158
492
952
829
417
1387
1087
690
210
1127
42
131
242
605
883
171
594
905
283
241
1202
477
1404
502
921
864
338
87
433
122
585
641
727
121
946
835
737
1341
26
1197
475
1096
1244
93
1237
246
1407
666
873
1153
889
536
618
275
551
796
420
812
899
535
1078
1260
430
100
1093
657
341
814
104
1336
650
794
29
710
680
495
1234
385
699
747
1224
708
608
957
630
1188
537
243
102
578
839
770
1285
137
804
1036
79
106
238
358
926
219
906
127
189
689
365
49
904
1352
941
1107
1098
925
1366
853
1299
1396
1009
159
374
850
991
421
392
319
304
1277
917
772
403
140
1221
1005
382
1317
258
629
656
1104
582
614
762
1162
1295
1190
1099
1027
235
884
114
1039
409
1090
36
1334
912
694
861
783
778
545
911
546
309
496
113
476
1141
1139
1182
1408
1160
377
1023
1061
1393
645
522
1293
920
110
119
1275
780
632
1321
642
1335
992
83
32
955
105
292
293
1154
346
143
658
1146
1070
1279
751
1363
86
154
830
1389
1364
867
988
185
336
457
638
376
1159
706
181
1326
1258
260
1225
1292
862
697
826
982
144
806
195
1058
489
412
1310
226
506
1043
1357
251
497
253
681
188
175
364
989
483
789
1358
1134
425
59
1328
960
700
1375
71
194
999
628
89
2
514
247
419
1267
431
823
985
1057
320
1243
922
463
151
810
1337
767
1034
402
773
966
97
868
784
598
1076
1219
824
197
134
1019
1196
298
1010
1048
1248
52
418
1021
1379
652
1342
961
299
764
96
1086
968
855
776
198
1081
1333
655
508
466
315
1012
215
383
1018
357
205
274
176
17
518
571
662
76
886
270
1232
24
914
971
1025
1089
1114
907
744
1214
428
375
993
709
651
750
1144
233
934
928
1069
1062
126
472
523
956
714
57
1101
1315
1289
512
158
567
139
724
815
1239
221
970
997
1168
975
148
817
1088
1169
426
456
669
504
550
1377
211
85
217
43
1178
95
395
547
391
1398
187
70
4
1163
200
120
111
485
623
948
790
978
984
649
1038
703
34
890
1362
1330
300
962
990
48
1156
138
1374
125
471
892
448
1068
248
581
498
713
769
1314
729
965
688
541
344
1304
937
684
84
742
332
1309
1220
314
1193
499
295
209
1191
781
664
683
953
712
486
449
20
224
913
735
118
156
356
1238
62
1355
174
494
1207
220
454
726
674
1001
1270
1189
695
1233
1044
254
885
161
323
887
646
160
924
324
888
288
895
474
1246
893
478
343
617
851
199
479
510
799
147
116
244
659
1255
92
1133
1226
1381
493
731
1345
1047
793
150
296
734
186
857
1074
1129
165
28
23
610
566
1271
603
206
1365
413
1344
879
687
1276
1051
166
782
882
1201
919
173
1105
897
468
410
1307
54
544
214
1208
252
1084
286
94
1262
740
1033
1371
259
592
721
1406
145
1177
517
665
399
13
626
491
1195
813
807
973
698
622
1041
342
863
758
407
980
1170
1006
505
458
1091
1155
77
230
942
1148
225
231
994
1327
123
612
262
1085
723
576
1303
317
1218
1167
1241
559
177
179
832
379
236
444
331
785
1388
1152
69
676
178
204
0
68
841
64
397
1017
447
22
398
818
65
279
963
11
679
1242
90
570
470
520
633
1249
591
1253
401
360
1056
227
1386
312
153
543
78
722
39
748
644
600
1372
1100
852
653
1402
654
30
136
958
1166
464
930
542
964
613
1247
702
1318
597
109
63
732
795
170
1095
8
1026
1209
380
527
1110
1131
191
707
728
1003
1192
310
18
996
1399
670
404
373
9
932
563
1382
257
285
1347
3
1282
1066
1204
112
31
290
715
1378
902
501
130
903
525
756
1316
488
267
1205
589
387
35
1094
266
361
577
1298
481
192
647
788
844
75
1053
396
16
427
135
282
1042
378
749
909
21
15
277
916
878
774
871
556
1288
1118
1348
979
754
856
1203
1064
337
1306
549
896
368
1151
507
847
1186
351
101
388
1305
947
1256
1164
1217
201
533
1286
943
313
163
1113
560
333
1376
1128
1120
172
232
840
801
268
797
265
394
441
1173
321
450
318
590
1050
634
349
353
348
411
81
1181
596
74
876
146
1405
640
787
354
228
777
1029
730
1395
944
334
1206
1294
834
671
359
1065
595
239
294
1022
1020
1145
668
663
1015
1283
408
1278
1083
1301
1187
874
894
725
900
771
558
858
436
521
1212
1035
1213
935
381
752
384
422
1116
579
530
196
869
1082
1272
1391
222
586
1125
1265
1199
405
509
574
1302
350
389
45
692
1103
918
460
765
898
459
124
860
580
1312
705
1075
1174
528
467
1200
41
532
276
568
1171
1320
1297
55
142
442
473
1115
1338
1403
619
446
736
168
766
677
435
1227
1165
1367
1109
1180
103
526
1031
1261
465
482
891
682
691
1324
741
1059
811
584
269
753
945
1211
1392
12
1291
624
951
184
998
939
831
1055
202
256
660
870
229
553
1394
1300
371
91
843
1032
1000
872
552
565
745
183
539
819
10
910
223
330
352
393
438
950
73
1117
933
1356
1354
169
88
1077
1323
423
686
836
637
1185
877
370
289
1140
1161
1268
355
1102
1353
601
1370
308
1106
588
516
302
98
976
1313
335
1311
704
1030
439
915
325
757
27
803
14
58
1263
240
157
602
340
1135
1147
775
1194
881
369
416
959
60
828
1130
415
61
297
500
1266
1397
1274
625
809
503
1028
372
1361
1080
802
739
1172
339
720
557
1331
1400
583
820
51
281
1002
779
284
875
1024
573
1142
