6321
4487
8748
3852
355
9792
9099
2475
1081
10058
871
9217
8097
4735
3928
329
7203
207
954
6445
3511
4814
4996
4804
1787
7341
1924
3458
4312
1214
7742
281
7921
6252
7778
9208
1693
9303
8627
8855
2861
10187
2480
9021
152
6819
4900
7881
5250
8645
431
6315
7313
5266
9420
9734
1366
7906
4181
8898
8746
443
9814
3472
8018
3936
7634
6535
1572
3689
339
5959
3122
1640
9857
5195
1301
4227
3734
3969
9343
5076
1101
6226
5761
1061
4844
7973
9762
3268
5830
3
2877
653
2227
1251
10297
10265
7612
7010
2826
1680
5604
7789
3926
4374
5126
9053
10156
8822
5551
2616
1581
6271
2057
3326
6192
5060
1267
7666
6587
3552
9755
2654
10191
188
9626
7550
6949
3072
6525
5572
4135
10266
7176
9226
3231
10258
2524
885
3690
3471
2945
504
9801
3745
6950
3935
8258
6724
2356
5201
3206
8364
5683
7043
10287
6861
1131
613
5906
8442
7614
8123
10053
1033
7257
2165
6652
8129
8106
6998
433
1704
4141
2395
1831
8821
3217
3214
8610
3965
4341
1551
8387
8098
2981
4791
7066
5815
7784
8172
977
341
551
5980
1320
5549
3558
8911
6663
5826
10352
1397
10152
1258
1984
8695
9990
4947
479
8868
3173
7057
1062
5366
3838
3092
7786
3534
10386
3645
6959
10169
3052
7650
4085
1244
9974
2588
4744
6761
7758
2470
10407
951
5042
2688
8986
4940
305
3377
2670
5298
9066
1249
4485
8328
8154
2298
7608
8212
6087
2466
3932
2405
6165
3248
1300
8040
5847
6745
1029
4682
2675
3611
9383
9890
6583
10435
5032
4499
1172
7207
3057
6483
9838
6880
4603
3222
7811
4810
1416
6462
8276
5797
7308
9696
10073
6826
4678
6457
9752
5003
10006
5451
2713
3172
904
5660
2068
5990
4189
1498
5595
7705
5814
5888
4859
2693
2729
9115
8441
5333
127
1531
8307
2438
2871
6978
9936
4338
8226
6644
6931
1153
5851
6838
5367
9884
4967
2844
4759
6758
3399
2262
7443
6311
7287
10086
4414
6853
8981
7780
6263
928
6265
4833
3726
5796
9084
1419
7810
4403
422
4355
6900
5387
9561
1633
1140
4866
914
9245
4331
4964
6053
8479
358
7018
10041
7122
6130
6075
7468
849
5410
9831
5220
54
4220
1283
8824
5281
7290
8202
8620
6179
5031
7134
7617
9290
3124
811
5158
10353
10380
9503
5133
8782
7687
1681
4716
4724
739
5483
2186
7002
4330
5530
1776
676
5769
2733
949
2198
9102
141
469
5852
7964
1088
7487
5711
9283
3442
2301
2706
10273
2010
5673
3279
4705
7915
9224
7766
4101
1986
4440
8530
2563
6782
9254
9174
8792
7254
7757
2347
10280
5526
282
9180
9581
6276
887
8900
6798
2157
2517
3271
9092
8517
177
4159
7459
4960
7264
10278
4213
4621
9973
10070
10060
6048
7289
7426
2770
1950
38
2187
5149
668
8415
7182
6185
9987
8781
3540
8081
3352
481
5346
10312
9692
6750
198
8057
4385
4561
4125
9257
2626
9826
2106
3098
1107
761
3920
7073
4258
7256
8031
9468
8682
2289
3535
7510
1870
10425
425
3148
2993
1247
4228
1410
7773
365
320
3001
4776
7578
4902
1687
1557
6975
7364
4272
4512
2342
4839
7903
3893
10316
5071
7636
3882
10363
2226
4614
7866
4280
6467
3427
5226
4131
8184
8991
8680
9524
208
5880
7124
3282
3448
814
5355
1795
9223
9424
2506
841
4138
771
6707
3118
8884
3885
2257
9297
3774
2744
6813
844
7228
10420
10293
6409
7844
3766
1563
4696
7829
3640
6873
3601
614
3501
8734
6790
736
1759
3432
7942
4524
5116
9900
1718
9009
7671
9691
5723
1189
6449
6127
9155
7754
6918
8305
4884
10346
1436
7796
1610
5739
9093
65
8181
3165
3944
10035
10105
5618
4270
9812
5583
7559
7594
314
8274
6917
7244
5898
8720
2539
2584
8625
6189
4607
8790
236
4700
647
8299
371
8724
2218
2332
10426
8501
5138
999
2605
9277
4369
7130
9539
6686
2161
59
988
7322
9262
8700
1424
4935
9158
8995
828
1216
3625
2953
7367
5819
2655
8920
4164
6555
8390
4214
528
4128
692
10411
1935
3553
7755
8218
2211
7253
9702
9304
7512
6378
8091
294
10185
8608
6726
2689
7541
8286
5678
6330
9437
6684
2913
3610
4018
6892
7840
4184
9680
4504
1969
8932
875
6755
9024
5958
8613
3348
6721
3367
7748
10081
9586
518
7133
5153
2081
872
2560
6495
4566
7534
316
1476
7955
7831
56
3599
7640
6860
9471
8972
3126
4988
8756
3004
2855
4033
10048
1637
5823
3050
4544
3724
5124
10161
3007
2008
1825
4259
4651
3106
6191
4587
1814
3598
9925
907
5403
3155
7085
9897
5544
9667
5927
7393
2663
1793
1837
6356
3792
10340
7021
3573
5091
2330
6413
4162
4908
4652
6221
9452
1774
2646
621
6668
9739
3082
963
6550
7819
8973
836
1932
1313
9300
1770
1006
724
6554
4049
4989
9183
8384
8062
74
4059
2265
8041
44
7764
8848
6594
5475
8141
4624
2103
10066
754
4142
1781
7356
4907
93
3317
4386
8606
2053
332
3715
8472
3508
6662
10014
5308
3523
2007
5872
5079
1995
10354
9129
147
1465
2155
472
5908
5374
1503
7691
5125
3507
4973
5267
6989
7925
10286
2138
8678
8659
8398
7161
5368
10303
6672
1113
6397
9951
996
153
1115
7476
7837
9109
2549
6599
9436
3675
3019
3452
4490
7835
1085
4681
6432
7359
6616
1122
8248
9423
9227
9737
2371
9373
10052
9995
5228
7513
3236
5499
8478
6757
1417
3809
5094
8291
3062
1869
1660
3438
6291
6935
8487
1188
9327
8110
3380
10097
5700
2528
7848
6243
7775
2771
804
8767
9079
4949
1012
9788
2906
4554
3443
9787
9757
9120
2425
6499
9264
2050
4871
993
3281
3085
5212
9603
5829
2875
2203
10072
2787
10173
143
3244
1777
3221
9566
8270
5930
7208
4588
2033
1427
1678
10358
9578
6374
4999
8220
10023
8230
6491
7888
8629
8377
1620
639
7252
5635
7392
2615
10174
10405
9722
7489
4936
8423
4044
10238
192
8826
2132
561
5680
1183
2476
4261
958
8554
5861
8182
9587
6502
7462
1102
9062
2170
6618
8640
9323
1013
1823
5029
9450
5179
1544
10437
10131
2701
8670
725
772
4693
2151
8027
8477
3597
4753
384
9579
3694
7321
9007
4734
128
209
5192
6277
1736
10409
5713
1483
10388
238
1245
9386
5750
7042
3875
6843
5553
6545
4845
5909
7562
6635
2707
7136
8176
8318
3292
6195
3463
300
2873
3678
10004
7548
3146
4957
9670
5359
6208
1725
1408
8422
9213
1649
295
1985
7575
5238
2532
10351
1164
7366
8672
6866
1970
2143
6364
4139
6646
5184
5197
4796
9023
5430
3307
1858
5436
8150
9825
3663
8385
9256
9945
521
6147
6689
4893
7769
8059
3870
267
1877
9709
7643
1570
7553
5080
7053
9544
2251
3622
1440
7504
5555
599
8840
6968
8875
8667
279
7857
1720
8349
3520
2276
1195
7804
47
5254
4551
245
4431
5377
3619
6476
7669
5203
2361
1007
9862
8633
6365
1433
2043
9903
4217
9591
2394
5776
9606
5152
2140
1994
4400
7854
2383
123
6658
10078
1443
3960
10416
7556
10219
6098
6881
5428
4366
5795
500
1023
6816
930
672
1656
9920
7502
3725
648
5809
4196
7448
3948
5394
9620
2504
5291
3572
1308
8500
3131
4542
5712
1143
4093
7555
3213
1106
262
1317
9205
9501
4278
1219
8799
52
7571
8317
8029
9491
8173
567
9203
3171
9847
211
4715
181
2962
9033
1138
1524
3680
10360
6451
62
9444
10160
9840
5090
9721
8047
7696
477
5565
381
6733
6460
7588
9972
805
2386
5338
9393
7168
1334
4090
10002
1539
2867
8894
4097
5406
8252
5616
10231
8576
5836
4342
7269
4976
3135
9999
166
9572
2737
8890
2715
2036
812
7981
8521
3207
370
6186
3719
4302
6723
7200
4882
6727
2390
2938
5099
9937
2023
10247
7164
6367
9803
2297
5935
5007
1272
5839
398
1515
2735
4027
4171
8315
2491
1691
1130
6325
9637
3806
8970
7686
3022
4811
4061
1645
9318
1543
2718
14
2637
7985
9417
593
7180
6332
8265
4421
8827
5174
4394
1311
9565
7880
10033
9919
9047
134
5008
5688
8288
6240
7436
4571
2678
4497
9117
5139
9143
1534
9295
7198
9878
2609
6828
5122
6288
5917
2958
8561
8401
4855
6685
4823
4047
824
8738
9601
1168
6108
4760
803
3956
9588
1558
196
9360
5862
4997
7125
2571
3378
3709
8149
5767
1890
5669
9636
3801
8304
4476
682
2274
1526
7368
246
3664
548
4501
8373
3333
9947
6485
5399
8038
3713
3089
10134
896
3261
8812
9006
9894
2313
6767
6929
6679
3459
6952
1916
6596
115
4279
9096
2287
9512
94
9545
4368
726
2358
6384
4348
2318
8657
1778
5612
9147
3225
2658
3740
6069
7900
5585
7294
3038
5369
2850
4674
3763
5108
1717
1450
5335
5073
259
29
1850
7061
6980
400
1769
5001
1494
10089
7586
1446
4968
2252
7697
5199
3842
9481
85
3530
4819
5465
3067
6734
5838
3176
555
3041
176
306
546
445
5328
2229
4444
7139
3308
5833
7979
8043
5632
488
3655
1909
6649
3841
307
3977
520
3466
4662
5028
9789
5965
8030
6317
3220
6898
905
7990
6347
8201
9859
5210
5095
3702
7040
3510
3234
1936
7169
7447
2308
3785
6144
3254
10016
947
2237
4102
8132
137
9265
3058
1243
2139
1698
8992
5161
5143
7298
1273
5692
3396
8783
7667
3107
4703
3758
4883
5248
10446
3409
1298
5132
4246
2734
1561
5014
8330
10292
492
353
5911
2385
9567
6349
7456
130
3542
8448
6104
7583
5788
4941
4474
9320
6040
6925
5996
266
3951
4826
4287
6171
6109
6916
10341
7449
1659
3905
3746
6648
87
10099
3274
1611
57
6353
1613
9608
3662
7094
441
8224
8579
7095
2149
7862
8766
3029
3009
7632
4749
6182
669
8069
8484
5363
5890
28
1593
5976
696
2071
3210
8834
537
2199
5390
7761
1663
4926
9659
842
1103
4699
4411
5536
2824
2486
4966
7210
1028
1929
2110
2311
5194
2582
1242
8864
6970
7481
10448
3916
8732
7573
6018
4158
8096
2668
1665
5599
468
5705
3975
5518
2141
5757
4837
2845
7912
7086
4149
345
5258
2817
2546
7763
6112
9697
9729
6801
6548
1667
9486
7924
3968
6613
1270
4446
9554
1399
6573
1591
2907
3068
9110
6204
8803
7892
4581
402
5641
8609
491
2738
6167
7416
1000
10419
2263
5722
2740
4255
6627
847
9287
1406
10071
7745
8004
383
7539
1652
148
1444
8360
10225
712
7637
6560
9202
91
1913
8528
10204
1569
414
4395
8708
3961
10199
9106
8642
8283
7470
1486
5144
1020
5361
6405
1937
8067
9676
6060
368
385
9248
2312
4752
7675
3502
4174
5637
9131
3974
1380
2098
3113
4790
5626
4438
31
1210
5383
1888
10093
733
1350
2595
9233
9735
3600
1574
3005
1765
8880
5931
4876
5005
7940
1689
9030
6159
1218
9368
4281
6537
2323
1456
48
2547
1702
5121
7752
9885
10095
3505
136
550
2144
7980
9569
8122
6547
3251
2899
4157
2842
7995
9731
7181
923
1499
3483
8051
1833
7159
3499
5578
2169
635
4527
322
6629
330
9445
8409
5287
2223
3238
7620
2809
2376
1565
2283
6094
5690
5988
6282
5664
10348
8076
4574
4247
8156
513
6267
9392
9575
8357
1538
2925
1135
5987
2900
7785
4706
7156
4913
9668
10194
5384
2848
2112
1080
2454
4887
4074
234
1493
9426
5969
8904
5766
660
8851
8885
4928
6661
7281
7107
7312
6614
4328
9247
2974
8407
10235
2021
6480
622
5048
7878
3705
1965
609
8063
4872
1030
5417
9997
2529
5707
1603
7395
9472
9427
3489
3721
8395
5956
1097
7315
9050
1727
3807
9459
4684
8953
1302
8813
6740
9068
4555
5019
9272
3786
9219
5039
9384
6504
3970
9643
9930
394
740
7401
10389
619
9082
3189
9362
5334
4182
7457
5052
6771
507
5474
5449
1328
3963
9785
8119
848
7746
2320
1496
1514
2730
4835
1484
10387
7551
5464
10399
9365
9479
4266
255
9469
8142
8978
4243
2544
3897
5471
9475
6680
6863
6837
3995
7681
5101
9018
4082
4740
7328
9761
5548
3347
10274
5663
4545
5950
6840
657
5702
20
1365
3354
6936
5981
4004
3587
1234
99
597
6803
8516
3191
5397
1354
5703
5968
5801
10005
3532
911
4567
5114
6831
6961
8988
7864
2233
5339
1262
2835
4840
1310
2421
1657
6350
6088
3665
5899
7178
9957
10359
9123
10043
3682
6404
5463
4271
3075
9146
8231
1901
4868
6943
8343
7891
7747
3717
3120
8515
1683
6914
1910
1092
8138
6198
3933
4360
8878
8999
3568
4401
6008
9275
565
9103
5191
7152
5883
9590
6906
9097
2705
8829
5
3299
7201
6833
6056
8807
1367
2897
624
9191
10414
373
4467
1961
1934
250
7265
4486
1383
1747
9002
3310
1121
6852
1906
6400
286
6142
7408
1358
1841
9568
5320
9537
5148
10017
2055
3518
7882
667
5732
4867
7702
7677
122
126
7898
6746
2503
2602
1713
3911
7388
6500
523
7267
1280
3464
4858
8963
8070
6923
3632
4236
8956
3688
392
8158
5356
1044
1069
10115
1947
649
8429
6848
2416
882
4777
3752
5974
2411
3676
9564
1513
4556
5186
8825
5301
4199
987
1343
5734
6993
5630
6527
7813
24
8418
9289
4934
213
2000
8347
6333
3099
3651
3924
898
6214
9781
7475
3716
1396
8406
26
312
6469
3751
4156
5753
10246
10269
1169
8086
6702
3247
8788
8042
4720
9613
4958
2051
6603
3983
5494
3660
2720
1492
1373
4714
6034
1998
10264
8105
10129
2462
3620
5948
8417
2445
6068
10221
81
9869
829
5030
765
3141
6487
9706
8223
5742
6120
1768
5279
3012
10107
10074
5867
1276
6982
2236
6907
4530
5547
9235
7635
4896
6507
7815
1087
1239
8451
7938
389
810
5537
2423
693
3691
1426
701
5716
2214
6430
401
4888
359
43
7846
7070
1695
3770
4938
2419
6481
2577
6338
9151
10294
8586
1751
4808
9642
8353
388
7485
10136
3228
3738
5628
5574
9163
8820
9911
3345
2949
3656
3921
9081
3026
4053
8320
687
8547
6879
9863
7101
3843
6070
10391
5936
832
1746
7521
10457
7868
216
9732
3596
5556
6390
53
8570
1694
2756
8919
9871
2108
8050
5615
8162
4787
2085
7249
1339
8127
8452
2401
645
3140
9715
4862
7479
9805
1387
9975
6037
9595
5292
6150
8492
3250
3739
7897
2596
10220
8874
5922
2079
7218
1548
6589
6591
10410
5418
2940
5216
4307
5304
837
3445
1726
3668
9280
8155
247
2494
7323
730
6412
7625
2585
9161
5606
2812
7116
350
9899
1902
6937
821
1724
1685
3056
9377
7896
703
3827
5277
1405
9246
8392
1481
2208
4064
7177
2594
976
8378
6435
10385
6015
4853
5017
874
7574
5409
768
631
9149
9619
4540
6862
2820
102
3943
6890
5991
3215
3747
886
925
2513
4118
1600
10149
8553
9057
8728
3855
179
2889
5507
8739
4460
9724
434
1730
7684
7798
39
2284
3976
9317
7214
372
8954
7446
2920
3797
3886
3390
2884
8544
2797
2092
1542
4226
698
7997
7692
9019
1895
2058
10234
4628
1630
5531
8313
4585
9121
7834
4965
9207
7022
6922
5939
9381
5659
1517
4643
8705
4832
4794
1305
7655
4951
10315
6520
2617
6173
4012
9898
2783
6106
4326
8512
1741
9784
7890
9839
6571
1846
5546
2878
3781
7596
2950
2687
1651
1031
1537
4798
9765
8346
2761
2633
4
4011
9688
8671
9708
1158
4404
1458
3252
1093
8938
2890
2463
7402
163
6604
7768
5061
7505
5459
2222
3159
9258
7097
6523
6180
7250
8374
8933
7370
7992
6562
4757
670
769
8061
9819
6706
9308
3919
7627
7394
6687
763
1201
6448
4841
4495
921
8731
9665
5177
8540
9085
4301
5317
879
288
1512
9695
1351
5240
1014
51
2076
9540
3699
2275
480
8929
8927
6818
10443
4971
9918
154
7965
2618
6474
2436
7121
617
8639
8722
5942
1372
8023
1464
7751
7683
6897
5190
9255
7464
3892
9827
861
10384
3931
7797
9334
8432
8215
6016
3302
2935
5015
1586
6540
6944
3049
6329
1674
9822
1371
694
4075
9140
10082
5016
1275
6121
428
7240
5193
4672
8446
1631
8689
8007
321
6683
9105
1922
5571
3303
9460
4215
4268
4918
3129
6820
4549
2096
2364
2148
920
2552
3555
9520
8828
7239
9379
2659
1304
981
1026
241
8923
4264
4354
2078
2464
4820
1975
6019
7223
718
3383
2634
6737
6913
9961
7268
3436
2764
2685
9698
3967
6193
2398
7451
2516
6729
4373
2591
2024
482
7782
4398
9371
4521
4707
10248
7082
2254
6636
2561
3243
8841
3211
1672
8989
3162
3201
6408
5904
7928
5157
6274
2758
8502
3815
8888
8687
6564
5907
1054
8564
6867
10237
9746
3368
5348
1323
1962
544
5934
4077
5961
3845
7824
3237
8558
7970
2381
3397
5813
3104
5379
5726
8593
7378
6128
2340
2505
7682
2326
1893
7179
4462
8490
8906
6546
10195
1232
9296
1128
9037
697
9909
2129
7292
8171
2177
4640
10104
7711
7817
3848
5437
5097
1381
3825
10055
5119
1369
6966
2459
2097
8494
6704
5784
982
1874
7800
5894
10076
3218
2979
1431
5875
1389
7825
7123
10328
8685
9171
2246
10369
4346
335
10182
7948
2294
2882
8876
6697
284
9994
6805
7288
6063
9799
3996
4547
6503
762
6634
650
559
6705
7194
7399
8598
7114
7960
9338
2581
4604
83
10125
10394
606
7968
1329
5737
6572
605
3666
2202
7920
2261
2613
9592
2037
510
230
7486
32
9483
1812
2031
9865
377
3446
3048
7722
1005
1887
4080
10255
1838
4419
6835
5373
3151
1043
8674
6074
7679
856
5561
1163
922
1048
4040
573
10323
2569
4729
8296
1500
965
6328
3066
2791
4273
3866
5984
10339
6340
5448
9005
7067
2854
612
702
9234
1903
5104
7008
9288
4468
184
8887
3149
783
1190
9485
7610
4889
7229
2353
5083
533
7587
7342
755
8677
8267
6086
1355
4161
4193
3166
1529
3925
3357
5172
9895
4422
9206
5439
1423
7953
9984
7211
3430
4923
2264
2122
2094
2414
5044
201
8244
5614
9135
3623
737
3878
564
8026
6938
8022
3872
9513
1878
1356
532
5425
9251
919
7661
1448
716
6207
272
5573
7861
8272
538
2699
6977
6703
8543
6077
8575
3330
8035
8163
4507
5621
1951
7000
2296
656
6348
1821
9594
9201
757
8152
4251
283
6415
6136
927
168
5386
3753
3161
8137
6730
2803
219
2225
5408
3647
3879
9552
2003
8612
3812
2366
1011
1609
3605
1553
2994
6664
3971
4471
1815
3301
7707
867
395
7154
3576
553
3469
7389
7245
7143
1668
3419
8114
845
5613
4371
10214
6722
5789
6586
6735
10327
8194
9993
2316
33
2567
2839
3945
2268
2456
2961
8959
8469
2976
944
8862
6287
9797
5674
5062
7336
6811
2437
3327
5577
4531
9604
3288
4284
9864
10049
7678
6524
6948
4426
8426
5610
10334
1321
602
5741
6463
1697
8706
8567
1015
2216
8292
155
9954
9347
6062
4927
3079
1643
9399
536
5110
873
7593
3393
6211
688
3481
5706
8376
6986
4569
9336
4447
9083
8578
9400
7425
10113
6439
10325
8889
4317
2360
4983
8838
7361
5512
4815
6433
8909
1345
4250
3618
1175
8284
10379
7646
10061
5653
1368
6133
3219
5798
1560
8010
6238
10179
344
1059
9252
6908
7657
5759
7196
7803
6565
462
9157
8926
9240
6124
2273
992
303
10223
4886
9821
7170
5491
2843
7595
1297
9177
2578
6057
9142
2886
8806
9946
9465
7273
10154
3813
7644
9855
2389
5140
680
9294
5802
7790
2810
906
5567
366
8255
10030
5800
1325
7792
9824
9089
2238
2016
4680
4649
76
9940
7689
10170
3718
6454
1578
10036
2830
7158
7183
3076
727
4173
9344
2087
6001
367
5312
8628
7566
2891
2784
2818
6213
7724
7842
4046
9409
9811
8219
7971
4092
8912
717
3881
4535
4939
2589
5885
6647
5648
1811
6903
7350
2365
5053
131
9526
8519
2118
938
9004
3743
9625
8635
7631
1940
1779
8178
4654
8796
2073
1136
700
2736
3343
8818
8830
4636
4634
6623
2091
8355
4242
5966
6200
7537
950
375
1278
1923
1658
5639
159
8833
8716
1775
6821
446
4492
568
2372
9858
6690
9777
6621
7693
2498
4165
802
3462
9596
10044
1587
9874
6324
6047
4343
4710
7557
6229
4295
347
5066
9326
9672
7190
7184
1580
1521
8120
3283
10068
9585
7728
1703
2213
1956
7375
7362
7654
7140
3577
9719
6039
299
6341
721
10305
2969
4799
8037
5130
4239
8660
7147
9875
1196
436
5064
1822
2128
8804
6410
6749
8607
10372
5524
7454
10396
6386
6946
2833
1945
7841
7572
9341
661
1359
7499
8216
6237
5710
3513
1271
3198
9536
9745
1385
4172
8624
3904
9100
1203
8457
2631
4283
1523
2789
7922
9292
3170
7717
7284
8941
9415
4234
6561
4514
5952
4670
5221
5467
3570
8877
735
9917
3929
7547
8295
382
5055
4187
5206
5093
5325
7600
8965
3777
6322
502
9440
2341
6258
8737
206
1495
6630
3830
8268
4007
3183
2382
7739
9376
5751
4993
6041
2922
6486
2082
2030
1552
6896
3495
8298
5036
6345
7989
3910
9
745
2286
3930
4754
1949
7532
3588
2379
6854
2523
3575
8939
9738
4800
937
4448
342
756
1813
9060
7907
8083
7535
9798
2782
9605
1963
6475
1261
1608
3950
5364
1105
2914
3818
3084
6719
7788
4351
8773
7354
7599
2543
778
644
3087
2391
8157
9220
2324
23
8588
6095
8233
7173
8753
6698
287
5391
8603
6065
2700
5219
9867
4252
2176
304
5454
1174
8234
5745
3633
10106
1796
8198
2983
88
7189
10417
591
8506
11
1173
2002
2990
1884
8
9851
2166
2105
3700
2739
4441
1568
10364
9981
6558
9260
7343
3531
9169
6428
1806
10442
6655
4646
8456
1260
4009
4691
7721
4397
798
6262
4602
9132
4704
5235
2474
6081
4852
5671
1744
1256
4894
10226
8174
5289
7567
6026
7349
8587
7549
3955
3958
6901
10203
1827
4943
9555
5306
511
3617
1530
2362
5392
2231
9063
9194
9236
6869
1590
27
6156
6388
5051
7759
1782
9027
2119
1997
9259
8971
2059
2902
4175
233
7429
3003
4416
3519
5234
5341
4263
1801
8434
5497
819
351
5343
5268
1477
6714
9049
4315
8005
9441
4848
3833
8089
7144
2346
2909
2832
6774
7527
9744
2408
4909
9758
7167
6107
6711
5159
2965
167
2403
9070
3362
2271
3070
3941
10024
7041
7297
3547
7048
6868
5665
5902
6082
5476
1807
9013
2471
6556
7957
3285
1207
1989
10361
646
8468
7278
71
4850
8866
8654
4998
3681
6302
8583
8082
7676
7651
6009
775
2467
10430
6473
430
7339
5262
1473
4313
9632
3498
9168
4609
3024
2270
2912
1086
4200
3109
2837
1489
9705
8776
3320
3045
4686
2377
5340
10057
1398
1474
1743
2137
1118
340
4108
8594
715
1648
9406
9498
10197
8056
2473
9200
5868
3946
9950
8976
6132
6674
7291
8321
8532
10038
8846
285
4123
934
2046
2282
5294
7703
6308
7056
8222
8513
1712
10275
3139
7226
3999
471
808
1920
10319
9977
2635
751
7839
9412
9650
9584
5446
9321
1129
9980
6645
2042
69
5727
5458
3991
5405
8857
2883
8279
8699
4399
8482
3212
8550
6920
9833
3112
5528
5063
10378
7649
8160
7727
10285
118
189
2627
9922
5413
2540
3937
5075
7937
4410
6416
5395
1119
4732
10065
5535
49
3589
1259
4626
3895
1162
6303
1478
3186
5021
4207
6857
36
4895
9963
6781
8090
109
301
7560
427
5529
5105
6141
3834
405
7729
7383
6379
7917
10306
6620
5566
4060
5354
8843
4948
8709
7660
1881
8793
4381
2011
5020
2980
3358
7528
10046
1773
2146
8719
5072
2017
3775
4237
1221
2093
200
9410
4785
3325
4601
2041
2989
816
4325
5492
497
2948
5893
5957
1067
9390
5944
7153
5054
3765
1794
3134
1830
6205
9435
1623
6990
4992
1362
7172
3630
6842
1575
5651
8769
6513
5313
2851
6940
10382
4402
2350
3521
7026
3145
9250
5646
1707
2726
5256
2511
476
2607
1959
4575
782
3028
6091
1095
3557
5581
1958
8371
5357
1291
9770
1237
10257
8644
10091
5218
8440
5503
8854
2915
4166
699
9000
3408
2723
3581
1277
5342
396
6140
2829
9322
3388
9363
5270
7162
3169
4277
5856
9358
7672
8856
9658
1788
4980
5691
2212
9704
4543
4809
3400
9741
5744
2355
3648
7639
8124
7492
4206
5012
2056
7497
6146
9956
7993
4316
4618
839
1151
675
2228
317
8590
8071
4792
5520
9907
1875
8262
7615
8611
1053
9943
5332
9756
5971
1564
8997
10298
5376
452
3258
9243
8410
7319
7542
10421
9655
4104
6849
9040
6773
1466
5496
9397
7166
4210
10390
4439
6597
5634
8754
3516
6678
3564
7812
5388
2921
1522
9964
7704
1211
9982
6331
8389
1748
261
3224
1999
12
7017
6101
6162
5224
6275
908
9165
2188
6622
6851
110
9681
7437
1826
1361
9648
380
3616
276
1964
6768
9453
4925
3127
8229
3906
7326
1980
1352
1412
1635
2679
6465
5498
4129
7106
2603
10196
9654
6110
5777
3744
4802
6617
4767
7552
8527
237
7494
3233
8945
2200
5002
3636
9965
9144
8438
6598
2417
3407
10402
7360
10142
8852
7363
8596
1804
3791
8111
5147
6032
7033
8221
2279
10406
2894
5326
9985
4719
3554
9927
8232
4286
182
8240
590
8338
7014
9854
6612
1462
10350
8411
1227
512
4500
7807
4155
8148
2558
6248
6307
6593
9631
8853
4370
3291
4736
2182
4028
8088
9090
2178
8524
3685
1344
5004
9646
5253
6957
3980
4666
64
1046
4770
4391
7174
8647
327
1110
2598
10008
6577
4408
5554
5960
1090
7197
633
3864
8552
5929
2575
10032
2064
2453
1285
7317
6013
3181
7911
9988
8293
673
8342
4365
3790
6870
9378
4969
5542
6633
4065
8177
4727
6752
4349
4847
5252
7524
8445
7079
8910
5260
5514
8348
8016
6038
6517
2960
4451
686
6071
678
5662
9298
8823
2084
4153
290
3395
7827
7668
158
461
6403
7899
5305
1377
1268
2997
3270
5488
7708
7503
9989
164
4807
542
7856
1309
2952
5608
4168
7712
7138
4573
9449
7946
4457
6566
3014
1732
5714
210
5843
7767
2768
7072
7193
8238
9778
1594
4238
6161
1828
5916
6875
1468
7688
1166
30
8717
1606
6688
3847
2946
3342
7034
5424
5997
7137
7458
3105
7215
9929
9529
3901
10020
5109
5432
1082
7597
239
8969
9261
457
1145
10123
1116
9271
9490
280
7845
4098
5244
6588
6149
4380
1596
7771
552
5111
8652
467
9119
9073
10299
6911
1289
1079
7271
7607
7855
10177
5538
8810
8623
1917
4959
5469
6876
3373
432
424
6202
10395
4300
7109
8074
8039
8424
7404
9072
9026
6533
5640
5187
7074
1065
1056
9438
5107
4475
2277
7320
6656
4296
5778
9345
1199
4739
2722
3749
4516
4339
5658
3907
2852
9487
3604
1109
3411
731
5953
5180
9078
2828
6264
2077
6827
6883
1229
5284
10211
7434
1050
2014
1265
3674
3835
7517
1879
3199
3490
4861
8169
4952
10267
535
2439
2934
5050
10157
3840
5162
9352
917
22
2370
1064
9186
843
4030
1546
681
6407
7734
10150
5793
894
3008
7113
6450
2865
3686
174
2109
3546
6344
5429
1045
610
3101
4863
708
7740
61
1226
8134
2142
7598
6375
5056
3366
9455
7071
7469
7805
4067
1914
2719
9221
3372
6422
9051
4779
2321
7403
6764
5689
569
1037
4842
6236
9952
3460
2933
6928
4132
2239
777
7205
3856
42
9868
6494
2116
1022
9176
41
7781
9466
3477
3116
787
4548
6391
4323
1198
2052
3778
913
1844
4750
4644
2898
8454
8465
2250
3877
315
2477
5103
7007
8420
5901
10324
2126
2337
4728
2127
8474
3297
9944
5025
5781
5422
9886
3121
6530
3132
8690
8340
8036
10138
4212
10128
2095
618
912
8704
249
9101
9353
10449
374
7047
111
1363
3874
5679
658
5696
8996
1165
9431
3338
9442
8107
7836
8136
8913
7325
3985
9794
6743
5223
4690
3193
5964
8784
9968
8814
4991
1336
1157
7352
8075
4041
8881
2963
1671
8066
8133
1595
1233
6134
7206
3011
3337
7972
3884
3421
990
2821
592
5881
3036
7818
9538
1960
5358
6608
6534
5895
6815
3836
2509
8253
9193
5249
10122
5167
1930
9883
8323
8839
5239
4019
5508
10218
6804
3754
3973
5423
5519
9924
6392
6519
3441
8104
2062
1836
8166
6676
5300
415
5676
6143
8280
5205
2197
5812
5879
1194
397
1686
8259
7272
2755
9843
3626
2269
45
8778
5493
2433
2210
5919
1139
1094
10207
722
628
5237
6289
5329
4231
8795
4257
3512
3899
664
296
4836
6775
4570
5296
6659
4558
1646
3922
5763
4821
6748
8589
1388
6466
9714
5013
2472
2804
8370
2183
2406
1257
6584
6762
6381
2022
9923
9324
3561
4963
2669
4136
7237
4961
7645
4695
2114
3585
5259
7933
7879
529
8251
5168
2253
1547
8735
2235
5708
4890
1127
6343
3514
2248
1042
8483
1147
8960
7561
1303
2399
6442
8779
1098
7005
8600
8886
7117
978
8271
10100
3031
78
9499
10040
7511
8430
2717
4660
8297
3566
3853
6576
9001
10392
8985
869
5351
9802
8902
8143
5416
4668
7104
7333
627
4191
9673
10370
3624
4358
2258
10302
4442
4688
10111
7064
5134
3672
5269
8545
2823
1341
8755
1675
3773
9364
2553
3982
5487
6298
7280
749
8582
4197
364
5092
5779
5887
4384
6739
3453
1797
1907
2515
9915
1786
1018
3889
10397
6461
459
1202
5419
3493
7141
1058
9796
7135
66
9434
8168
3123
7077
9008
474
728
3628
8241
1454
3659
3128
2305
5587
10413
5938
9842
8626
4956
2936
6754
531
6878
2694
3142
4920
7150
1988
10368
6459
4008
2019
5770
8757
9148
8849
9034
3708
3336
8896
1394
9349
9229
3437
517
8525
2604
2629
10239
4334
9707
5649
1019
3295
248
6552
172
8566
6856
2773
3780
8064
1992
9282
458
5828
9470
9080
2565
1840
4970
1393
5501
4204
3017
3097
4661
4713
5787
2147
1641
7276
1490
4563
7999
7050
3962
4726
689
541
150
6145
6177
799
3849
190
7102
773
6786
2710
6024
3157
10300
2971
7611
8205
289
5756
1905
7889
2709
7377
5169
2303
3245
10250
117
4615
9125
5407
9933
6129
5382
2306
5322
2808
8436
4282
7414
5102
7826
4924
4786
7246
1212
7379
7916
7052
9828
7302
747
1981
1293
6043
6290
8073
7659
7952
9550
107
1780
5098
3353
9476
1392
2792
6905
1891
5698
6376
8873
4937
6971
7791
7478
7374
5837
10001
8011
2777
1979
8710
1104
634
10440
6779
7516
10063
6810
3209
4697
8462
2307
1375
10383
5365
5243
7051
2590
5151
7622
6036
5719
1974
1322
8942
642
3257
2206
1296
5603
677
970
10371
9038
3810
9913
3313
6725
6796
4722
6874
2327
1943
15
3703
5765
9506
8742
4122
4329
9558
1676
8651
4177
8386
2322
2996
8444
5545
1692
8493
9861
9772
2099
5450
6294
881
5977
5176
2806
7306
6470
6395
8309
5311
3223
964
7872
7195
6113
7719
6477
8109
420
8327
3253
3374
268
7949
1379
5230
6260
3381
1332
8094
6280
2652
1615
4730
7718
1084
3934
1469
2987
1391
7100
8211
774
960
2066
7103
5720
2819
585
1758
10318
7465
7301
171
9281
5805
3696
4683
2876
10025
1803
4774
3850
9273
8185
4392
7525
2743
3994
2272
6314
1200
5170
260
5771
9804
8774
8723
8431
9222
5112
2807
2111
3195
1501
9104
3073
9496
5381
4594
4023
9416
2801
6218
1549
9598
5866
214
5120
6458
2334
8684
8597
4201
2704
1269
10291
453
880
5517
545
8191
4856
478
5037
1835
6626
4081
6089
2587
9058
8285
6429
5884
1471
2834
6079
4565
1089
5470
4981
3239
6245
9823
3360
5672
2247
5718
10141
7463
4849
9740
3418
4275
3385
8837
8337
7662
9160
10398
3865
8213
4320
68
1700
3873
8928
194
5321
10263
10236
6657
7806
7994
2339
9612
8750
9032
310
438
6912
2930
3550
679
3415
1076
8668
3591
6401
8393
9225
6309
5058
4062
558
5754
8658
2650
9357
3078
1528
4622
1798
5582
5065
10242
3321
1573
9403
2373
7242
8397
9674
8210
3025
7680
5932
1987
9939
4508
7307
5624
3147
4873
514
8196
1941
298
5264
9614
4538
146
8571
3094
9711
5972
9934
8282
5697
4506
2939
9775
8715
9754
6035
6972
2677
3450
9331
2402
8425
767
8113
616
264
5666
2665
3356
2260
4912
10307
4766
2488
5288
663
8546
3156
7563
1191
9870
6904
2759
6326
311
6559
7820
5086
6215
8917
3168
7670
10335
2766
6425
2025
3953
4352
4637
6915
2992
4437
9164
2927
5645
2040
5920
3667
855
7618
2288
9901
18
2135
2798
7941
4032
865
8237
7440
6176
5200
9138
5043
6005
4321
8696
8000
1597
707
7744
138
6939
6327
6681
2896
623
7743
3541
1318
8103
2207
2280
4183
5035
5768
4667
7055
1447
3018
8358
732
8664
1579
5222
2368
3887
4297
7030
9179
4650
10116
1618
6772
1755
8930
7629
4069
10343
125
2136
3772
10309
1326
5715
5127
4942
4020
5433
6953
5495
228
580
3861
6148
4584
4144
9521
9173
9593
5791
9602
8977
9385
8135
2224
485
5085
6352
256
5762
6641
9736
5559
9268
1479
8302
9725
7732
3096
7163
2728
473
7663
7373
5096
4388
10282
2367
5128
2905
1971
579
4265
124
3823
5746
2508
10056
8503
8264
4765
781
8908
5303
8095
1897
231
6126
2351
7371
5807
758
2741
4591
4899
1885
2919
7075
2242
863
2525
224
8019
6046
6628
5636
1824
8118
5684
5975
862
4505
4209
6417
4256
9299
2647
8531
4598
1605
7653
9071
404
3684
789
9806
7032
5541
0
3444
2232
360
8946
4107
3912
6601
235
8557
5877
37
3046
7344
5278
7558
6313
5686
5913
5924
6595
7270
1679
6991
3583
8518
8688
1187
10015
2776
3289
8275
6020
5840
7120
4140
890
8447
2487
5175
2404
1246
120
8204
2742
4838
145
8495
6696
5034
9502
9621
6999
4901
6921
9872
1002
6797
7794
9076
8399
6792
9432
1706
7340
9531
2049
9666
2267
7146
9686
4797
8785
1171
5915
7285
2612
6693
7737
1039
5949
8175
5790
5189
6135
4632
797
2600
665
2530
2531
9314
3163
3701
2991
2431
889
6196
838
6987
1982
5263
3273
4333
7299
10146
822
6385
8983
2799
859
8749
1729
2278
9118
9189
7243
9162
2623
9504
3657
4659
6478
7584
8161
3208
6044
1993
2015
3949
1035
2192
5070
6246
7418
5650
9813
620
1404
9187
7765
7908
2586
9678
6512
1123
6045
3363
9718
7423
2846
7236
4071
3727
2255
10209
9906
6858
9402
8883
10051
994
5146
7828
2309
562
1809
3461
324
4583
3584
7345
3294
8324
3704
7232
8261
7713
9382
8581
2923
6184
6847
539
6096
7473
1757
6671
4708
21
1347
8199
9094
4345
9533
5694
1274
796
10210
6808
3693
1176
5150
5441
449
4748
6383
2643
1761
8601
5989
2070
8333
7090
9510
3871
6158
6006
2518
4755
2692
4124
6334
6822
1585
3290
3335
7305
4746
6715
3365
3998
7731
3683
3900
3644
4537
1331
6872
9791
4048
10171
9451
4857
5886
9753
1625
8758
9156
6178
857
6995
6996
4232
5202
1684
7428
4541
5941
4526
10189
8615
6268
3125
7760
8505
8842
10224
5591
9656
6551
9829
933
318
5817
5896
7330
3779
363
1472
8130
4552
7613
825
10062
8403
3826
8383
173
7951
8339
10338
5309
7
2300
2576
9133
3232
9522
877
3482
5593
6578
1401
8504
3938
4428
1847
1739
9175
1763
6624
10322
6154
3697
7603
2825
2666
6212
4595
7522
6224
7415
897
7304
2458
9882
5393
4921
4865
3015
10112
9463
4577
3323
10003
1626
1413
4496
7314
7520
6398
1213
9517
2520
9041
10451
2086
8131
475
10166
1003
5717
918
5081
3153
9764
470
7417
7191
7006
4121
4994
6253
2292
5457
3543
5832
6642
4773
10200
1025
3434
1193
3742
4816
4933
6279
6119
6529
9154
357
1222
5596
369
3260
2805
7533
2583
8197
5592
4111
8394
2760
9388
5558
4203
1505
9574
9749
8404
962
2956
8034
9351
408
8511
1872
9660
4378
8147
9844
2537
7514
7369
516
5897
1977
3670
3329
2328
5466
2527
3695
4222
8032
4072
3947
7037
9020
2716
8577
10216
5242
7996
1376
5181
3494
1710
10215
8741
7975
4229
9669
403
9107
4304
4517
9159
9888
10429
6871
4253
5822
4224
9328
2205
5324
1508
3454
8300
983
7062
8372
2363
7045
7186
9837
5412
3544
9122
8020
10433
2465
7569
7701
96
3115
2319
6103
229
6718
651
418
5026
6051
6834
720
9112
8254
9474
1771
3417
3750
5752
9389
10
4677
1789
1799
9556
7816
2045
7396
1506
9525
10047
6575
2757
5431
2572
4202
8072
6241
1861
7277
4854
3457
3954
6701
8791
4679
6169
4052
3614
1060
9860
333
2622
995
4843
8649
5135
7460
7714
6054
4919
8931
4425
407
3606
1208
9433
4303
2219
6022
4599
10304
4698
685
2378
7977
5999
4733
4450
1554
387
9942
8044
4881
7730
4188
8816
603
3957
4550
3565
2887
5490
971
3642
8585
6799
1653
10079
1859
8187
2244
8539
5011
10101
6954
4038
2009
6543
10183
1857
6366
5982
4310
1319
8165
1241
5701
4449
5443
2937
3497
8775
6783
4223
1939
5804
4002
3475
7905
3789
8314
6769
8800
119
1820
4361
1808
8277
4946
3602
6536
3794
8966
7909
2636
9447
2217
343
426
4037
8112
834
6670
5271
3037
3987
3364
8400
1467
7381
9263
5438
323
632
4780
1108
3526
9130
10190
2682
7936
1756
5118
9407
6553
3267
86
271
8125
8322
6201
2959
4477
6023
554
10408
2680
10117
9302
9832
293
2857
6809
6283
1009
903
4306
7248
1117
7519
4509
8631
10153
5089
1839
2120
8947
9425
818
9064
456
3100
4582
4702
6969
9192
10276
10180
8535
7963
6600
4763
1628
1252
5426
2427
106
8049
7092
7883
1737
909
2522
7496
7445
101
8811
586
5533
7867
5396
4058
7275
4452
1047
2749
4120
7132
2944
4014
8093
2684
3332
6234
5792
1519
8186
1728
10045
9662
5841
7216
3334
572
7020
8278
2412
1639
9493
7621
8087
6532
9727
5485
750
9446
4617
7110
9286
9266
8752
2329
9372
10077
9239
8759
3322
4051
465
19
10206
1409
5607
3061
2150
6304
243
4337
6824
6607
7444
9017
5605
1279
9313
891
6021
9215
9573
7886
4701
4725
1711
1480
9242
7493
7484
1577
3677
7709
3828
5946
7750
3426
3860
4479
2943
9124
5755
169
3784
6581
6468
6825
2664
5682
7430
3652
6877
1156
9209
3180
1805
8729
8227
4979
8957
9850
9126
46
1223
9230
6190
4891
6247
4665
6522
1099
5445
10259
6751
4962
1155
10147
6361
8797
5780
4473
1403
3478
6155
959
3091
3035
543
6256
6362
225
3537
5844
5652
2995
1540
9816
4186
1075
9139
8614
683
8443
8763
7089
7642
1182
5444
1545
6677
336
8316
2124
8802
7488
3590
116
5963
1853
7376
2074
2746
4528
8470
1908
4127
8329
932
8569
7283
1655
1784
9249
5721
4788
354
6031
1810
5123
826
6942
9848
5609
4613
1957
7814
5442
8001
8151
7988
7935
4932
417
6257
1038
5693
1860
3868
6488
8217
10393
4874
9983
6436
3844
6393
8712
6296
6539
6682
8450
3277
2926
2484
8507
1762
9599
9677
5724
4089
4010
9743
9966
519
8167
7787
5543
1567
4409
4465
4006
5316
3280
10159
5871
4396
7175
186
4830
3486
5869
8269
998
3439
6776
8498
3898
4600
6281
9583
5434
7450
8257
9355
9671
8650
2796
2336
2241
8145
3185
4225
2638
8052
6549
7149
6010
630
7151
3959
4436
9534
4717
6444
8396
2538
3296
3065
10181
10139
6382
9319
8701
6526
10243
4484
3571
1722
6941
1898
5575
8831
652
1899
3629
8563
3817
5481
1063
5330
8921
4605
2942
6795
1220
607
8574
2872
8427
6955
5283
8860
4631
1764
3319
9016
3023
437
5272
4653
3580
5131
2599
3130
8787
9571
10251
10330
10151
2115
2731
7605
705
8510
5858
6708
1453
10349
3428
3796
79
6163
2434
10336
7690
3609
4483
1111
1179
7821
7508
3673
9726
1144
4916
6580
1460
8679
448
9419
75
10244
2526
6933
10205
3504
9028
6699
5440
3083
7648
713
105
6270
4493
7096
8697
864
2299
8413
4515
3903
4073
3643
8002
9543
7877
8179
193
4822
7202
5874
8632
5500
6988
4534
4627
9546
9694
3710
1290
496
2446
8332
955
3344
2
870
9914
6766
1636
2601
6947
9231
1584
3891
6592
9926
5141
2005
4564
10428
8665
7382
1607
2727
4502
6452
10202
7409
527
7003
2864
8562
7490
6029
2966
5955
7221
9228
7959
7035
3579
1041
3255
7185
4905
6339
1370
7934
5261
4864
2954
6927
2690
6
6012
7025
8653
7296
4031
793
2957
1333
3966
7628
6426
6183
6515
2317
794
8744
17
2968
9693
7570
690
2614
10252
8388
10198
5576
5525
2800
6675
556
8817
7616
7580
3837
6521
10096
5229
3034
9170
4955
217
8449
9153
1972
6528
1034
10094
6168
6055
7466
6122
8663
7927
2903
6078
2895
1690
9979
8126
973
8955
1562
160
4513
5509
4130
6886
9557
5402
6220
1209
6632
9877
1533
4180
2418
6787
926
3033
4332
6865
9776
2179
9046
6484
2977
4977
10080
3556
3030
7847
817
1642
7802
2027
576
4578
1288
6992
7694
8466
8580
4879
4003
1592
10260
2196
4711
5295
7222
8541
1475
5041
8351
9793
10367
7647
9576
4245
5375
6359
4922
3867
4362
2435
5521
4606
1420
8046
741
9241
9751
7023
3582
7346
3857
1599
9052
9301
3032
6099
9150
2628
6164
9548
2901
2620
170
4435
10452
1070
9035
9717
3133
6712
2164
1622
10290
2392
4015
1264
1677
10029
4803
5623
9515
2985
4262
625
4424
187
5943
7081
3567
199
6610
8871
6373
7530
8290
5415
5350
157
7412
10212
6427
7619
8459
3246
1510
3369
7233
1955
2295
9766
2455
6160
8780
4305
1463
4464
1286
4463
695
6102
4344
8845
6919
3829
7950
4709
4568
9116
2387
2409
5479
1864
9541
4163
3451
10455
9699
7801
979
4775
9750
1390
1921
5310
1601
7623
9467
6710
3468
3706
4099
5185
2847
5860
5654
6305
4126
7986
4658
1576
7332
9866
2973
1566
9361
888
5163
5808
490
5293
9807
6606
7148
989
7851
8681
10375
6052
4387
1137
570
4240
4091
5489
3119
6007
6538
5661
5764
7863
1834
6441
9786
9570
706
2173
6489
8014
1307
7998
9340
3242
2349
7027
3449
9199
183
3384
948
8099
7076
1616
5045
8352
10332
1518
6700
5803
2397
6976
2653
9955
1904
9853
7546
5504
3229
3039
8847
6318
6242
3846
9293
506
1589
4151
9535
4657
5602
3190
10331
9905
2554
5748
1900
1559
1077
9889
6785
4110
10109
4827
8311
1855
3876
1871
5992
7592
2352
6371
8646
8936
10178
6823
5319
4778
5783
6157
9912
5274
3184
151
6788
8368
3586
6251
10013
942
3177
4930
4633
3592
595
6306
1882
827
4134
1661
8246
7976
8008
8499
8533
4218
7482
8599
637
9633
5864
4113
3413
9600
1386
2067
1294
8100
8943
7397
641
10314
1819
8363
9454
6760
9616
3788
1721
3851
2533
3767
8794
1159
7850
9346
4576
494
3160
4152
604
3804
792
5023
8303
7028
9428
4148
6609
1535
9055
7227
1991
1124
5389
8835
10241
7453
7876
2838
8764
6889
495
9978
2304
9553
6368
9214
10027
5564
3240
7286
7119
2172
4417
7529
2998
4593
2171
10373
9369
7098
611
8055
3509
1767
1206
7859
10374
1073
9530
6829
3653
3816
9244
9689
5534
2020
6817
940
486
7038
6067
8312
10192
5923
7507
1632
5462
3559
851
9611
7013
8573
2450
9141
7483
5378
10342
274
5398
9042
3979
2338
8334
4532
7733
379
5420
5299
6490
5344
9029
5905
759
4783
4950
8009
10124
5276
1990
997
6002
1750
5482
6286
4880
5849
2932
2911
6738
1634
3894
4372
6807
6244
7087
2468
3862
5022
362
4639
6717
6152
10404
2790
801
3909
2460
868
9782
9687
6421
1438
5046
4945
1948
9439
4817
1441
5486
10377
4522
6902
4453
4972
2325
2154
6882
5362
4454
1167
3595
7188
5360
399
7419
2201
1314
8549
4293
8153
4013
9841
2374
8159
6651
8375
8228
4619
2762
5456
6259
7830
1049
10444
3143
5853
464
5552
4274
5685
9359
277
2038
3707
7351
132
9723
5136
8975
1141
9948
6841
3447
178
3741
3485
2988
10227
3044
4597
4235
1068
7105
1461
6981
9091
7665
5584
2566
8435
5040
7974
390
6225
7209
8273
144
4793
929
7224
3455
162
5353
638
3241
2721
9218
8602
6346
6962
910
9610
9356
6567
378
9401
7793
3150
1353
2441
7413
7606
3259
9462
7833
8170
9065
840
4054
7604
3266
7674
9010
319
197
4572
9684
3612
8935
7894
3637
8832
2035
13
273
1967
10018
3178
3927
6418
2955
454
3527
3593
6924
8012
6770
2180
4562
6028
2888
3737
788
3902
6619
5468
2754
7624
4712
505
10026
1996
1978
1236
6354
9910
5738
5695
9404
5657
2333
4954
3167
5834
9333
1527
3272
1516
4480
7858
2415
9492
8655
444
7431
10137
4443
784
892
1282
10438
1862
8341
1306
4914
5255
8636
5570
6285
4694
8897
2564
4782
7303
557
2579
4363
3915
6544
73
4623
6864
785
4629
3331
5349
2541
4818
2521
4723
6337
7212
1186
7741
6064
3528
967
3687
3405
10087
4616
376
1315
3456
3506
10272
6694
2158
1886
9902
450
8859
8013
6741
8115
7337
9881
2885
5455
8993
10454
746
5280
7011
7978
9547
2442
9873
7118
508
884
423
1411
4042
524
3249
1817
7870
5024
4742
3783
6014
8990
4147
8473
4025
4001
4230
1112
460
10277
10140
8485
6194
2388
5619
4100
4511
1052
7068
6666
10366
4466
4260
4846
2479
4185
540
4308
4105
3314
10424
9311
9411
2502
6269
4290
8225
2497
2156
7391
3110
9760
6893
1266
1263
3569
9887
8948
4208
8497
2778
2424
9960
5758
9014
3111
1892
9808
10108
4084
1091
6419
10365
3762
4336
2089
3136
3990
9969
3192
6278
3981
3117
866
50
2344
2449
8048
3379
2863
1421
7160
489
10422
3525
6895
7157
3108
4429
583
5000
25
8326
7523
7515
961
1217
1001
2660
10418
2193
5461
9675
7300
3832
3406
7932
8872
1449
10347
2496
8085
931
1435
4376
1407
9712
9088
7673
6777
10271
8703
7929
3728
8745
6206
202
5782
8078
8195
547
2814
4319
10296
292
9713
4687
7776
9480
846
108
8801
1629
9730
4017
582
7009
10288
6181
3496
6709
3800
5811
7088
7931
6297
7779
3174
3631
953
113
8944
2568
4978
5597
9232
498
9759
2859
5480
744
5835
1224
6611
6984
5978
4288
2681
9817
4314
7204
1816
6471
3517
7251
9456
3858
308
4086
4413
9685
883
7638
8683
581
8605
139
1414
278
9039
4579
9195
594
6638
2573
1654
2234
589
6660
9953
8693
2153
1027
1602
4459
8301
3578
4975
5627
4068
2702
1507
7962
8666
2545
4789
3389
1791
463
1760
1485
10321
2048
6973
1374
4021
748
2348
3669
3533
7491
7427
8366
3013
3711
7983
2535
3890
1010
4756
3196
3989
8961
4083
9374
6355
5273
9661
1919
8367
8617
1238
7171
4412
1228
6753
4825
10186
8836
941
5773
4630
7873
4482
3732
3821
7036
4340
3158
10165
4233
6778
4745
6399
70
9484
112
4357
1752
3093
9309
4625
2343
8595
9609
3811
1705
5882
8940
4298
1555
8306
4133
6342
8242
1619
9582
8743
7991
791
6266
9618
5421
600
8572
1470
8844
10289
1571
2639
8962
251
4114
8725
406
6351
6431
1800
10158
2026
9003
10037
8770
9763
8771
3103
4029
9908
1254
2695
7853
3913
1205
1856
7540
1952
8622
4137
180
7893
4689
3401
10450
2661
10010
7923
7984
7577
9931
9461
719
8713
8958
8508
2061
7710
4769
7424
10283
9852
1215
133
2775
7060
9137
4911
8419
8460
790
9458
7715
6846
4195
1790
8707
7954
3730
8869
1915
7452
2632
2489
7004
1284
2674
6498
6482
5217
5380
7860
5687
10075
8980
6510
8245
7843
7969
223
4589
6175
6293
3771
1192
253
9683
7685
525
8214
7961
6806
3016
7331
5213
2499
1716
9800
5182
1865
601
6590
5926
3422
6446
1983
5069
3474
8209
3002
6909
10143
4322
493
6239
3355
331
8054
4647
5824
7063
9634
7387
7231
9896
1532
1225
3939
5786
4169
8686
2357
1348
5903
4851
5513
6934
5642
3551
1598
215
4987
5236
4520
8164
1150
2519
939
1735
5733
3487
10175
3197
1337
2512
5400
2430
10344
10098
9970
4669
7058
1699
7699
6884
2104
2870
2335
5156
566
90
7455
5656
7054
5655
8691
466
5579
9880
8514
3298
3714
3053
3339
9845
6899
1946
10193
10126
8634
7318
7716
5590
7435
6389
3226
5937
7355
4350
1666
5993
1868
577
3205
2671
5647
2840
4244
6650
3095
5892
5876
1240
9184
3615
1434
972
2032
7234
5846
10412
9701
8718
2117
1057
7652
6017
2986
8621
5794
6716
9350
9624
1231
3776
9747
8139
4433
361
8475
6090
9367
4986
4931
6541
3059
4906
3284
3863
809
8616
6000
1502
9380
8509
4498
6631
2004
8751
7735
7461
2448
2656
7865
9790
2500
2853
1845
6885
451
7477
4269
3340
7220
8344
5598
2510
416
10127
1753
2841
9748
3768
356
752
9394
10262
4056
1072
2649
5951
2243
6888
4143
2781
4458
5985
878
5478
3488
4434
10069
1146
1497
1071
5954
8463
4944
1525
4096
704
10164
10114
5473
338
8391
2928
3188
9494
6139
7039
3350
6396
8918
4608
7565
2712
1425
9879
4390
5918
2822
8777
2133
3918
575
10084
3010
3182
1418
7405
1055
6570
8789
10439
6358
7874
7910
2644
7439
9795
8208
9836
8247
10381
10355
8922
8692
5251
5411
2860
5510
4078
10118
9145
6414
2125
6673
6985
4860
435
5265
9342
779
9516
2574
10059
3175
8200
6894
334
3412
8772
8356
1832
67
2724
2102
4309
3492
9560
1148
9095
8555
5643
1455
8925
7127
1624
8858
5204
1818
10441
325
499
6639
4291
3545
3538
6794
760
3993
830
1445
1235
8565
2006
6438
9211
1491
9703
352
1330
4219
8033
2788
833
3287
5372
3646
4985
9291
7579
6319
1740
6713
2597
7641
4353
1520
4510
9134
3315
8116
1008
587
10028
7538
5891
5569
6137
7822
3425
3264
8235
9527
5670
1588
9928
2780
7939
1096
5947
7585
1927
7472
1644
9022
1938
9348
5842
9991
4036
8439
9011
3787
7335
40
10311
3263
8428
3978
5532
3269
6763
7295
8421
7432
3387
4022
4382
723
2648
1395
7247
10145
7875
974
8762
10230
820
4620
10301
8901
63
10000
588
5427
410
6496
393
2184
4415
7568
8979
9589
1004
337
5580
4718
1382
1066
4523
222
7012
10401
5540
4024
5370
3883
10261
2375
5327
2302
2642
6765
6003
6231
8537
2931
3654
10253
3060
6669
8060
3880
5785
252
8025
8414
6667
10232
5873
3805
2672
6859
6085
6219
2134
4592
2711
7422
2732
3479
6501
4806
10376
6300
5047
2029
5323
4656
6516
1612
8361
2485
3346
10172
5385
916
9563
1976
6310
1954
966
6117
5078
1488
4638
3194
5625
4406
1925
1402
4478
2345
6695
140
4427
5502
10121
5166
6033
1180
560
2836
615
1482
8128
1944
9962
8819
5006
7720
4590
3416
3391
9815
3814
9818
9542
10213
3563
4150
7192
114
1384
895
1851
5100
7601
8850
776
9111
89
4407
2159
8455
227
7241
349
8675
6830
72
858
986
9893
5983
98
8488
8101
4389
1074
8907
10102
1842
1933
3639
4432
2444
9638
9941
3000
9774
5827
9657
4176
8870
9395
3641
10201
662
4016
10012
7358
9285
6511
4088
3491
4596
876
936
6116
412
4379
8934
4254
10329
2047
4489
2384
1701
2947
3200
5038
9607
4764
6210
9690
2174
9810
2012
77
6653
9935
5113
6960
8548
2426
5318
2667
8638
2013
2065
6742
5586
10268
1432
55
2811
2624
7471
6363
2130
2018
9391
5154
9653
795
2827
8698
2869
5810
7015
419
6424
7258
302
8630
4221
7919
5059
4612
7982
3736
10162
9644
2630
8534
5601
8359
6605
8760
1181
8405
7581
969
7311
6951
7467
9061
8968
10270
3020
3114
2451
10019
1178
3757
3382
1134
6832
10333
3235
4813
5818
2874
5331
8643
3064
1360
952
711
121
191
3793
4455
4472
2683
3420
5699
4676
4875
2290
3635
6216
3769
5302
455
7749
6153
6932
7293
9366
9325
7225
1335
4179
4611
8207
9780
7832
10317
1627
3306
2662
5799
1650
7526
8464
9649
265
3480
2910
4904
6784
2967
807
4119
3154
7390
4892
5523
2557
4812
6793
6249
4635
1255
8192
3803
442
440
4869
7944
4915
1281
5820
6643
9532
10120
4758
413
4721
8249
5511
8183
2482
2748
6080
10233
10432
5774
1783
1682
5675
3484
8310
7902
7590
3917
9190
4995
5084
156
9549
9212
8560
8045
1772
7217
1896
9074
8641
7885
666
4870
3433
1511
5241
8365
4664
7108
1829
6209
8526
6380
9279
5945
5049
8319
7664
10434
2697
9958
6123
6963
640
4043
7966
3069
2266
9077
4456
8382
2413
4771
2916
10176
6151
3627
5821
9996
7480
7795
10240
8028
291
9167
7658
8489
5129
104
2054
9773
8408
8206
391
7091
6172
326
1880
9398
2691
1912
9330
3440
7400
8108
9992
6312
2249
8899
82
10090
34
2879
6118
3286
6174
9443
4910
1338
3964
1582
9904
8604
1378
3040
3300
9640
9238
221
7809
9849
2975
1714
2204
3824
10320
9663
1340
1928
4974
1926
7630
232
4747
10110
4115
2291
714
9274
8556
2676
8369
7384
5825
270
985
9464
7019
7914
4533
596
8471
4393
5207
1647
7838
4145
5527
8619
3795
4610
2924
3375
275
4267
8915
4772
7046
7777
4034
5231
3054
1430
4518
7633
8102
7024
3204
5629
2769
3152
4559
185
7918
1883
10356
1250
2559
3613
7316
6261
10313
8809
6747
9967
5667
3324
10431
4741
1876
10031
6058
4519
3735
6233
10144
3293
9188
2714
8335
7099
2185
3027
1185
6232
9136
7213
7602
10092
4494
3423
6187
4057
9178
8740
9087
483
2785
671
2063
5725
204
9036
4170
815
9876
3942
1204
9892
3144
9986
3431
6582
9577
5994
3164
9329
3398
3984
7564
2240
3799
3403
6440
6115
6072
6945
7327
3729
6027
2034
3549
2407
6791
7411
3722
2651
9716
6802
7725
9628
6453
103
5307
3402
3276
3394
1617
4834
8453
9332
8189
9031
4205
10326
9488
1114
9339
9044
5668
7770
2443
2044
1439
9216
2429
6780
5188
8381
7762
4347
9495
269
1873
9370
1161
8053
8024
8354
348
5878
5731
9204
1024
9270
1357
9627
10456
8476
6479
6199
4327
8656
8491
9489
6665
5282
226
5275
2779
5562
8281
6930
10228
850
3529
2813
4055
7084
9519
8538
9422
813
6542
3819
2858
5018
2752
3074
1125
4929
9278
4898
5165
7438
8331
8924
1621
149
3560
9396
10083
6250
4335
5973
9284
6203
2831
10155
6732
852
943
530
7049
10281
5620
3361
8761
10130
9500
6059
6602
8765
6958
1894
5336
5709
9414
6335
3102
6472
2708
2310
240
7279
4641
8144
7385
9742
9210
608
4580
7544
7700
7871
3822
8325
2570
7262
4405
7111
4990
5728
7406
534
9185
8967
7282
10217
7093
2866
9921
2793
1852
4289
4094
3265
6357
7348
3055
10039
4116
8486
4356
4000
7772
2432
5245
8618
6637
5215
3351
9635
1734
60
2562
3594
1556
9856
9891
4829
2908
7656
7736
5257
6105
7259
3986
2698
6974
8673
5472
1843
5314
574
9197
2163
7723
9641
6557
9310
1422
84
1032
8336
6759
10042
1437
3349
3515
6093
5516
1673
8726
4673
9108
1415
10022
8496
2696
6084
6492
6514
2069
2970
5622
7421
8568
9307
5631
8458
3414
3831
8402
257
7609
7398
2745
10345
2101
1664
4831
4503
5515
1253
3548
8805
6964
2765
2220
5740
4828
4194
991
6654
3952
7044
409
3869
4481
2795
853
3574
915
8592
2422
9408
8117
2763
7498
35
2892
8937
4663
901
766
16
2461
5522
6377
5845
3988
5315
3203
9505
1854
2606
2999
5198
1429
1346
8239
2469
7080
2123
9253
6230
7943
2457
2100
4539
6744
5171
3808
10222
6736
8520
2447
4751
203
1248
3051
5962
3603
1670
753
8648
328
9048
6004
5371
3311
8260
6437
9497
4311
5986
6455
8891
2314
484
7274
3138
1968
3473
5227
7926
8188
10188
2481
2548
5057
2725
6569
6579
659
10085
980
5142
2978
9559
6640
6720
3305
9457
1733
563
8243
7372
8065
10453
10167
7142
9067
7441
7823
4445
5760
10103
6497
5067
9305
5178
8003
2774
9166
4784
10362
584
7913
2175
8467
9198
8480
3312
10119
1051
674
6320
1133
1715
2145
8863
9938
5857
5447
3376
5196
205
3923
10064
10034
4146
7774
3047
2195
6076
5401
7474
6372
2751
5550
6979
4294
9405
10445
7155
9630
3908
4743
3782
6394
3470
8867
5925
743
2221
3760
1953
6518
7238
4917
5477
2113
439
8879
6197
3304
5211
9514
2555
10403
7849
9267
5209
3638
8914
6855
9337
297
5806
5735
8984
7582
899
1638
7324
509
4070
2611
6083
7059
7263
4418
3262
9679
2131
3187
2090
9597
5772
7987
9054
1040
218
9509
7420
2452
629
9562
9629
4984
263
3621
9733
4103
2194
5164
4982
9959
1316
6097
3090
6299
7947
9413
5404
3854
7509
10135
9769
7852
2168
946
2984
7904
9720
4211
8892
9306
7808
4768
6402
1911
6910
6125
4738
7065
6456
8733
3429
9127
2862
175
6284
8865
2121
9354
8669
346
764
2772
9651
10168
5347
6092
2592
8079
5589
9237
6061
522
4045
1184
9269
7235
7753
4731
9421
7945
258
8416
8236
3650
7626
2483
1966
10132
5352
2060
503
5870
1848
3386
5831
2490
6138
6956
8768
6025
5557
1889
2039
3658
4377
9809
780
4903
100
2753
9771
9622
10310
5736
5173
5730
6301
3137
10423
4160
6066
7219
244
3318
6997
9768
8380
5775
5183
9551
4645
2645
6891
2941
2495
10009
5225
5247
8080
4469
1709
578
2285
3043
2354
8694
7255
9477
9998
1688
8092
7554
6845
9086
8140
9387
5749
2580
9639
313
7338
1299
3720
4488
709
9976
9482
8736
9075
9949
5677
1708
8661
1016
9316
7112
6228
2080
5928
6360
854
3756
6850
1230
5285
3316
2893
571
10007
4692
2293
4063
8949
10256
6050
7199
6273
1017
1536
2593
6505
2075
1541
2556
92
10184
254
3859
4642
3359
4470
6100
10415
7016
1738
487
3071
8786
924
3230
1
9059
2359
7869
7078
9114
4249
2478
3524
5681
10067
6049
6447
3063
2369
4824
9932
5068
7576
2542
7357
691
3006
6272
1126
9682
515
5995
4178
9511
684
2162
7698
2492
1931
7128
3755
7266
8289
8522
5290
2400
3503
3227
900
4241
6574
4383
6691
8893
501
10054
957
5232
7958
2256
7309
3392
7386
8068
4553
5082
3671
6223
10208
9508
4877
8015
8747
9518
4192
10447
8362
4525
3748
9779
1170
7131
9196
212
3914
1487
4420
5633
5855
6423
8523
5933
636
1802
2929
129
5568
8861
4761
8529
2657
3370
8058
6336
1287
1295
7334
1849
2534
1021
3698
8017
6844
4685
8345
4805
2245
3086
8702
2428
6316
3179
1504
2794
3476
6030
526
6967
3761
9312
9647
5033
8559
1142
8542
5484
2625
2072
5087
2802
7407
7031
1132
1719
5743
7706
1364
4885
5145
8379
2640
1766
5921
6370
5850
7901
6756
7310
9012
3088
5863
2951
7967
7165
6965
1428
4897
5539
823
6255
5865
4953
935
742
10357
8998
10400
161
6217
6227
6235
411
1152
8350
8481
9448
4795
2440
893
2982
2189
9916
2536
6042
7442
7260
8815
860
8974
9846
2107
7126
9615
5644
7726
8203
6563
6073
4324
9767
4648
3896
7500
4050
5155
9056
9429
2088
7187
8662
9528
10245
3042
6011
9152
5117
8146
142
2917
6493
3764
2856
4675
4109
4285
6323
8084
10133
2167
8437
7536
6731
2152
5588
8190
3607
10436
4655
1867
7501
4216
8711
3021
195
5414
831
4190
6994
2315
6420
4671
5115
549
3649
734
3661
3341
6983
3692
8905
3733
8952
8730
8591
10011
4066
6434
4095
1349
1604
9276
902
4430
8287
4737
4364
8676
8021
4546
9315
10021
2972
6387
10229
1312
2410
3328
9098
1120
5704
5010
7115
6814
10308
5337
2393
2904
5246
3539
4762
654
7353
4375
7930
6406
7083
9820
135
2868
1754
6568
165
429
9835
6222
3839
5563
2881
4359
3679
2816
80
5160
3712
5889
3997
9418
2420
8180
3972
3522
421
220
6506
2501
9478
1749
7495
2619
7531
5506
2215
8895
945
1918
5859
6131
8294
9645
9830
1177
2514
95
5460
6836
7591
8987
2181
9700
5137
7589
5505
7756
984
5027
7380
4026
10284
5435
2028
7129
3081
5233
2230
8308
9043
7230
4529
1669
4112
2918
8982
309
1745
4560
3888
1614
9069
3216
2209
9181
2747
1078
8994
4367
2750
1154
2190
4035
5816
2849
3275
5088
2964
2507
3992
710
1451
3256
6464
7695
3410
5940
1866
1723
6887
9728
5854
5914
6839
4087
5286
9045
7347
4248
9834
9473
598
7543
786
7410
2703
8250
5611
2191
5077
1100
9128
5453
2396
2281
4198
3371
5009
3723
5208
6411
4878
9783
5729
6254
5910
6531
5979
5617
4117
5912
8950
1863
1149
10337
8727
2551
3465
4299
7365
10279
8964
2001
6789
1583
806
10249
5747
4491
3802
1662
2686
5074
9664
7029
8121
9172
1342
643
9182
9617
3940
3759
9652
10050
8256
7895
8637
5967
8584
7001
3798
7145
4106
3435
1942
6926
3467
8714
4079
2380
655
1742
7518
4461
8193
3404
2767
2673
5970
7799
6585
7329
2160
2608
6508
8916
4536
8266
4292
6692
7433
2493
3077
1459
2880
4586
968
10427
8006
10163
8951
6114
9623
4801
4423
9335
1036
7956
9710
1292
2621
10254
447
242
3536
3080
3309
3731
6166
8536
4039
8551
7887
8412
1509
6728
4276
770
3608
8263
9375
4557
7783
8433
5638
3278
4167
738
1550
1327
9507
5594
6615
4154
6812
97
9523
2331
6295
9113
7738
1731
3634
386
7506
58
6369
975
1785
1452
2083
8798
7545
1442
1197
4318
4076
6800
1083
5600
835
5560
10148
8903
5452
2815
4005
9971
956
6170
6509
5297
9015
5900
3202
800
1400
10088
6443
626
2259
3820
8721
3500
7884
2550
8077
2641
3424
1973
5848
8461
2786
5214
5998
9580
729
5345
7261
1457
6188
2610
1792
9430
4781
6625
6292
1324
9025
8882
10295
3562
1160
8808
6111
1696
5106
7069
