1536
1563
32
1457
680
361
1196
624
2274
455
1855
2156
1042
2151
1268
1654
864
1231
635
2195
166
2110
29
2210
1594
1430
234
509
480
818
2235
1139
1385
634
403
383
964
356
1021
1045
57
1474
712
2111
1951
152
1879
1023
1650
662
2039
1152
1640
409
1465
896
912
1397
1876
1831
2359
283
131
1198
1470
784
1846
64
196
2290
1415
980
541
1406
306
2126
1543
1984
235
363
2002
1931
1379
2199
665
1210
720
2216
1894
1445
653
1467
126
2189
1509
889
2465
2336
1084
1455
1962
2468
606
1251
1365
1487
1930
1660
1890
492
1118
1073
128
2339
322
876
932
308
1354
1347
1605
1208
2442
393
754
1432
1031
1135
1051
2009
387
1048
570
622
1811
1289
294
269
875
2327
1329
261
2207
1757
427
2269
1434
222
1966
290
264
1466
466
794
920
341
1183
206
1537
1002
1752
2341
1959
1748
955
1622
255
395
1803
2360
1361
1896
2131
368
2024
1553
1857
1623
2492
1241
2044
797
747
1832
1709
677
668
1675
1413
2497
2299
827
1756
573
2093
501
405
2361
1270
586
553
2081
187
1729
1368
219
168
2046
1119
1911
1865
496
1302
2103
2192
1174
1356
1696
2325
975
1519
1932
1000
204
671
65
759
1186
1006
1718
2481
2182
317
1384
1377
13
697
1620
2261
890
2102
1552
1677
237
1398
1325
1530
1262
1624
2206
1112
1383
1438
180
279
935
610
174
1644
1751
859
768
2486
949
2086
1835
1921
1004
1255
1965
160
2433
474
1191
1615
1168
85
1410
936
785
989
2107
1396
1259
1235
1627
1404
1399
55
856
23
1093
402
2309
2168
1100
826
737
347
1122
627
35
999
149
226
2370
749
986
1809
1570
681
927
1341
581
1421
1581
2203
993
242
1460
1071
437
1639
470
1683
566
2169
1511
1907
382
67
340
2167
1264
1915
1925
1440
1306
1518
1613
122
1773
2197
1316
1694
1207
923
112
1126
178
775
460
1799
1737
613
679
1868
459
1492
2438
360
419
868
1724
722
1435
284
27
886
1872
1357
1129
654
254
1625
124
2238
916
801
233
2419
1221
1336
695
1094
1569
1549
282
429
2017
1082
2495
1531
998
2456
1040
116
614
406
224
246
1739
895
673
1155
2331
2055
918
1109
114
1171
1352
943
1646
1193
303
1580
1802
94
2042
2022
2404
494
1200
1367
1779
28
2350
666
1816
2346
2212
1280
188
1110
991
1124
205
2153
1510
652
1114
327
1741
1394
105
672
2116
2300
512
2101
978
250
1666
84
1826
503
1127
1713
1528
2311
1105
746
30
1995
1723
2273
702
2128
1331
482
424
412
643
1961
1362
594
2066
1436
2462
1178
391
1281
297
1409
1022
633
2077
325
2394
2006
1087
433
534
1330
1544
366
2214
307
11
1997
1989
2342
2171
1651
2402
1534
1278
1340
1551
1471
2090
2279
1689
914
2194
1057
442
1113
1111
2070
145
1782
623
329
1222
486
1282
545
524
1099
1749
745
926
2305
1028
1923
2285
2031
658
1909
1478
834
1338
228
1789
585
1020
2020
1579
2470
1233
2228
976
0
1310
960
212
49
83
1321
1887
1798
744
293
2154
2037
1184
2076
1150
97
758
82
537
1417
385
2467
1953
1913
434
1477
1252
1213
58
176
538
877
469
2459
2159
1203
1189
1408
516
1589
2432
1695
735
1643
1969
1017
1089
1351
1131
1810
220
374
969
2250
1820
1558
1493
420
95
1228
1165
2298
2303
505
323
1450
2334
399
536
2393
349
911
1902
1489
1979
1987
2365
2317
1149
2420
682
2428
2166
1059
708
2227
390
1827
1314
414
756
638
147
2310
548
1830
1974
805
940
987
2357
867
1996
1107
719
2306
1342
1254
2256
1226
2113
1312
685
1524
574
2088
2141
2241
1176
1227
343
1542
2484
1271
2382
1682
2149
618
1910
140
944
1927
587
241
1212
456
659
491
521
2204
577
40
2375
1315
117
742
217
2257
502
1812
2445
1688
1272
225
687
2208
90
1276
1496
2075
1920
1618
1712
70
1013
1710
1567
2003
1916
517
1442
2205
1960
34
252
529
1483
190
1269
1295
533
571
150
2062
604
1304
1837
2332
1389
938
2353
957
1732
2410
1300
93
2063
1513
1795
832
1874
183
2065
523
2447
2014
1096
365
564
195
1500
1862
2069
522
277
2398
1344
532
1061
1922
18
1081
247
1760
1205
869
1522
2246
1778
873
2372
1616
1698
194
600
1801
2401
2421
2314
79
1388
1261
1793
710
2071
972
615
458
707
1060
763
2345
2028
2328
2018
106
939
1903
373
185
2440
2319
182
2021
1416
590
698
2224
59
476
973
1582
214
2358
1253
157
919
1076
488
2260
1277
2236
907
1554
1699
1691
1482
1508
1821
1064
540
2217
2158
787
726
1461
551
1762
1072
2395
477
1014
490
1794
1556
1655
36
760
1722
1806
1717
2011
1755
164
1664
2025
1917
1575
871
776
191
1194
2296
1506
2144
1010
1334
1359
411
389
1405
705
1833
924
1656
2376
170
1083
2478
1426
1587
463
1697
2391
1494
1532
583
2374
367
1685
1584
2133
691
2243
1937
1523
1148
1230
2458
1355
1619
330
1883
696
2083
1636
438
1077
772
2449
736
334
2173
331
730
144
103
125
9
1839
930
550
111
1223
236
881
880
1742
1719
2388
197
289
2324
2130
1343
1708
678
2455
275
1256
1169
2004
1632
47
2084
1956
597
1704
1133
1128
1853
448
50
860
1274
714
1419
2473
319
422
2367
1972
885
950
2318
2322
304
2479
1030
549
1714
1293
1638
701
977
1648
2052
2121
1880
99
560
2160
1324
1982
1859
1828
2453
2078
1754
1266
2287
640
1747
439
2308
546
779
167
1599
1265
285
1218
2464
1711
2138
994
715
811
203
1418
2105
2474
1928
1146
2008
2229
146
2291
2436
1339
1070
1206
1240
2435
256
910
706
945
1382
700
2461
750
443
1662
965
22
345
258
552
2278
8
892
2041
2082
2364
31
1491
562
344
966
473
296
2387
1517
2184
1427
221
92
2015
883
1443
2441
181
1349
1562
1785
825
2010
953
578
2491
1364
380
791
841
2498
689
1026
53
1318
1062
1504
1964
1288
1055
299
56
1016
1187
764
48
1514
2487
6
937
2225
313
1800
1054
1495
2213
1505
2263
184
898
1598
563
816
110
198
41
2249
1527
1401
1641
371
2175
842
1454
1263
2165
2115
493
1163
45
925
879
1659
2409
210
232
1498
2485
1924
840
17
245
1926
575
1525
1836
1159
2294
2061
508
1458
426
530
1098
836
441
2193
425
1889
2423
1790
129
2362
2109
862
751
300
379
1676
1102
1980
1245
1526
1108
2493
311
952
19
353
1601
2429
568
452
1431
2476
1628
1462
42
1009
159
1370
2073
244
2134
1049
80
497
882
346
2254
1015
260
2161
913
100
39
1403
21
1606
1895
1541
1327
511
963
302
20
802
451
186
1086
2443
2072
1140
454
2187
922
2371
2446
1557
1037
506
628
7
314
449
1267
1481
2280
2230
1291
1433
929
2329
1097
2104
1332
1936
588
1869
1578
728
1237
611
1882
781
1590
2231
386
984
1121
703
413
113
192
1592
407
384
1181
1322
2378
646
1369
1301
1912
1998
33
1888
479
1328
2190
2036
119
1246
1690
1209
2426
46
1776
2139
773
1158
2412
2323
813
2191
1503
1449
12
874
348
1297
2080
1769
1201
359
1597
44
2422
1446
1860
1546
1813
2379
1661
1609
1576
2384
1899
1137
2383
558
69
513
1861
1287
1375
572
381
1250
632
1464
2157
1939
1672
1944
1391
843
762
1238
127
1247
397
2471
961
2248
2373
612
609
2368
717
2337
378
462
2119
1986
2089
2068
1892
872
1258
1642
355
1908
852
134
1360
1547
2023
1292
1668
822
130
1424
1586
280
1764
1990
1052
1604
1663
1512
1970
1626
741
2407
1631
1595
376
2183
1834
557
954
1074
1363
1692
520
1629
2223
732
729
342
133
819
699
1284
1891
2344
1047
2215
2475
1611
824
933
2186
1043
2218
1484
2016
1679
1564
1947
2377
1900
1167
1008
1012
2209
263
1702
2286
2425
670
1387
60
98
2188
435
888
1294
2201
2271
1145
1125
1566
683
2288
565
1707
853
2363
1726
651
326
2142
1866
1239
2030
392
1063
1693
1973
770
902
262
2427
416
1753
377
107
1018
1092
1967
1687
674
884
151
1217
1805
1202
1439
1610
1572
158
471
804
1161
1115
1170
1792
971
1529
4
202
72
1674
817
2352
1499
2226
1728
771
605
1386
2293
1475
2145
1768
91
1929
1046
2482
1884
10
1825
974
74
845
554
1669
2315
738
1633
1298
2180
808
88
453
2480
1025
1781
629
1378
467
1520
1066
1429
278
1841
1847
1746
253
2386
515
401
24
240
1053
2340
2282
2413
2143
1585
1211
1630
1858
981
1488
1767
519
1392
338
806
1502
1731
858
1897
2265
2333
1848
766
1735
440
790
417
2408
1188
1673
851
1138
1681
1309
498
795
686
25
316
1796
2242
1515
2247
1516
1273
38
1468
2244
1033
1621
1705
1172
650
1120
596
230
579
1173
1652
2091
1791
1775
531
1978
1977
75
2234
2152
2381
1686
661
2437
62
2284
1286
457
507
947
591
2237
1444
2338
1479
616
692
2176
475
396
1229
2452
2032
309
2219
2137
2494
967
2198
810
1538
2005
1175
1561
2264
800
268
693
1950
354
1463
87
142
101
1473
2354
388
1451
1275
1670
1147
1878
1257
1867
1011
54
2347
423
2200
1249
1815
1854
1770
2472
1715
372
487
855
2267
63
2047
2463
2335
2466
908
1248
1808
286
1727
1933
2079
2355
410
1068
1577
2255
1954
1501
1485
2469
2414
2454
2434
1080
1215
664
270
1180
1788
1602
177
481
647
1414
2178
1029
2123
835
1024
333
2098
1308
580
1065
780
713
1425
2220
602
1374
535
2302
956
172
1453
68
1658
820
1156
52
209
2343
216
2297
1358
1390
1311
1044
865
156
1448
2460
528
37
2019
2045
1346
830
1700
137
1117
200
630
1851
2400
1540
850
351
1838
332
863
273
769
518
179
704
1875
599
1893
849
446
1716
1143
2418
1182
1957
89
1372
364
814
1199
1116
1
2221
1814
844
1940
431
788
1032
799
2211
1607
2026
193
1680
2
2406
312
1730
2117
847
1088
251
1740
121
1313
846
1780
1771
1162
485
2307
1279
1411
1234
1142
1856
595
291
320
1935
1003
1976
2397
642
1981
2385
2389
648
2000
2120
1824
988
132
1942
711
2431
1637
421
478
1381
1472
2099
489
73
138
909
2489
921
1822
2270
878
223
2048
2140
1559
1535
1456
1807
2312
607
1952
1420
510
136
982
1039
1766
1761
1232
2457
1941
608
1123
1005
724
1873
807
767
324
1750
990
352
2488
2059
2313
2444
370
2251
959
1934
1326
1422
76
468
1220
823
1684
928
1745
2127
1490
948
543
173
861
1244
2316
2277
1571
1437
274
1371
464
148
2258
2112
301
276
942
656
1428
115
1153
601
931
16
777
1877
2118
727
1943
721
81
155
2074
917
1550
2033
2450
985
1665
603
1197
288
1353
1533
979
436
1850
2108
1904
1050
2150
1818
1671
1333
894
398
1649
1918
2330
1949
1871
213
484
1955
78
783
833
1260
1603
375
1106
660
2162
2283
2411
1588
1885
1400
2396
1787
2326
626
51
619
1763
1991
2392
472
1350
1774
1058
593
996
1459
731
688
1299
14
1647
1759
569
26
165
1653
1225
803
782
2439
676
499
337
2301
1777
2304
968
1195
2148
1975
2222
1706
2163
2170
229
1993
1721
694
447
1407
1583
318
139
1596
1591
514
2415
752
1736
1946
1151
207
765
2245
1219
43
1034
2259
215
109
102
1497
2092
86
1160
1305
1486
1734
1041
418
1192
2146
189
793
2356
625
162
2483
1852
2125
2417
1772
1337
709
934
271
2490
2035
444
831
1480
66
1104
1608
848
539
96
1036
1242
495
1075
2399
362
829
555
778
582
321
408
655
428
1373
828
2349
2054
1283
1376
328
2106
2132
1539
1845
621
1101
2043
1667
1645
143
15
1393
725
2001
2477
259
1701
1103
1166
1179
997
809
135
1804
1958
1635
755
1366
1007
970
1452
1285
1886
637
753
465
1612
2135
239
2085
1290
792
336
2122
748
1091
1056
1819
1441
2424
951
2405
2050
757
154
120
500
2348
2232
169
1345
1863
1303
1141
1545
2029
2087
483
796
838
1204
238
1919
2164
870
740
1725
887
561
2057
1938
2114
2064
1307
667
1678
2240
559
1744
2058
161
527
2147
1185
526
2295
175
118
265
1743
208
339
1085
2100
1565
1720
1476
2351
1783
906
298
2051
901
2179
542
598
141
1968
1842
1870
1992
857
641
786
2266
2034
2095
415
2202
1348
556
1243
1849
1507
1224
946
1038
866
1296
899
854
231
774
2321
1985
1079
544
1335
1573
1593
761
649
1395
450
2124
1157
1019
657
358
1380
2067
2181
995
1568
2233
962
432
1864
2253
243
201
1843
2097
461
2096
257
1027
617
620
1971
1840
2252
1067
1214
1236
1132
218
1521
684
1136
904
153
61
893
839
1914
2275
1844
723
2369
1069
1177
983
631
310
2262
2403
1164
992
2451
1617
1190
2430
504
1829
2496
2239
199
287
2380
897
1906
1001
915
1144
1983
2136
2196
211
104
1317
743
1548
404
576
1988
2320
891
2129
5
123
335
2060
1948
1963
350
1035
2448
1134
1881
272
305
394
71
958
315
525
1095
249
1323
1154
1447
2366
2268
2012
2155
1469
1999
2053
1765
1797
369
669
1817
1130
295
248
2094
1574
2038
1600
2056
2289
1905
267
171
1901
2292
2027
1657
663
445
1703
812
941
2276
592
739
1994
644
1733
675
639
1319
1078
2281
1320
903
430
690
2174
163
1555
1738
1898
1423
734
281
584
589
2172
227
1216
718
3
2013
789
1786
900
2177
2040
77
266
2272
905
636
1560
798
1614
2185
2390
1784
1090
1402
400
1823
547
292
2416
1945
1758
108
567
1634
716
2049
733
815
1412
357
837
2007
821
645
