174
5336
5166
3935
4343
2288
1440
4413
2567
7693
2973
5968
428
429
3359
4922
1607
5626
238
2154
3203
1858
2791
4590
6839
2465
3291
6217
6785
2169
3735
66
6289
3199
2056
7467
6658
4126
2734
7124
5679
4146
924
176
7250
7373
539
7130
6491
3556
6218
2661
5493
2764
6786
772
1463
2592
2207
5290
2077
7454
5285
1007
3009
671
1897
5878
1504
5734
7087
732
4639
2340
4857
1874
3559
4732
5406
4350
7540
4648
1532
3822
5958
2847
5435
4528
881
1443
4246
4355
7333
7572
2818
3836
7175
3881
1884
6618
3685
7348
2203
3104
6356
5616
1873
2411
2065
947
6418
235
3748
7493
369
1623
3435
6437
3652
7059
7573
5314
3296
6834
2656
6076
4503
7692
5553
5693
4826
5142
4741
1946
1908
1470
2068
4315
2780
6629
6624
5776
1085
4562
6652
3662
7025
2954
7535
283
620
4312
6735
6784
1766
6880
1843
6374
1755
331
2420
2668
350
6458
2508
3798
6559
5449
6498
5475
2892
5703
6280
7576
5883
6239
2616
2160
3306
2290
3382
7062
7511
7506
2877
413
7539
1581
1541
464
3535
1006
157
5081
2156
4286
8
4033
6972
7283
3904
4469
3251
444
6772
5990
1451
751
615
5780
3566
1585
4569
4223
1594
7707
6200
4296
6034
6564
5145
6132
1069
7152
5865
4161
884
3939
4306
2072
5453
1108
1816
5119
2591
6182
1752
3150
5003
7334
4918
1527
7365
4239
6195
5594
3295
1168
6778
6479
3833
7274
5099
6803
4588
2620
7027
882
5505
1001
7009
7396
5418
3587
435
6214
5888
6286
6114
2701
62
3503
31
6722
7578
55
6406
5886
6222
1859
5004
7616
7613
3366
6233
5329
4533
4978
2443
5510
319
2276
2225
1167
6934
3866
3126
4713
6929
5007
4488
6635
210
6941
1770
5393
1544
878
5078
3417
4800
4671
5697
3449
704
2210
4669
266
3618
6152
2550
1936
4508
1342
1173
5252
5796
2831
3475
7180
7167
3153
799
6627
7458
356
1500
1206
6694
2988
662
6265
1111
4074
7164
5093
2402
5079
6376
2921
6852
6918
2752
5002
5666
2714
2816
3257
1631
5419
3805
3171
2819
1921
4566
4109
2052
4553
5150
6235
2430
7007
4513
49
5566
36
1401
1049
3680
4174
4132
143
1686
2962
6054
2153
5771
3710
6415
586
4859
6732
4138
7015
5674
278
1806
7214
4759
10
2227
461
7212
5631
100
6682
2114
4964
4740
7474
2071
7185
5315
177
7435
7037
2864
2316
1378
3666
4151
352
75
1895
6864
5805
511
6404
1289
6641
2617
2256
2224
1502
623
7401
6500
3293
2823
6989
946
3344
4249
4285
597
7568
5308
2751
4405
5456
3898
4825
4302
1701
7306
3238
2332
2575
1625
608
5260
4910
528
7229
3114
58
7202
7140
3523
2862
5310
5577
666
275
5514
6158
5409
568
1916
3088
7026
5848
2214
1591
4135
140
4173
5525
6037
4745
4822
166
2806
4705
2483
5603
6895
1294
4030
5120
5614
1445
6802
91
6102
4459
2770
3654
4211
7682
1624
5569
4150
3107
1104
7550
1822
1560
1382
7599
6969
6373
5420
6224
4116
6094
4207
3723
956
4619
363
679
3420
5391
5106
3874
192
327
1681
5625
5141
1957
5699
5705
3621
2619
613
3297
2796
6670
2391
2650
4941
1379
5223
1274
2033
6792
6018
3708
6781
212
699
3818
2345
6758
5132
6267
846
209
959
4040
4252
3113
996
1656
311
7232
6103
2602
2030
7131
2673
552
6104
1239
596
285
2604
4338
1468
5868
3438
1291
366
3927
1338
256
7122
3928
4090
2211
4389
3638
1034
6556
4433
808
2192
7256
5685
4764
489
1804
7667
7265
2975
2061
3132
2034
4321
2987
2425
3332
7336
3130
5800
400
6087
4369
4547
3695
1480
3265
253
5202
4517
5757
7557
4719
5036
377
390
1266
370
7032
3995
1703
2499
4766
4994
5874
2021
1429
338
2303
1750
861
3404
2441
1729
4664
2292
2672
5866
6993
5283
5644
5236
3959
7016
2766
6692
2599
7658
7206
6886
724
3214
5001
5869
2039
6982
2843
7595
7642
132
886
3483
5887
3974
2601
872
1629
6678
6837
1208
4974
3820
2375
1497
3622
6325
6333
6312
1984
2248
5659
3739
3633
3375
2692
546
7681
395
229
3089
6872
851
2268
4598
6072
7335
7084
272
930
7001
4333
632
2480
6988
776
4088
2321
6850
3694
3272
5834
5005
2493
5738
5551
282
1461
4654
6238
303
3239
5956
2772
2863
5375
3982
504
1825
1459
7395
3456
3769
7519
2177
2914
5753
5098
7389
5439
651
5522
5414
4166
3605
1903
6184
5790
7230
4973
4379
1489
5104
6794
309
2966
535
5253
5346
4686
4119
2130
1492
2062
7590
1376
6064
6685
5827
4631
1263
4615
2776
6594
852
4542
5053
1195
1831
1528
5068
149
3537
5777
3943
7452
1574
7156
5274
7581
4275
4269
1784
3562
3865
7287
2186
1157
3752
3727
1163
7056
7441
6741
144
4677
893
274
531
4061
7267
1953
7046
406
3386
6285
5362
7631
5167
6944
844
4624
3189
5497
4465
1475
92
477
5717
7031
7017
2715
902
5205
5903
4107
4308
3628
393
5971
907
3425
4933
2361
1568
4417
1188
7605
3631
7049
6628
3228
7510
7538
6068
5993
7657
6074
5255
2888
2147
4081
2185
3106
2094
2314
5965
5748
4752
6294
107
1861
2467
3044
7257
6409
7369
3284
1878
7330
7006
4327
3538
2504
2194
5633
306
2801
3300
2596
900
357
7534
3550
3832
4912
442
3377
1324
258
3275
2035
7299
373
4894
7126
1933
3133
555
4170
1357
5339
3002
7147
5891
967
6704
3738
3201
4704
7546
1164
453
7054
2450
1286
1944
5727
5140
2631
6395
5009
3391
6999
3860
6845
4052
4357
2350
3023
1726
6945
1938
7075
265
2875
4668
2710
6400
3111
3936
4984
2774
3396
6599
4509
834
870
5101
6582
6140
6762
3463
2769
7029
4259
6484
7563
6713
127
3894
68
6836
1526
39
3627
2044
3729
7423
7168
1823
1207
2360
244
7695
2982
7356
4
7010
1794
2397
4942
4888
2676
1780
6297
6913
3644
7314
5817
3504
6431
1068
7233
5221
184
3530
16
4272
4328
4047
5067
1732
1321
1717
3026
4718
405
4393
1252
2744
472
4506
7061
314
6653
4846
339
3192
4518
5496
3360
6873
4019
3397
3348
2125
5975
5849
3643
3693
6583
5051
2409
683
4108
1490
1799
6495
1668
6634
5789
3274
6306
3487
2078
5118
7662
4407
7034
4462
6397
2950
6734
2299
2976
5909
2417
6672
1307
4163
780
5648
517
4924
6797
1394
4948
6987
2244
7387
154
2981
1123
113
2252
7149
6465
3507
3179
6398
4536
4332
2765
7405
4458
7485
124
5158
6914
4159
4158
4330
4996
7650
2580
7123
1403
3441
4514
6071
1298
7072
3661
7427
774
2563
2745
4987
5729
3250
7560
3478
6915
424
6483
3446
5673
4849
7377
1140
6380
7004
6520
5502
4940
717
5263
1087
2386
630
2694
4441
6053
7205
6822
7133
6135
1522
6974
6875
3711
2669
6429
929
22
1341
2792
1178
1805
2046
6268
7492
1058
3973
1614
7277
1292
5544
6776
2953
3131
5774
4808
2621
3972
1129
2221
4817
3653
592
4771
5918
5112
6075
167
6577
1812
1981
6521
5669
5444
3813
3764
4454
1
223
1950
1559
5976
5809
4470
815
2839
1122
1102
2498
3354
738
1906
455
6598
6386
5467
4073
182
65
4678
6968
257
6453
6997
297
2284
3395
7248
129
355
4460
6351
1194
7295
829
3055
610
5334
6136
3839
4468
765
1949
4273
5413
1870
5554
4496
2327
1702
3731
1105
6857
5436
6591
6417
2814
4613
4795
763
2293
1579
642
5652
6345
5830
6726
3747
1161
6215
4212
5919
5041
6247
761
5470
6953
6912
2494
6664
3299
6248
475
6825
5108
6608
4526
473
1287
1519
3888
4850
3288
923
1829
3761
5180
7425
1319
3278
4647
1217
1171
578
2301
1735
2558
431
1531
3698
3169
7057
4053
4717
3951
2081
6633
5750
1052
6237
3429
6749
7223
3100
5907
6552
3407
6575
2664
1550
1855
4578
7208
1078
4069
4292
6538
1120
2334
4361
2553
4137
6560
7215
4674
6153
2205
5486
1399
6208
832
5485
2732
1733
3118
4943
983
1478
5846
3713
5651
2313
4057
3458
1124
4880
1264
3166
6939
3576
6226
2354
7366
7608
2024
5318
2748
14
1220
2967
5779
2083
6811
478
1096
6921
1469
392
6494
2000
5642
6150
495
318
5313
6573
454
5980
4426
3440
1043
7411
540
1867
7416
3814
4630
2667
6486
6865
4039
1711
391
922
3269
5726
6823
5936
1868
5618
7237
4095
1517
399
1301
4954
3070
2564
1756
4568
5535
5136
4156
6341
6715
6919
6186
4006
4901
1421
5171
1154
2379
3119
6614
3196
1609
2590
6315
1827
5121
1576
4992
601
3246
2724
1712
6832
5395
2476
2719
5812
4697
1371
731
4263
5219
3529
4550
1218
1785
2681
231
5763
3001
4396
4755
2810
1821
4103
4854
5489
4935
5570
1714
3511
3496
3476
6967
5149
727
5076
2296
385
3072
4247
3719
4516
2576
1464
6245
5295
1955
6585
2364
5082
1818
1813
6334
2660
5364
1172
491
1645
3558
665
5655
3112
7418
328
1679
3867
1940
5621
1834
5059
2755
3549
372
6433
5538
6220
6411
2204
4777
2924
4007
6541
4113
4288
3771
1917
0
4472
2899
5015
6516
325
2630
5788
843
3387
2505
6570
6790
1618
2026
6432
7138
2323
268
1348
3718
5929
4576
4913
6241
1243
1015
4683
604
95
663
991
2134
558
2919
7280
1545
2798
1894
1952
2910
6039
6482
3048
1133
1062
3668
2516
4082
6568
2445
2096
7118
7325
2085
7515
1698
1983
3304
422
3000
2057
3799
4243
5399
5355
7240
3920
4858
4374
6091
3871
505
3226
2538
333
1880
5858
4334
5606
5942
7565
4543
4464
4400
1271
3190
3777
5039
821
1254
4102
1211
7694
4897
3581
2458
4200
5742
7327
3942
4087
6877
6110
3159
643
5855
5562
5555
6163
236
6439
5162
2165
1661
1620
2582
3763
5745
111
6101
4905
3629
5071
1137
3364
6501
4830
7399
4147
1142
1814
6283
5899
2019
5434
739
5612
7661
7340
4198
293
937
2867
7186
7117
3028
885
3401
574
498
4388
1776
7451
6111
631
4420
3216
4865
756
6766
5390
4270
7495
4214
4570
3623
24
2470
2245
2415
1423
6888
6177
109
5985
2809
970
2611
1598
910
1718
3247
3181
5645
5802
6499
199
2311
5523
4730
6991
2054
89
2874
3004
7537
6768
4106
1655
7159
5579
1573
6531
4360
5302
1422
4155
5647
6112
575
4099
5660
5785
4351
7629
1595
7374
6530
6783
5016
877
2939
6796
7218
2534
2869
2583
7090
1636
250
2584
217
3217
1999
6497
7457
103
222
411
4834
476
2722
367
326
3494
1731
6478
6455
3289
4260
3320
2484
7110
46
3082
5682
1739
938
793
6273
4385
135
7024
6435
5953
542
5966
6330
7382
4538
4250
6657
2058
5025
2689
82
4701
5954
1280
4256
2916
3683
2873
3218
5480
1833
2896
5324
5090
3639
1359
4480
6818
5353
3669
7413
6236
2254
5341
2365
1491
7301
3767
4845
86
6221
42
7575
4742
3421
4408
4791
6422
1190
5506
3911
3022
694
4702
1738
6129
5698
2306
3595
6742
1577
4429
4281
6626
2570
7468
1372
5696
6062
3999
4437
5229
247
6799
7213
4900
1309
1474
4602
3016
2105
4193
6898
3116
4579
2168
675
5890
3755
4062
6060
6931
7687
995
37
5244
6933
5613
1961
5938
6190
4066
2113
3673
939
5671
1204
2220
6890
1296
5531
890
2737
5917
4583
4629
6623
6613
5367
591
5431
6296
6820
6082
5459
5932
553
3283
2554
6122
2991
3093
2881
211
2605
7272
1795
4595
6615
6808
2879
5156
6040
3452
6961
2280
4751
1435
6452
3569
4760
658
3624
5799
2330
533
2331
2478
1391
1327
571
4635
3825
4171
1893
4931
3057
2236
1853
7350
4311
2824
827
791
7448
4080
5385
7249
5368
3086
6375
2927
4143
6667
5371
2946
3340
4299
359
4180
2979
2548
4403
6109
2423
3151
4692
3286
459
466
3525
1931
4070
5515
41
4557
6650
6420
2918
3056
4780
2783
4257
7290
2188
242
3448
752
5806
2230
1515
6162
5293
3690
667
7528
7516
6948
4450
4934
6868
1128
848
865
4395
5963
7587
5397
1643
4805
4521
5342
1964
4230
4558
1084
1640
2923
360
4001
4617
7041
6407
4145
2515
6183
950
3177
1453
3474
7635
4883
346
3091
6391
27
2641
6584
5517
1115
4261
3961
2064
450
4402
5401
1251
5366
6232
4354
6994
5074
4523
1060
87
7627
7603
3948
427
5316
1877
2388
439
7583
4986
5213
4519
7504
4233
457
1553
3657
3582
4563
6787
824
6316
5905
6928
6878
5351
6977
3555
1728
3773
2887
1145
3600
1699
6047
3233
4055
3369
831
2693
5455
6249
841
3663
5438
619
589
2750
1232
4463
1782
4682
4414
5534
3681
5186
4993
141
4561
2132
1974
6995
1555
1051
6539
3521
2279
7589
7275
1674
6937
3736
4305
782
4707
2287
7268
3774
915
5426
2090
7466
347
944
6013
825
5240
4016
3971
5547
5287
6891
7300
3305
4706
2682
5670
570
4391
2565
6097
3174
5615
2569
1438
3526
279
5460
2841
2148
7475
7
4788
6724
7463
264
4899
7226
5940
7066
3912
3343
2066
4603
5634
5299
2127
1982
3655
1149
3568
655
2532
7161
6959
2929
5500
625
2965
4665
5684
6744
5667
7045
3220
1630
160
148
1856
5870
2925
6058
2518
3966
316
2606
606
1730
3536
4467
7337
3545
2971
2387
4651
6403
1493
1967
4154
928
7543
4928
653
6088
5032
1976
1046
3042
2779
119
7231
2999
5014
809
5924
2377
7541
3637
3875
3205
4838
3245
4342
2517
521
490
5075
1012
958
4821
1146
3931
5077
2390
7050
4593
3012
1351
819
5862
7278
2665
1845
408
2834
812
2702
323
2771
2304
1318
7496
6807
7181
6760
4909
6179
7390
5400
572
1781
3115
6266
3371
6178
2904
7097
2251
6843
6723
6149
3060
5123
3809
6079
3064
4094
6096
3308
7036
6474
3034
1326
4779
4476
6043
2996
3994
5598
1267
6256
4190
1547
7103
2731
6272
2150
4729
3168
3756
5792
29
7380
1558
2267
2138
5749
5781
6445
7074
3015
4870
1245
7157
5328
641
2193
3270
4139
1367
1764
5464
1125
7437
1119
6154
1182
7219
7664
598
994
5582
1687
2095
4025
5130
7003
6710
889
3508
417
6838
4406
945
3567
7404
5021
136
474
2489
762
1090
6830
5017
6194
5086
6815
855
3460
3918
2487
1025
1284
5930
3253
5764
4574
4504
7109
465
7634
6649
2084
4625
804
5294
2051
4604
6870
6211
6308
4914
5018
3854
5476
4238
6909
6242
964
5008
6986
4217
2262
1041
1506
6042
3176
708
7527
6443
5712
3411
4836
4130
1356
3965
2237
723
3212
6705
208
3175
5808
2902
561
4725
4767
4919
5069
1650
3084
3385
529
6887
4861
2246
3451
4772
3744
7172
7645
3917
5584
273
2825
6856
5718
5842
2586
7150
3908
7098
5784
2707
5323
2383
2782
3208
6038
3059
4178
4581
6746
3985
4348
2031
1088
1334
7044
7501
5160
2179
3317
4810
6826
1613
1203
2200
389
5352
2318
5030
3859
7200
5934
5084
3052
1016
4881
4422
5210
5829
5095
3640
1662
541
3197
1779
3921
1454
2700
337
5833
4300
712
4762
7113
6292
646
3929
2762
3336
3165
3322
3222
3597
4128
733
4196
6910
2654
3827
2545
6454
468
590
1448
3720
3816
6885
1745
7553
3989
6390
544
2956
5831
4363
2418
3709
6767
3743
2394
4014
7596
5028
3846
2429
4326
2149
1932
4023
4295
28
5433
6702
6405
7526
1989
4666
5628
560
4507
792
7654
5305
7047
3682
2637
2934
5856
2428
6399
6952
5246
5926
5563
6231
826
6401
5296
4949
6771
3469
5623
2396
3573
2381
6472
6908
2817
1869
6228
532
7153
2174
1147
2455
5974
3574
1042
4824
348
7676
5810
221
5345
3252
7368
4642
1181
5370
1980
3185
4872
2626
7611
1654
2512
860
4920
4559
1751
6141
3350
7660
1170
6464
6393
2107
1136
1749
1533
3821
2821
2324
4687
6424
3984
4906
423
4425
467
1830
6503
5721
2657
4050
1648
7114
7566
5490
7491
7193
982
3466
5122
1746
7355
5640
5312
2519
3577
3224
3976
1189
5422
5871
6210
7462
7378
6930
5561
2135
5181
3164
7422
5948
7385
343
2878
1891
2826
5769
5239
159
5289
1415
4676
1388
1593
3172
5297
4703
7640
5452
6204
5249
4490
1604
7064
957
4608
1973
6835
3488
6773
6896
6716
4226
2790
2486
5591
5596
7259
4329
7649
6164
908
1400
3560
2846
5901
817
927
7424
4386
4640
3310
6665
4453
4436
241
2247
3688
2473
4294
1671
6359
2439
963
7453
6105
2618
1180
2053
5197
4607
5877
4092
5174
6451
1587
1835
5982
5461
7364
2119
1048
1675
3996
6955
2985
1928
7592
605
4365
5372
5527
2680
703
5321
1945
810
259
4368
6831
171
6278
2930
6083
2960
6739
2501
1462
7420
6540
720
6262
522
515
5593
3611
1808
5894
948
1902
5163
6061
2735
3554
5778
1219
7071
3934
2466
4747
7286
7532
4483
7328
4794
1444
3998
6619
6014
636
4985
4782
7432
7174
4641
925
1844
4225
2537
3255
7014
1523
2315
179
2176
6861
5116
114
3789
4105
4245
4293
1562
4663
1297
626
6774
1901
1467
2832
3692
5725
2226
3241
6916
6750
6427
7552
6970
4587
365
2675
3879
460
1688
1244
6789
1247
1322
6971
6574
6855
5675
1771
1694
1747
6339
2800
1883
2255
3109
484
1826
1720
434
6092
7008
2529
1082
7258
4213
2137
4176
5604
6935
3714
3467
7480
3726
6168
4478
4975
3358
6737
4601
5574
2106
1888
7311
2763
649
6144
5576
4384
1293
5238
280
7689
5200
53
3140
5380
684
7347
7685
2136
76
3932
2038
2968
3351
7513
2198
2291
3699
7621
2945
4009
5557
4187
4017
3063
3147
3123
64
4632
2891
4255
6254
6379
4988
3515
5271
7362
6434
3065
3946
3221
6357
2932
3656
7393
6576
2392
4232
7562
5504
5048
4309
6537
4738
2822
6833
3596
7346
7643
4352
6171
6532
5214
6304
700
692
6523
2713
3876
6326
3312
6322
7691
4165
2189
3453
7166
2349
5691
304
1905
895
5265
6860
7483
6513
3992
6436
487
6493
3913
33
2063
3923
4144
1551
3830
4192
5472
4673
433
6206
396
1704
1460
6998
6348
5231
451
4534
633
1852
2289
4491
88
5034
6643
3436
5483
3561
7353
6032
7529
3273
5306
6199
292
3018
4644
7143
6791
822
6884
629
3981
3419
3696
6946
4277
1611
2506
5217
77
4457
7505
5376
4957
690
34
2231
4816
4891
4710
2500
4915
7203
4248
2997
5957
3518
2184
2344
6048
4628
5643
6394
5192
1534
4127
488
4168
1437
4708
219
858
4435
6309
7383
5325
1673
2635
6965
2454
953
5952
1303
5193
5072
4380
6695
2663
6547
3940
1212
3139
1055
1757
545
680
4231
1663
5841
388
5350
2319
661
2703
6759
3393
3626
2434
138
3491
7636
2729
6477
2972
6469
2109
1011
7134
5405
3102
6546
4097
291
4083
6084
785
5126
2730
2753
5979
3148
3578
4660
155
1406
6423
7465
3073
6212
5529
6551
6686
2144
7702
7668
437
1691
6318
4898
5543
6446
5344
7234
5111
5755
5914
2048
5568
2963
6203
4556
7195
3161
5125
3110
3108
1727
5658
1846
2784
3953
3285
6378
3758
993
5250
4580
3513
4416
2523
3215
2158
4892
5847
7321
2629
7614
2717
2522
2940
7542
35
1373
4451
4672
4525
6601
7551
1099
1514
6337
2305
1404
7561
2830
2362
7136
5521
7674
153
15
6779
1381
7323
5896
769
3519
4100
6201
3772
3434
6604
1960
4262
1200
4065
4003
5349
4345
4266
6810
5573
6754
426
4122
2787
4359
4085
3033
6119
6602
4867
6954
4937
1385
1424
2272
1308
918
1390
2736
5040
7426
2738
4210
7142
341
5759
1281
7469
5024
1803
3890
3329
5184
2348
180
71
7345
1713
7089
1276
3011
5947
220
1224
1912
6310
245
5416
5882
5908
6313
4038
2908
4219
158
5381
3750
6358
3858
4486
2161
4837
1836
6167
6342
2651
4634
3162
4280
6441
1196
5991
1389
728
4104
5895
3512
6410
3753
5128
2574
1521
2102
1850
2754
3134
4853
4430
4709
7633
4661
7078
1174
5176
5159
6421
1947
1590
7588
1458
3882
2336
6764
7419
5820
3616
6555
5427
2108
287
4532
7005
73
3357
1633
3477
5133
1543
194
5178
6363
7331
6975
4375
5134
1760
5597
968
1926
2310
1583
5148
5989
4866
2653
4823
4832
1934
1285
4895
971
6651
197
5168
7273
2533
7344
840
7533
7698
5857
4253
4724
6725
6353
3584
7102
5694
904
750
6172
5338
3840
3142
6009
1510
5524
5044
6006
6512
582
854
1080
6180
3725
1885
7115
7093
5113
4749
3409
5061
5922
5458
4304
4071
7476
4809
251
2027
4378
617
5815
1175
3078
1481
6504
5063
1384
2341
1911
5798
3979
1365
2767
3499
2023
5767
951
6181
5332
2488
7659
1676
6025
1075
5209
482
2067
1337
5752
1081
7582
7569
1057
7160
85
6227
3802
172
6015
7339
6534
496
1923
3852
4216
2223
3406
5154
4349
1097
920
2002
1383
6554
7518
6738
4409
227
1580
6617
2269
4027
7316
1059
3236
7619
693
1393
51
7139
6569
1898
2421
3327
4995
6553
721
4199
4938
4684
7187
4197
4222
1857
4623
3619
4735
6392
410
2593
1969
5601
5151
3885
4186
2020
3152
7030
7269
3868
1998
4301
5893
5465
1036
4431
4026
1216
6901
2346
6134
4485
6903
6828
3806
1005
5581
3963
1117
3036
4811
7179
6213
5288
3335
1501
4423
550
6809
7151
6020
7472
3835
1797
3242
1890
3376
2551
3249
6859
3443
69
6008
3659
3649
3207
6798
992
3076
6188
7499
3454
6706
6558
4744
80
5676
835
2838
5585
7412
1233
1242
6151
1353
3647
445
6688
7486
3120
564
6592
7079
1927
4372
2571
3575
7594
5572
7683
3413
4346
2369
4584
2749
4907
548
2900
506
639
4203
2302
5955
440
4432
719
509
1939
2870
7127
867
6924
5548
7192
6142
1561
5056
3547
448
6462
4439
3780
5027
6301
7464
4000
4731
6900
3855
5906
2222
7052
1678
3707
18
5602
1605
2014
6035
2890
6502
5232
122
1213
3721
6174
4114
6655
6752
7705
2242
4981
1494
2329
7191
2001
4833
3588
2607
2627
4287
2647
7302
7549
3024
2263
1485
3416
3459
1538
1366
4307
4917
3373
7107
2277
4412
6529
2353
536
1565
386
1442
4785
5892
6827
1446
3075
4331
3579
1352
3381
3157
6051
5826
25
6007
7455
239
7484
7184
7315
398
4927
6731
133
4860
2815
6305
2243
5754
2446
977
5384
5627
926
3323
3232
6269
6729
3374
7618
4221
3571
1028
3900
2075
5270
5276
4787
2540
1259
5303
5654
7263
2389
45
7606
5872
7171
2112
375
5117
3583
6514
3987
329
4804
4552
5702
3326
7406
5923
1741
7320
4545
652
5880
888
3770
2037
6476
6659
7388
5138
7675
2380
3096
6917
2101
6510
5188
737
2615
1986
2219
5939
1993
1995
4134
1651
7584
7317
748
1601
7461
2858
2103
758
3930
5356
4427
5182
1369
7083
1106
4951
3356
1584
1198
1958
4215
4037
5073
4445
5204
6727
1876
7343
6490
7099
5552
98
5499
3630
6282
4035
7638
1155
4963
3751
3672
3279
2756
4769
2510
1972
786
3949
4930
730
3687
5731
6819
4756
493
6572
3564
1249
981
2781
2339
6543
2989
7303
6070
7173
4555
6829
7297
3125
7288
1660
7000
673
6755
2658
3641
6647
976
4452
6536
2897
2573
4572
6674
438
6892
5859
3135
5139
6805
2685
4847
3043
6589
5474
5839
4153
2146
415
3528
979
6169
204
1505
6544
2118
7092
6492
6159
4573
6444
4111
7351
6894
6717
403
3794
3851
5484
2404
7498
3658
6668
5450
5840
2297
5803
6017
6170
3887
6240
5161
7076
255
183
3479
5408
7624
5196
2837
2082
120
5155
6321
4049
2546
5884
5786
4971
5637
3997
4227
3223
7129
6881
163
3013
5816
6377
6022
7400
4958
6299
7386
5811
4916
7665
1205
5791
7236
1575
7579
5605
4505
6662
2670
2122
5766
4511
7260
2016
7554
2092
5737
4856
2281
7238
5715
7146
7244
5479
3195
7081
3137
3791
5986
5492
3495
1234
7652
2740
1113
2609
2333
547
3886
2632
4020
6801
987
7376
5783
7397
313
6259
7209
79
5109
105
1847
3586
4989
2448
980
940
2141
7338
3040
4381
1811
3812
6416
2142
446
4117
2597
1288
7291
1209
2408
5540
2249
5179
7145
3905
868
2032
1881
5347
2139
1987
1719
3983
2049
4728
5970
5147
6350
767
4131
6661
6085
5226
6949
99
5984
414
3281
576
2351
7531
6549
4120
3670
3481
3759
5131
510
5259
4054
5269
5448
5114
5144
7112
5343
6349
1875
5110
7647
5019
1896
7128
2367
1774
6143
6090
6821
1304
7235
4353
7637
2947
892
4761
7060
5203
3368
4712
286
871
102
2949
2385
6284
3136
470
2099
624
6879
1488
5058
5530
1564
5650
7068
2233
744
1017
205
1040
4291
6302
3591
7449
7342
145
3450
7408
508
934
6607
6593
3010
7372
6066
2525
2393
3261
7239
7053
2275
6383
2195
2808
2182
5611
4179
5488
1114
2126
216
7570
2678
2320
1683
705
5770
4862
3565
83
6718
3603
1511
317
764
2511
1428
3742
524
4646
5335
2070
7559
1325
1796
6347
4093
295
2708
2240
1183
7431
657
202
1768
6922
5854
1641
859
516
2131
1913
1053
261
4869
3432
849
3062
1305
2646
916
1368
4142
3095
4736
5360
2124
7352
581
1329
5728
5047
3442
1800
6712
1339
2885
4479
1793
7585
2794
2117
6024
4392
4839
6720
3671
115
1014
1362
3049
4101
7162
1968
4140
5062
3831
6057
1642
5227
2942
4012
2610
4720
1743
6138
164
4482
5135
3741
4792
5029
7020
6846
562
1273
7284
5843
3527
2217
5609
1414
6467
3399
7042
766
2042
5706
4659
3601
6382
1742
2087
404
1083
6804
3472
2451
5463
743
6691
2642
19
6656
2012
4499
3664
6813
6646
4446
7697
7417
5482
4438
5153
342
3319
4112
5719
3081
813
2089
775
931
2456
4696
2986
4283
6
3807
6932
1801
3398
3219
5361
5740
6743
2561
527
5247
3006
6073
6985
2531
6099
1162
1682
2933
117
3372
4390
162
2556
5722
2017
6882
5873
1077
7077
839
5688
7363
2528
6666
2820
7391
3606
5326
3414
4711
6775
4575
32
6323
4276
173
2883
628
407
1571
5447
2995
6660
4829
2520
4010
864
6412
4889
3884
3235
5730
4421
2636
1431
2901
5064
3266
6115
4879
382
4443
688
1652
4520
800
4032
374
1513
4078
2876
6897
307
4953
6078
5471
1050
2851
2366
6137
6049
5732
698
7384
6957
5559
3047
5723
7069
78
5876
7276
873
6385
5085
6763
26
74
4005
2768
6964
7304
6992
3889
2045
1238
3907
2363
5278
2218
4098
4110
4622
2018
5969
4778
2170
7520
5322
2427
1361
6587
880
2322
7189
4339
7410
3403
321
862
6751
5412
4551
1447
1496
3765
6175
378
4565
5913
1283
4424
3492
6696
3817
1364
5765
3705
6793
3678
5173
1222
7678
4034
7670
6777
1246
6730
5960
2337
4776
1450
1416
7440
2688
4224
4621
869
6205
7415
5469
1215
1413
618
6381
2238
6263
2461
7478
2004
2943
6984
6814
2686
5083
530
1637
4887
2407
4638
1966
1315
4510
6940
5266
1925
6005
2773
1260
3014
7194
4502
4878
7067
4401
6089
1070
3318
7228
583
5994
6311
5860
7224
1275
3823
1045
2920
2903
3444
96
4939
1000
263
4814
7509
195
6812
3828
2659
2785
5311
6016
4492
7392
116
1943
1791
883
3790
5512
2250
3017
7593
2007
833
1061
3292
988
2199
6679
942
5403
2436
6980
6905
1030
3952
798
4218
3542
2704
6036
1838
6527
2625
3803
3426
3365
5556
2544
2594
7292
38
1617
2178
4803
5807
3957
689
6800
1290
7409
2886
2728
298
5241
1734
3506
4828
4201
7080
2726
5177
5446
519
1320
961
6565
4851
1705
952
3087
5686
7305
185
4868
5410
6563
6596
612
4681
5284
1832
611
3051
4884
5595
783
6756
2481
6117
4876
3031
7357
5124
6648
2600
5844
4886
4290
3256
187
7564
200
3505
3896
481
7487
462
7375
6840
6131
6480
7198
1518
2833
1310
7309
6517
811
1990
2003
3968
6354
789
1992
941
2129
1214
6365
4726
962
4367
5300
722
402
3154
6426
5275
5545
6854
335
3853
1759
5175
6925
1349
3679
5744
760
3715
1482
6557
5215
3363
5291
7298
6525
354
6904
3734
1860
6368
3608
7370
9
669
1789
2100
6116
3039
784
7430
5639
7201
5309
1918
3243
7445
2401
5281
5107
128
5207
3964
1020
2860
2836
5704
2342
6258
4606
3437
2936
5824
1484
4786
6041
2414
3173
997
1201
5852
2603
1508
1563
1456
2328
7481
6336
2080
7043
1715
6990
300
1597
5549
4141
336
742
364
5900
3732
794
5230
1156
5404
1405
2215
6528
1295
4721
4670
3490
7530
6447
2889
2679
2705
2513
5692
1996
3163
4965
1767
7216
857
6883
2727
687
1186
6567
6052
5094
7421
6173
1073
2497
2793
3861
2612
1473
4649
2969
1054
1127
6257
5102
3045
3378
4549
5526
4541
4537
5600
4494
358
2674
2957
2475
998
2964
4340
778
2373
6630
4807
2871
4653
6468
4011
3050
5668
5425
5045
486
2162
2372
2980
3352
759
3439
4447
2572
1879
1937
644
2371
6675
2938
6519
566
1503
7169
4191
4004
7443
4680
5127
2884
4398
2025
5617
2521
5657
5683
1639
4813
4484
2872
6243
1586
5164
6927
5248
3947
5902
6473
5398
2047
5201
47
301
1131
4024
5237
7648
1761
1863
7021
5317
443
2260
5495
6463
4650
6255
6011
674
121
1013
1029
2115
6029
3776
1677
130
7512
3539
7591
2547
4320
3897
6160
3676
909
6616
4596
2172
796
3819
707
969
6816
4925
5466
5441
2307
4896
441
6973
499
4693
3704
7111
6081
1153
3183
4314
3068
5761
4944
740
7038
4700
901
5049
492
2309
3324
4793
425
1736
2739
729
5070
7125
2649
2140
7407
6027
1657
1658
3482
919
1270
52
2453
3230
5733
1582
5206
4614
2683
5720
1809
735
2733
2283
5494
5273
5998
2552
1773
7055
650
1600
5541
5583
6147
5851
4947
771
5620
3418
6317
2951
2628
6673
3728
480
5863
4962
6487
1302
1659
660
276
2460
6936
1864
1121
842
3863
4115
6728
4031
3988
7028
2384
2010
1152
2036
3345
1072
5571
2684
4737
710
2758
2775
2850
4084
5501
305
6276
4723
4240
790
5000
4885
3362
4415
6950
3455
5610
4018
1709
7104
6030
4968
6367
898
1332
6550
7381
1854
3254
7154
7170
7571
452
2861
3615
3493
5218
1010
4041
3502
7517
2374
1798
672
1139
2589
5330
3551
6146
1723
6981
1477
6307
4002
7556
5198
6197
1407
2698
7221
1706
1262
4753
6108
2761
6862
725
7279
2655
7264
1486
2993
3811
6485
4500
2952
1018
1130
6361
1632
6246
3311
2326
5462
3080
6863
7494
1866
4875
2308
7688
5751
726
6216
2983
3462
4194
5689
1223
7488
5157
6346
186
1074
5649
3092
2804
1331
6366
2266
6293
7048
3870
1670
4633
912
7178
3834
936
4310
412
1680
2759
6595
5578
6947
6156
3869
7459
6000
3298
3402
899
3294
3213
1197
5768
2378
1159
702
4956
3041
4489
4449
4739
973
3925
23
1589
2444
5066
7116
3779
4746
2492
4815
5199
7598
2882
6586
4873
5536
7514
6389
2206
322
1225
3689
677
3209
6533
4688
3878
6002
5091
7183
2789
6847
2507
2598
6063
3198
5172
3330
4481
1003
4594
4394
7438
5586
5415
5256
3660
349
7525
647
1762
2959
4271
2941
5772
5695
3757
3546
1354
7296
556
3337
2978
5146
1910
695
3691
1103
4121
1236
3314
5927
1669
4643
770
3422
5897
4013
7523
876
659
4188
4075
4237
2835
600
5358
5867
6093
518
6253
701
3427
1199
6360
6145
7082
383
2706
897
3796
1067
6600
1753
289
2696
6871
5818
3103
1971
7651
1089
5537
4597
2662
6387
4209
1697
1227
830
7663
3145
875
1690
4820
6709
3651
1402
1536
2568
1810
1027
5189
1684
1039
1554
1689
4773
3610
648
7220
5235
7313
2560
6157
1430
1920
70
5507
5208
4754
1380
7266
7503
2356
4852
7545
1872
11
3891
1241
5928
7012
4474
1177
7403
4495
3333
5348
4991
4600
7500
21
1257
94
3509
1556
4169
7262
911
7394
3138
2013
1141
2948
5267
1151
3461
6124
353
1346
3264
5814
4871
3646
502
6733
6851
4902
5243
3850
1037
3864
549
3464
1044
3097
2187
3978
4497
3468
2059
5429
5333
4162
1132
2312
7217
20
4656
4317
7318
734
5567
81
485
6610
3782
7293
3975
1695
1143
277
3263
5407
1150
108
471
6291
3829
4750
5943
2216
2853
2549
447
4763
7666
4208
6889
4689
1312
3408
5823
4068
1377
5337
104
6844
2382
4863
1226
5428
7101
3170
2895
4675
2286
2595
670
1900
668
3517
1959
806
4592
4356
4527
1965
1865
4714
1432
1837
6707
320
4347
1035
4540
3370
4185
3580
588
6680
3019
5992
1023
3144
7477
2197
5191
4567
7490
2909
4848
954
6300
3634
2865
5838
5724
379
2807
2699
6295
1628
384
1420
6736
3415
2893
3960
214
5973
3522
5319
6511
3445
6676
5354
4220
2474
1975
3837
4282
3122
7632
5678
3497
4129
240
6612
2623
2803
4890
4160
2163
1820
7121
2648
6148
4358
1787
2352
6697
5190
5911
7341
585
2410
6703
2840
3005
6362
131
3099
5656
850
2040
6046
2557
7165
3933
6475
7653
1004
5365
4967
1455
5708
894
3007
6314
7706
4819
5143
3227
5825
7132
2848
7204
2433
3489
1261
296
6329
6747
1031
5879
3020
514
3349
50
1408
1109
1509
3804
6782
3129
5959
2527
6372
3143
3665
1158
5087
1626
676
1235
3054
5608
7471
5981
627
5520
7686
896
63
4021
787
2282
805
4319
2228
198
6459
6442
5010
1363
196
7548
4501
3229
557
6902
5411
5532
3128
4802
5933
7322
6118
5225
2905
2076
5964
887
4076
4690
5011
1165
6535
6440
5386
330
4267
260
1228
2111
3901
777
3465
4652
3276
5383
5396
4864
4977
1841
685
1311
1772
5747
3697
7282
6976
2471
5013
4976
270
7641
4471
4184
361
1824
3617
5528
3563
1994
3899
6192
494
706
921
2123
1387
5304
3944
4620
7120
949
1892
1542
5836
4344
757
2462
5169
3636
1754
654
3797
503
3514
1397
6413
3977
4493
5477
1066
7310
3156
2335
5819
6230
1169
4096
7671
6176
753
2852
3053
1107
3287
4548
746
4051
67
1063
2278
1395
2666
5257
4064
497
3480
5889
3380
5995
5920
2868
3847
5042
310
3038
4979
7051
4028
6384
6698
1942
6130
1646
2405
4251
4428
3737
60
569
1101
4289
3686
4945
3919
4662
1724
7329
7497
4060
2495
5272
97
469
4335
975
1483
334
747
2181
6219
6470
7684
190
371
3003
6113
7436
7207
5828
387
6331
2539
4318
5516
913
4077
5937
4908
271
3589
5481
142
4063
2926
5245
7601
5216
3433
5983
2747
6942
4539
4183
2799
7096
2029
2191
1426
254
1817
7035
2416
1278
6979
6708
6202
2438
3902
1871
5033
5542
2608
795
4577
7679
2376
5875
3543
3301
828
7088
4157
302
1578
2581
1360
1725
249
5701
1350
4046
2944
4123
3307
2459
3141
5389
6638
5254
5292
1612
554
1909
1941
4072
4323
2555
2398
637
6481
1343
4079
584
2721
2898
5228
5060
4303
7227
594
4419
2990
1086
6701
1716
5864
112
6721
7332
5677
3613
7163
678
5262
17
1924
3786
6069
7285
7609
5580
5268
781
2164
4812
5898
7354
3471
2261
6956
5977
4784
3325
1300
161
4667
3955
152
72
6605
6620
2006
7242
7607
3969
2922
2241
1487
593
5773
5996
3675
2842
225
5022
3945
4950
2786
5962
380
745
6996
2559
1449
1092
5511
4818
4843
2634
5592
955
2357
3484
2992
5006
2566
4618
7243
416
5539
6622
2911
6127
6770
3845
4067
6899
7105
4997
5195
6028
1466
246
1396
170
4599
203
1516
6191
3200
4373
2912
449
5503
5097
6355
1615
3160
3531
2671
6911
6745
2716
5220
5997
6001
2437
6050
5170
879
2720
6943
697
5379
2298
6699
2209
5662
2524
4336
59
816
6719
6320
394
3316
2585
4274
7085
5050
1740
6086
4167
1019
4743
2234
3367
6471
1374
3037
5762
5672
4448
2845
3843
1056
1954
1093
1230
1100
6449
362
1842
6026
713
3035
3766
5513
2812
5185
3194
156
237
4806
4241
6419
4313
1988
3431
2857
2258
3724
4440
7626
3883
1306
2274
5363
974
4770
1330
3910
6012
543
2419
5424
2463
1569
3105
1135
5904
3485
7252
4264
3593
640
4685
5632
5746
5388
6842
2690
1335
1520
7577
3746
807
4980
4316
1599
4722
1166
463
332
1047
3234
6139
436
933
6874
2811
5707
3962
1065
1621
2180
2915
3594
267
5096
6126
2235
6711
3572
906
6055
3553
2974
1851
30
2097
2485
3532
1557
3353
6869
3240
2300
1091
401
1425
5713
6021
6448
3873
3557
4882
1398
1313
1935
6270
5758
984
6229
635
1299
4444
1076
1970
1667
2257
5264
243
7414
1802
5564
6251
6095
5035
905
3268
1498
1635
6107
6714
2270
1126
2691
6428
5641
1457
1778
1664
1696
7261
1336
5589
3991
836
6788
622
281
5055
5700
5961
5487
7190
7176
3892
3338
6166
500
1765
1002
6414
6507
3334
2797
7429
6597
1963
3394
4765
2802
6209
6430
5635
1529
599
3186
458
7696
2098
2579
691
741
4715
3533
7446
1094
2440
1819
7246
5280
7521
4411
2370
7646
5387
3650
1693
3258
686
6578
3346
3958
6849
4796
4042
151
7555
4893
6757
523
7360
5931
7442
294
6866
7628
7672
2760
5558
4048
4045
6250
6509
965
837
802
4877
4768
1922
6962
284
5468
6824
788
2273
4022
3570
1439
801
165
5680
5392
5664
4177
3967
3645
1256
6460
3857
7011
2426
3146
1269
7402
6640
3225
2005
823
2424
1412
2496
1951
7040
3937
1978
3501
1616
6065
1221
1095
1572
1258
1392
5967
3486
6545
5183
2457
2368
595
2151
634
2015
3915
4265
2543
1472
2295
5988
48
5357
1138
7524
2050
6370
5212
7434
7586
4473
2232
6526
2778
430
1807
2859
6642
1644
966
3392
5298
3313
3745
3282
4366
1790
3328
2159
3625
5437
1929
3938
230
7058
1009
3071
3760
2166
13
3590
5301
6274
5941
4515
206
3778
7479
4969
5636
856
5739
7604
1758
5550
1722
4341
1634
4657
5038
6161
6275
6590
7522
512
4148
2928
3880
1476
4124
779
4699
6636
61
5194
4244
1118
345
4923
6287
2104
4774
4181
3379
4544
513
4571
3516
252
6983
6106
4841
1507
4929
3824
5925
5588
7447
2116
2709
139
5944
2264
2400
3534
4874
3548
1253
7137
409
1499
6044
3361
7245
3980
4789
2208
3775
4056
1452
6324
4404
90
3085
5430
4498
6920
368
6625
5282
1417
125
3029
4904
711
4827
1038
6765
773
6907
3986
7610
6684
1619
4727
2935
5619
6524
6344
1282
943
6364
866
2212
4679
5630
6290
1265
2155
6260
3061
7639
4655
1179
1160
4202
3648
4043
43
2143
6271
7013
6338
3383
4278
2239
567
3552
2640
5057
5402
4952
6461
5454
2711
7612
5242
6332
3856
6817
2844
2468
2086
1250
2157
7703
5949
5813
1347
7680
3700
7197
2849
3717
5915
1079
4983
3342
6133
2638
2093
5234
6561
1546
2435
609
1540
2536
1345
1721
4364
6100
6644
2229
6056
716
2644
6611
4921
5089
563
6753
3614
6693
914
3793
7307
3180
5165
537
5417
2514
7567
2041
2788
3801
4058
4136
1672
2827
2746
6515
5233
3838
5743
616
5999
1889
4229
6408
288
3193
1148
1427
1840
2622
4044
6298
5599
5359
419
3950
1552
1828
5760
2994
4972
324
2502
696
5782
3271
3524
1116
2652
4959
820
4695
5972
2643
3795
2624
5709
5861
3430
6761
5331
4059
1229
4522
4801
3612
7482
5945
7294
4844
2009
3916
3924
269
5714
6288
7119
3074
903
4546
6277
3202
3749
1530
6196
4554
6155
2917
3993
4337
2777
7155
4946
579
2355
1948
178
7558
1962
526
2813
7210
5065
3083
126
146
1144
215
736
4636
2998
7196
3030
7502
3800
5373
1886
6960
3954
2469
1344
1566
2152
6631
2687
3098
2074
3585
4298
6637
5646
224
3124
6279
6489
4091
2011
2697
4175
118
3259
4133
6632
4609
4585
1930
6120
3815
6687
3768
1033
4370
3066
3783
2110
5377
5187
381
1255
6671
6185
4564
6876
6033
4466
3008
7433
638
6853
7656
7371
5340
3740
1649
1202
7065
1193
3667
7450
3703
6456
3410
1355
1537
3862
4376
3620
169
6369
483
4325
175
3872
3781
84
4970
3599
6571
5031
3347
3848
5369
551
421
3844
2259
4036
986
4645
137
6848
7308
2613
4716
7677
5307
520
3716
6010
1333
5638
6579
2880
6606
207
6639
4535
5046
5607
4362
7255
3674
681
1592
2213
1479
7600
1638
3244
2395
5327
2828
2961
5054
3187
6566
7580
4258
3730
7439
2712
5987
1919
6335
7700
2452
7673
768
3077
803
5687
4748
4855
507
5491
3184
7135
5661
2482
7460
189
3722
4399
6795
7270
2449
1187
1064
1525
3922
3290
6123
4512
2196
6327
5092
7428
989
2173
7544
2464
7615
4204
2677
4589
5710
6923
1386
3684
4322
2741
5946
1410
7247
5224
7473
3677
5910
2128
3808
1134
3027
2294
3906
3046
6328
3702
6654
2
4086
3262
1409
6371
7019
614
6244
4586
3094
5279
4610
6425
1418
3500
1985
1815
2970
580
4932
1882
5088
5793
1692
3389
456
5756
6128
123
2742
4775
3754
6966
3635
2614
972
4254
5129
1570
501
1627
2562
1436
56
1914
4455
4475
4936
1237
932
6261
3121
7669
2447
5103
2472
376
797
5445
2091
863
6522
5590
2958
7177
5775
559
4234
7253
5
4612
3237
344
4733
7106
5442
3470
5653
5845
5794
397
6562
134
3520
1323
7597
3826
4790
7091
1549
6958
656
150
3607
5394
147
4797
4831
3541
6252
4783
2856
5797
1231
1314
6077
40
755
2491
2120
3903
3810
682
1610
2743
1191
7023
2542
5801
3158
2347
4205
1210
4529
5565
7489
6681
5115
4382
1769
7690
5587
7602
5978
847
4798
5912
538
5629
4371
6963
1979
3
1535
101
7704
232
7349
1512
5711
7188
709
7312
3602
7182
4089
54
1184
4236
5478
7508
5100
1788
6663
7254
3841
5950
5518
7241
7644
4008
3849
2175
3787
7574
3191
5443
3895
1748
1777
4387
5663
7507
1915
6700
6677
3877
7271
3277
2931
5885
853
2055
3941
234
2022
7141
6506
2253
5519
6669
5258
2639
573
4029
5690
6045
6621
3069
7086
5378
818
4279
3384
2718
4758
3025
664
44
2399
6450
5105
2422
312
1192
4903
3457
1737
4164
2028
6019
2406
2121
1602
4118
587
5421
6542
4125
874
4591
5575
6225
2977
5509
2535
1887
1098
6207
3914
7289
5881
5286
1665
6867
3706
5382
3101
5804
5935
2855
340
5043
2073
6125
1904
1032
5681
4691
3405
1708
3211
1622
4694
1763
3842
749
5152
6906
1700
2633
1112
6505
5440
6098
2907
1849
420
1524
6343
3544
2984
2530
5853
5951
5023
213
4172
4284
7359
3117
7655
3400
315
3210
2060
1340
1433
7623
5736
4637
4418
93
978
1786
3423
3079
6165
4410
3642
1567
4998
960
2190
1956
6581
1240
1272
6193
6388
1316
1608
2043
6518
4206
3792
6951
5546
3785
3206
6748
233
201
3424
228
3090
4397
7225
5916
4268
6466
1606
2358
5423
168
6938
308
6978
7699
7148
4926
1008
3032
2645
262
603
3315
7144
1176
3926
6603
5222
7251
1471
1539
2145
4524
4195
7547
3956
57
2431
1358
6645
1707
7324
4235
4955
5080
7100
7108
1022
2477
3970
6003
3762
5822
3248
602
290
7095
1839
2325
2503
1666
4616
2202
4781
3447
479
2578
1907
2442
1744
4911
7281
1317
5716
7358
2577
1328
2069
4966
2343
1862
5451
7199
917
3339
4189
7379
3990
5533
1710
2183
4757
6121
4461
6352
7022
12
3302
418
3712
4658
2913
6004
3260
3592
1783
6769
3280
2008
2795
6609
1071
2725
218
1268
6234
2432
565
4734
2133
999
6508
2167
5787
5261
5052
6319
4698
5560
4840
1603
1375
715
4961
2723
6198
1685
6059
5665
3604
3632
6187
4456
3909
1248
607
1441
4799
1434
7070
3893
1465
5508
1899
4626
4560
6780
1370
2695
6023
1185
4182
4487
191
7622
5921
3149
4228
1548
4242
3609
891
5432
3733
7158
4530
7625
4582
5251
5457
3540
2479
7367
226
2413
3498
5821
1653
110
714
5277
2271
5795
6457
5832
2079
1792
7620
3355
3267
6281
577
621
6080
6588
5020
3331
2338
4149
7444
7063
1977
6690
4960
3058
2359
5211
3067
1110
3341
2509
1991
3155
3182
6488
718
2201
5473
645
1419
2403
4297
7456
5835
2265
6303
7536
2894
193
6740
7222
6683
5374
4434
3188
6189
3303
5012
6223
3510
2317
188
7002
3388
2829
4842
4477
5850
6580
5026
935
3428
4015
6340
3598
7398
7039
1775
7326
2541
3167
432
7073
7033
4627
2526
351
5735
1848
3231
7470
4982
4999
2854
7701
4605
3309
5320
6689
4531
7319
1026
1596
2285
814
6067
3127
181
2412
2757
2937
5037
3788
2587
4383
6841
1495
3204
5741
2171
4611
845
6893
2588
4990
3178
754
4377
6496
106
2805
6031
3473
1021
2088
2906
5624
6548
5137
3021
7094
1024
3784
1411
3390
1279
7018
1277
2955
248
985
1997
6264
7630
5622
7617
7211
6396
6438
6402
5498
4152
990
838
525
1647
6858
7361
6926
3321
4324
4835
3701
534
3412
6806
4442
1588
299
2866
2490
5837
