26
639
653
717
30
377
491
6
107
221
342
197
80
408
715
196
487
22
244
390
352
720
405
623
194
696
131
419
708
569
450
555
29
603
575
53
616
358
113
370
517
512
600
65
650
155
722
375
659
467
539
273
412
11
43
136
75
385
545
99
208
74
259
326
580
675
78
121
647
18
373
300
682
265
676
345
269
263
482
678
404
295
35
198
505
506
120
324
611
350
189
532
204
60
346
9
663
366
613
593
2
510
351
590
282
388
688
112
636
552
625
449
274
165
596
560
210
534
173
232
293
89
141
648
472
443
460
188
320
222
530
31
158
680
605
161
700
354
253
359
468
46
200
698
399
597
220
70
169
686
64
673
134
129
500
296
85
668
493
441
495
666
178
338
168
488
481
563
21
363
547
556
456
256
721
156
347
619
40
459
126
498
632
400
91
601
537
45
258
327
604
116
654
348
219
61
175
218
598
192
437
262
660
485
464
7
314
428
713
724
205
634
8
670
82
515
407
245
699
421
32
150
612
81
52
684
662
117
202
494
691
615
229
238
142
343
689
716
657
360
225
618
302
226
10
594
97
83
533
365
524
228
466
391
47
261
179
620
331
114
398
79
237
694
671
509
44
122
661
187
364
646
583
702
286
183
63
420
308
609
705
206
27
103
368
711
14
714
332
311
318
499
307
309
344
37
446
71
690
275
330
38
655
652
435
313
96
473
415
479
144
645
624
531
433
413
62
77
125
174
527
16
607
707
703
431
719
177
489
503
153
260
268
333
519
483
374
283
656
88
557
335
538
417
315
461
357
284
167
631
199
579
523
242
106
159
553
462
329
233
276
257
67
561
589
582
529
246
170
592
235
602
380
322
128
111
528
581
4
451
679
452
140
211
513
334
572
325
95
372
585
392
145
642
0
599
356
559
490
574
254
492
50
249
683
383
584
669
478
58
56
546
541
285
403
558
723
59
231
641
425
151
565
292
439
444
299
606
36
457
266
480
301
137
17
476
166
571
5
471
287
402
429
304
550
109
281
139
215
395
453
146
321
135
410
378
578
306
176
217
171
337
422
255
469
195
247
49
182
409
264
426
69
418
438
504
484
15
427
214
236
279
570
241
104
393
76
693
180
595
692
474
278
470
66
102
25
3
147
508
540
230
271
718
105
423
280
291
454
339
84
424
290
501
644
396
336
687
414
617
164
41
665
681
447
536
381
94
87
148
227
223
252
562
704
251
1
20
371
712
297
55
496
397
649
587
445
554
149
614
526
361
24
341
573
201
48
216
516
310
382
566
543
379
124
160
664
440
19
118
401
544
250
119
224
651
591
72
507
672
637
13
186
181
633
33
463
42
568
12
416
323
157
305
610
132
630
511
86
448
695
353
234
551
184
130
213
535
685
622
667
355
298
23
172
387
101
521
152
362
108
626
497
477
577
162
185
586
267
191
411
384
376
349
127
272
288
522
138
340
389
289
588
312
576
98
133
455
430
514
640
549
486
123
39
248
635
709
317
701
567
548
432
203
193
674
697
209
386
319
458
110
658
628
270
190
520
518
677
328
434
207
239
608
90
51
68
93
465
442
54
542
115
28
34
436
294
627
629
240
525
316
212
243
277
638
475
394
706
367
100
154
502
163
369
564
643
710
143
406
303
92
621
57
73
