1672
1832
688
1755
388
21
1323
957
260
1295
2294
2336
615
2418
1599
1764
1074
1490
2107
465
1663
2222
485
2473
1565
1784
932
2339
1623
1503
781
578
1115
2399
1729
1458
463
2627
1091
79
1107
144
1878
327
2202
2430
1987
1317
142
1483
2049
310
1492
395
1413
2307
2112
2639
1301
1283
2244
36
2693
821
940
2303
202
91
749
1510
2483
700
2378
913
1060
1608
799
2245
617
1766
361
984
1067
1879
1394
873
1024
2162
772
2544
86
1412
812
2253
2365
1486
796
2327
1656
2031
1794
1677
480
1345
594
2395
2314
828
1590
545
418
2337
2515
2032
2721
1915
270
176
301
2593
1108
1066
51
1918
1749
111
2530
1630
2692
242
977
87
600
1261
858
424
1658
2138
333
2446
1437
1550
1500
1462
2422
1102
2243
789
434
1960
1129
820
1880
2271
2475
653
669
2554
1751
2250
2216
293
1215
2220
1953
1371
2557
2070
1496
2729
2569
136
837
1821
47
1205
1014
2553
2114
1212
639
2539
455
678
2698
1795
2381
2047
512
2658
859
2193
1607
1850
619
2302
1893
205
2662
259
33
2201
2476
1130
2601
997
1544
1666
2747
1669
1895
1659
2224
661
1800
2490
634
1923
2125
189
2213
924
2650
214
309
1559
621
1892
1035
2688
1189
1502
2384
2235
2042
691
1280
320
800
2172
88
443
951
365
1557
1576
195
444
889
507
1681
719
350
55
281
2380
369
860
1403
190
1886
970
1773
207
280
622
1389
2246
2499
1191
1078
862
1071
156
1616
1242
2206
1504
1033
1053
1700
2308
2186
2167
589
1845
122
1368
2400
410
1889
2343
1756
1422
1939
440
1089
803
1877
1341
1908
2478
37
458
127
2370
770
744
1837
2753
2006
70
1975
1311
339
1106
1936
2353
1201
491
2439
2715
585
2467
1293
931
2672
1361
2431
2414
939
1730
1110
2680
236
871
1636
89
196
1582
2024
1664
588
2082
1697
1359
2117
1888
1183
1760
95
727
2724
2709
107
1882
298
215
2719
1883
2366
2036
351
1743
2010
377
1783
274
1222
850
1279
1696
2200
2309
540
1932
1233
1023
878
2417
722
950
2331
2023
592
143
961
72
735
321
1206
1761
426
1614
2589
1251
2301
1274
198
1512
544
59
1062
183
801
2014
2347
2572
92
2055
103
46
1235
2005
626
125
804
930
1022
1706
2319
1307
300
649
2630
319
982
2605
422
557
2021
177
261
1999
1835
330
490
531
2438
1949
213
1530
1181
824
1797
968
686
1739
1391
1540
2211
1970
1364
1374
708
1522
753
960
2640
1438
1721
2477
1805
2067
2455
151
2034
2718
1308
2504
352
2171
854
430
2389
2390
1820
1838
5
9
1591
894
1818
2084
2685
555
2706
1792
291
1442
1937
1092
2144
885
1030
2151
2097
718
1629
1194
209
883
2155
864
1409
2297
94
1525
272
2332
1894
1643
2050
833
1899
2725
2559
672
1965
487
1476
1378
863
2670
99
2435
521
1250
1924
713
861
277
1872
802
664
899
316
1410
2004
2704
1044
1150
2275
546
1127
2046
417
1518
1131
2707
581
1294
2282
2726
1256
2146
1254
1421
629
1239
2099
2295
2744
2511
137
1991
1143
826
2073
1828
2263
2700
2258
433
650
514
1114
1485
1310
1431
457
41
1831
344
2612
865
2071
2161
1499
2311
726
8
1070
2369
996
1434
1705
2182
1203
1000
1562
675
1891
2667
665
2019
1617
18
1876
2310
1981
2653
1839
1668
856
170
2550
1678
2684
1759
448
1149
1112
1484
148
1268
2506
31
2634
1870
2687
1460
702
1306
1601
2682
2396
2420
1363
1133
1197
1896
235
981
204
2661
90
1357
2498
262
842
1284
1404
78
141
2452
2568
1548
967
1660
1008
567
1248
1224
533
764
287
1020
403
1138
2409
1817
549
2542
409
2296
1351
1142
1169
2158
1489
2480
1971
1289
1898
2160
1632
895
2266
2674
246
450
2166
2139
2522
237
573
1846
1853
1671
2575
2218
2143
451
269
1933
1006
289
358
1552
654
102
2701
1890
1299
2735
1610
1930
1848
1781
423
2703
1253
2305
1714
437
256
1475
2286
1712
1032
953
171
1096
2256
1642
1628
1172
2066
1446
421
1741
2635
1866
2690
1648
471
416
1134
2470
2619
15
1574
2702
658
248
2505
1778
1579
1732
1113
229
791
1723
304
2247
1809
2187
776
2087
2397
2613
1526
2003
194
793
2386
2606
1082
1867
1602
1198
185
2410
2074
2393
2723
648
795
1314
1094
2442
869
1618
943
303
642
2371
2524
1034
1237
379
1436
318
701
2665
2754
279
1966
2054
1063
1711
805
2379
380
1611
284
2474
492
1332
2493
1419
1609
1556
2165
2175
1564
609
223
550
2548
520
1717
1013
64
52
240
1148
1397
2600
2403
1972
1950
45
2312
48
1635
2257
1903
1372
667
704
2372
1360
1265
1214
630
2321
2377
797
1572
657
2230
973
2190
329
1225
2385
994
729
955
1910
1059
1487
891
2100
415
412
254
128
1640
2320
314
2124
2350
1701
2551
2123
2407
2496
2060
670
522
2130
1079
2464
290
2441
2401
1334
2507
442
1584
1897
2328
2402
893
1390
2281
478
902
1282
162
1699
1009
2429
979
2503
1979
253
1855
2174
2053
1566
1690
526
2355
845
1216
165
527
459
1906
2739
1227
980
35
637
382
987
906
50
1990
583
1445
1491
2203
384
383
132
1558
2249
357
2588
1861
1807
245
1266
251
1154
847
1137
1007
2283
2582
2570
192
4
1907
2208
1707
548
1370
2663
2317
1727
771
2132
2583
2531
903
66
1967
2374
1689
1408
2566
1136
2290
1982
715
2241
2722
1508
2007
1983
760
2199
387
1151
618
61
1045
1745
2326
1057
2195
1790
2284
1535
243
1655
1459
1598
2608
1917
1925
172
2610
101
363
2268
1213
2152
707
992
1185
1095
312
1849
1382
683
1075
2645
958
834
2279
1597
551
2563
2720
1695
1945
1596
2649
938
1290
2090
1948
1747
75
71
2590
1152
2062
1603
2536
1061
677
1209
2432
2412
2338
706
241
1443
1631
40
1995
115
2115
497
925
1495
2710
2072
1041
1769
2325
1834
2164
1336
784
1515
2651
2375
2436
2543
113
660
349
2194
836
428
2017
1272
1957
191
366
2631
186
1941
7
2656
119
765
255
2225
1900
1088
848
367
2270
2264
175
1859
1090
341
1920
328
2361
2678
2513
2188
347
20
2609
2058
470
763
398
2110
1581
525
173
65
1507
1708
2668
923
1
2094
2051
206
710
150
1077
425
731
2334
1875
2676
823
2318
30
855
2466
875
216
2228
2376
2444
1155
711
2731
2491
486
1140
265
307
565
1383
635
880
226
2714
1425
1269
2026
986
2267
56
1771
1881
1365
2461
934
493
1330
16
1935
841
1885
673
786
22
2683
2481
1184
2652
1736
1513
1857
390
1719
2177
2708
1058
623
1099
2045
391
2269
1652
1387
1993
359
2517
67
2041
332
2300
647
1407
400
2150
827
161
1864
1996
1175
2394
1737
334
1649
2534
1331
1469
164
2111
2523
224
2620
888
1260
737
1955
946
411
929
1325
1381
2520
2083
392
1683
419
769
528
1829
2293
1580
1600
2168
1768
1961
1786
2148
2675
2713
2105
1147
1316
282
1472
2427
1776
2697
1997
1735
519
2038
501
17
1264
561
1625
1049
882
2127
2492
1199
2497
792
2641
2594
146
1819
2251
2178
2089
13
829
2356
1524
1159
687
402
2367
1362
2015
1647
1740
1958
445
554
1164
1927
73
782
1595
1255
1343
631
1816
1373
602
1494
714
2501
1621
2434
1651
2408
2330
1702
2288
2298
11
2388
767
2214
336
1733
1144
680
381
1327
724
2116
1985
250
342
756
879
2028
747
604
695
483
1271
2508
2078
1931
1744
1827
2750
1542
1921
2686
38
663
2358
852
1076
1808
179
2537
2184
1913
1543
787
703
515
2509
962
846
166
1226
1388
1270
1116
1046
1321
2449
2163
1952
2255
2732
2552
2346
504
2056
2382
1418
1904
632
839
340
751
2633
494
1856
1578
1633
1420
1123
83
1854
313
935
454
2098
748
499
1054
613
1624
1646
234
1292
2069
1156
1449
68
1841
2659
1605
1560
2752
1105
2555
438
651
1190
1511
1641
1693
2738
1914
1577
1426
1025
1339
140
1240
2210
2018
2696
1799
2494
682
2364
1245
294
1509
453
1692
2622
720
1454
1902
373
252
1571
566
1457
1384
1249
353
2646
295
2413
2428
1724
911
2349
840
624
2363
730
2299
897
1342
904
197
1541
1753
2259
2276
461
481
1432
2699
2008
1084
1196
1710
562
640
2734
712
1667
778
2129
1029
1537
2196
851
788
1467
1528
2416
1042
69
1946
627
2398
2587
2197
19
1083
130
2745
614
843
131
2471
2119
1231
868
587
1309
1862
178
249
2681
104
936
1532
685
553
1709
222
605
928
690
1195
163
1039
2229
6
576
952
1785
785
1661
1355
1634
2546
1573
1586
1322
1844
93
2341
1813
945
1211
1354
476
1005
2468
2035
2457
1682
1645
2711
407
2180
2532
1117
1703
324
34
1073
783
117
1974
2574
29
356
257
652
1019
2730
404
1687
2029
1539
181
761
723
474
188
1429
659
114
1976
85
1448
2727
1180
1178
2342
1380
331
2344
1220
570
1547
2584
370
275
1919
228
559
2173
2313
2716
2223
375
990
1018
746
2135
611
1465
2022
42
777
120
2122
1627
1277
1118
752
644
1068
1814
276
2585
2207
901
1554
2392
2443
965
2093
890
2648
1691
372
2324
456
1988
2644
2108
774
2655
348
1444
517
2561
1243
676
1452
1497
169
612
2121
231
1884
2647
1439
698
2033
1275
1644
2437
2145
959
2528
1847
232
2529
2405
362
598
393
108
2092
1021
138
1435
2080
1219
2013
655
798
133
524
976
2209
2315
174
2599
1969
2157
2556
220
2519
1430
2226
135
1942
1170
2591
811
2248
1393
385
2075
2149
292
1613
1929
2118
1329
1477
1267
2215
1978
441
1549
1056
832
1694
1162
2362
1823
1863
741
1812
705
971
2541
118
1208
2154
2285
998
1303
1176
2329
2212
23
1520
1157
500
2423
2289
2535
1126
1791
892
489
43
1956
2306
2064
1247
1441
14
933
2079
2181
556
2425
1912
2628
542
1947
1177
1026
354
2387
81
1478
794
2453
1531
2487
414
475
466
2736
738
896
2465
2571
1450
338
2577
283
881
44
84
116
1680
1545
2085
2538
552
1653
1119
1188
230
2128
1168
1377
1258
825
2540
926
420
876
1356
308
193
985
1464
2020
1051
1493
1830
1654
745
2458
1200
870
1262
1257
2445
1455
535
580
1815
1994
969
2076
1086
666
942
1926
1954
495
571
547
1811
1726
905
2234
2009
1685
2742
1713
638
1569
397
1135
1951
1873
396
227
2096
145
1141
2581
1944
838
2373
813
2131
2406
464
2642
1064
264
593
1585
2623
2525
187
2404
1043
1567
1505
541
1347
80
399
956
595
775
919
983
247
1767
975
1428
1911
1763
568
2265
2016
1146
360
502
1145
182
2142
1340
1774
2638
1688
2637
537
539
82
1128
1748
1069
2657
988
1028
2091
386
503
2518
435
1909
208
916
1825
2607
1501
2549
374
995
1207
1304
1447
1670
1186
25
633
1346
523
2451
1698
1998
814
1087
1676
1963
2510
1402
2689
401
2030
364
2664
2140
2170
817
1417
910
679
2205
1588
1986
436
2189
1338
1536
694
2660
1411
1728
874
2237
1313
2728
317
656
755
200
2567
1305
1746
1204
2691
740
1173
1038
1276
1319
1594
413
560
579
1234
1385
2137
1806
258
915
2526
909
2472
1344
2597
1770
947
1217
1798
473
739
1004
2677
991
1940
1037
1796
645
460
2545
1202
1072
2440
210
1003
2176
2463
368
2357
2564
2411
1964
496
147
920
100
1858
768
1622
305
616
271
2615
1398
2626
1720
1011
927
106
1824
2242
1414
1750
2749
12
2260
1174
603
972
467
2579
534
2573
1638
1093
2088
918
302
1637
1754
157
2521
1104
1468
1036
2012
1874
221
944
1943
167
2236
1570
536
2643
2352
1171
516
2156
1179
819
999
2598
582
427
696
564
809
2354
153
773
709
96
1463
1333
900
628
1506
601
57
1742
1731
1619
1481
674
1938
123
574
1395
1725
2421
74
468
2512
488
2469
244
558
757
699
1546
689
1229
1516
1788
1048
538
1553
2485
203
506
830
1973
734
2068
2278
597
152
831
2185
286
1016
184
1587
1132
2081
217
2323
1704
1098
315
736
684
866
1111
2482
2348
2077
1456
1673
2141
2502
1662
1451
2460
806
2586
2595
371
2000
636
974
1124
505
2133
1716
238
477
1223
1521
1015
2415
2191
2240
884
509
2103
1167
1984
1193
1482
1192
105
2673
511
1765
446
1473
1606
1826
2748
1533
1775
322
1868
1406
1392
922
844
2002
378
1772
620
835
2198
2351
1833
263
1121
668
447
1122
717
1125
10
1922
60
1236
625
266
1575
1551
1470
646
1335
2694
964
77
1415
908
2629
406
2239
1615
2695
1777
532
1401
58
326
643
1259
1887
376
1757
49
993
872
110
2322
2495
149
1353
408
1218
2227
1810
124
2134
462
2547
1163
807
2743
2751
912
278
2447
1989
1055
759
1593
159
2057
1461
914
1100
2261
24
2580
2231
697
1328
39
219
2450
1396
1369
1959
129
671
2705
2448
109
273
1160
2359
1675
1679
954
2516
641
815
1097
1843
693
2614
355
1787
1840
948
1232
1252
2611
1052
2454
1166
529
479
1286
1474
1320
1665
439
2733
2333
1793
1031
2456
941
575
2037
2479
1466
1120
2217
1010
1674
1639
1065
1980
498
921
1318
1488
1161
1297
2159
28
725
758
469
2043
2717
2666
2514
1762
1738
1802
2391
268
766
311
2113
2679
1471
577
508
1977
2740
907
2426
345
1626
1782
2621
1187
2287
2095
1366
1400
1583
1612
1085
2419
780
180
818
2102
1453
2618
212
1399
1423
1563
596
733
2632
2560
2061
0
949
1291
2340
1534
2192
1244
1871
2424
599
1934
346
1657
591
1350
1281
1734
2712
26
3
721
1519
1529
732
816
306
1080
662
1962
2291
2602
1263
1822
484
857
2238
1479
2025
1715
1801
432
2737
1722
1498
297
54
2316
590
1101
121
716
1081
2040
2232
335
2254
989
267
1300
2136
2039
2383
1273
1109
2636
2592
2219
155
2462
2558
1047
239
1375
2204
1604
1165
1752
1348
160
32
530
822
1158
482
285
966
2101
2065
2304
2273
126
610
2109
2147
2459
1860
572
2603
2596
867
563
2059
2292
296
1992
1405
2126
743
1523
1012
1555
978
1337
2368
2179
877
2104
2671
76
2274
154
728
754
2360
2616
1928
518
1480
134
1592
1620
2565
1349
2625
449
63
1386
1851
288
1852
1302
2183
27
1238
1210
1379
2335
201
1684
886
1905
2044
1324
2741
810
963
472
1779
1103
394
586
1804
2048
2654
233
750
2
1538
1514
853
1865
199
2027
790
1901
2617
762
1312
1916
1561
887
2500
1367
2169
53
849
1433
1416
1968
98
1568
97
2106
1153
1288
225
1650
343
1002
1803
2746
2345
2433
1686
1517
1017
1326
1001
2011
1315
2576
2262
62
2578
1287
112
2484
1440
323
2533
1241
429
1285
1221
917
2562
1789
1358
692
2086
1589
1228
1027
1050
1040
452
513
2052
211
337
218
2488
898
1869
2233
2604
158
389
1758
2486
808
569
1182
1278
2221
2120
1296
1718
1424
1246
584
431
510
2153
779
2624
1376
681
168
2252
299
937
1427
2001
1298
1836
325
139
606
1780
2063
607
742
2669
2527
1527
2489
1352
2280
608
2272
1842
405
1139
543
2277
1230
