1022
1248
830
1177
1057
1363
22
1379
519
922
1194
102
197
652
57
104
636
1278
1381
713
558
1121
1071
1111
1170
249
1228
317
1128
1134
502
53
811
956
871
673
296
538
1219
430
1135
1029
353
932
531
342
842
977
746
85
130
845
106
923
1178
540
1105
31
549
485
929
1089
761
1116
210
766
1041
643
1004
343
377
194
580
426
1098
88
248
1093
288
190
534
992
1308
1095
280
331
37
1016
914
1046
869
1327
970
419
666
600
794
1365
78
245
212
153
620
271
964
1263
354
711
1187
234
715
425
663
695
454
505
407
646
757
1317
759
1103
39
478
198
915
437
616
709
5
219
239
581
237
667
1245
1254
816
369
352
1226
1060
737
28
1172
1337
1303
782
943
706
364
173
1092
694
897
49
217
166
133
698
299
755
844
503
640
930
1176
32
682
254
1196
298
559
21
1374
150
1118
142
363
45
1091
500
772
1082
64
1070
200
238
1165
1179
1343
1067
1280
275
1161
125
696
1100
1214
567
1291
676
1383
112
171
115
1398
601
269
1171
1107
658
933
1251
606
168
550
462
1405
315
810
619
692
1204
843
66
1037
599
641
1115
926
19
981
1298
750
1200
460
569
14
386
1230
229
1097
1117
866
680
877
691
508
968
41
1110
404
522
584
1038
718
793
566
406
819
623
186
803
801
1062
452
997
1319
517
1163
252
1297
1094
971
645
1321
467
1307
1147
461
203
885
1193
672
1252
141
1075
860
361
322
1184
919
1370
132
1403
347
94
613
879
1191
632
1336
1354
978
859
251
139
1195
334
1274
136
591
415
716
633
1044
1325
1338
184
312
1345
1279
260
56
1026
146
401
648
34
1360
532
1392
138
310
224
1168
143
199
1352
904
731
36
434
189
79
398
48
1151
1014
385
767
207
805
75
608
417
1266
747
908
854
1225
1378
1009
241
629
626
172
1175
74
571
1013
1036
1268
880
1387
764
780
621
712
1020
587
421
1215
1207
438
55
670
861
1294
583
733
180
966
327
1
685
1088
379
826
1141
293
338
187
1395
881
862
65
1244
961
439
295
29
986
235
1169
662
366
303
370
827
579
545
990
1227
763
603
214
1063
176
1260
969
1018
702
333
390
1005
1209
941
765
341
191
707
892
170
1201
577
291
849
484
890
1394
835
328
90
779
1143
974
491
1096
1276
705
1073
497
594
967
1375
573
209
1185
357
113
394
107
898
1072
6
788
495
647
226
561
1221
95
1025
1028
162
1329
1257
985
122
1011
1120
815
1000
178
1288
160
103
1309
872
612
769
381
777
773
475
124
565
1397
821
543
726
329
3
1350
1076
758
792
1407
119
492
714
530
889
332
1007
1031
635
984
829
443
683
1033
1223
1301
396
211
850
489
741
1270
524
431
511
851
0
980
1304
336
265
391
675
1364
868
262
118
72
551
1032
479
814
1199
318
1328
99
411
1136
1239
959
564
998
97
563
1293
308
1140
350
988
1202
223
247
476
137
655
387
1216
1330
188
1367
948
144
1296
367
1002
878
388
486
918
987
512
253
427
374
483
940
515
1023
1302
1083
151
1323
931
568
1332
996
732
1305
1231
76
410
158
320
1049
1144
1126
668
993
1275
220
1181
727
710
33
1277
422
852
464
523
10
911
193
913
818
1045
784
59
770
895
233
1212
236
1241
445
205
256
1255
679
1348
17
1167
1258
894
1372
510
230
25
202
509
313
909
480
240
319
834
555
375
179
86
309
739
1259
35
397
1054
669
1234
787
1035
1021
954
1311
161
344
373
921
529
355
605
557
447
84
216
1182
1139
723
382
321
945
324
1132
1183
1402
754
1122
89
451
493
703
51
1316
791
701
185
1099
181
828
348
413
1109
1039
686
50
1262
174
1315
1272
1373
416
1085
783
1247
1333
1306
1340
999
578
457
134
536
857
882
785
1224
528
1213
789
472
556
873
942
615
1125
250
513
1050
1356
1265
925
1334
54
44
1267
856
807
1003
1313
40
1236
1012
514
995
287
440
276
70
699
659
297
414
1189
1310
949
717
749
1347
135
708
1058
12
729
745
255
1399
1019
752
864
1335
1324
1077
1190
687
738
822
994
1238
1351
544
1385
1349
192
314
218
175
1010
700
735
215
307
1283
592
537
588
442
525
808
627
1339
284
316
1237
1322
26
1157
1243
638
403
1320
953
1358
982
482
541
105
1101
951
277
77
1130
27
195
263
795
656
586
884
572
356
833
149
639
760
1286
1203
800
264
848
947
156
1159
1346
499
504
365
362
372
129
1024
753
965
1393
1074
405
1285
817
424
300
542
116
748
823
870
117
743
9
323
446
1153
81
1034
1173
560
490
575
487
1102
944
660
1359
1119
43
290
1368
820
742
762
389
604
225
435
1382
1192
644
213
289
867
547
955
1341
1355
1253
1051
392
728
812
453
975
1205
340
1211
1162
798
847
283
684
272
268
1264
1186
1137
797
127
109
311
471
516
631
1152
368
24
474
607
395
520
101
671
159
1344
1362
548
1388
962
266
775
455
518
46
1312
208
790
654
1112
576
582
610
1131
693
939
423
611
1064
1150
1269
468
87
1256
227
196
1377
1017
1142
23
1233
60
325
47
16
917
458
337
1240
858
1008
444
1222
1198
1164
182
653
228
688
875
450
1220
1208
400
1056
169
1206
946
721
697
661
1068
1155
8
1066
1408
1048
906
420
596
920
259
258
246
809
1371
1114
657
804
30
11
1030
1391
164
15
183
360
463
625
428
979
1042
900
456
846
841
796
674
1065
429
1124
68
42
1295
989
13
257
470
285
1160
1043
473
521
58
887
863
67
1149
927
916
1087
838
802
527
744
384
832
92
1174
1081
907
891
888
1250
1290
152
730
7
689
1380
286
147
432
1108
590
148
546
1106
1246
1146
222
1197
449
409
378
1326
836
399
724
83
469
1287
609
140
481
155
1188
952
1342
903
1218
936
924
506
751
383
114
1282
52
574
899
1015
98
163
957
441
664
157
642
221
165
681
71
602
1156
617
678
1127
96
831
496
973
736
535
1366
204
950
553
1361
1376
1369
330
628
637
145
824
1123
722
507
740
1404
1299
1401
595
201
63
477
1210
402
806
1158
874
972
677
1148
1400
351
302
304
937
725
624
665
1229
1113
154
630
539
781
279
552
301
756
774
274
306
498
1027
1055
1289
371
305
960
886
261
62
465
270
206
1389
1069
598
839
459
1217
244
393
1052
123
111
1059
896
1249
494
278
533
1078
1129
242
786
231
901
376
1271
589
1053
1318
466
976
18
345
273
883
768
593
1292
938
120
1353
408
110
294
4
1406
1138
448
177
1235
876
983
1384
1079
1242
958
720
649
893
614
526
1314
436
554
488
1001
1281
704
1104
433
121
418
1061
93
853
73
778
1390
346
412
570
719
128
585
1396
963
292
349
813
69
2
1047
1090
61
902
912
799
1084
91
1133
82
618
1180
1273
1080
126
905
282
910
991
634
359
1300
650
80
380
167
1232
1284
326
1006
1040
20
771
100
597
281
690
562
339
776
934
267
855
131
734
928
1357
825
1166
335
837
1386
840
622
1154
358
651
501
1261
38
108
232
1331
1145
1086
935
243
865
