626
296
709
599
283
556
76
12
195
400
714
689
538
398
129
307
554
257
340
524
14
196
348
595
627
180
629
434
594
528
270
719
587
319
516
89
220
175
697
254
324
665
281
652
46
640
648
137
15
284
663
37
130
572
186
366
224
446
93
481
127
169
315
248
116
57
499
659
45
143
514
575
222
217
92
475
490
593
83
149
349
415
468
654
448
198
179
605
78
712
332
219
34
288
361
641
440
522
369
10
261
437
515
84
511
103
333
49
234
679
403
489
345
136
561
459
364
126
533
334
71
518
118
374
161
167
436
3
590
320
297
61
586
662
260
571
67
23
558
327
674
582
693
388
111
355
577
343
209
370
43
387
42
141
675
692
574
430
362
443
718
138
240
301
472
643
181
493
326
630
456
600
331
432
255
469
378
604
241
291
404
685
540
661
569
553
695
631
114
154
29
506
146
535
368
192
40
620
231
545
105
292
418
625
187
215
308
534
724
386
189
496
64
226
8
11
628
48
471
616
158
425
619
537
207
563
433
107
670
580
277
470
402
152
618
72
237
550
205
68
55
99
716
294
33
342
201
25
708
671
435
460
622
166
347
684
311
298
274
449
678
73
191
426
485
423
351
58
97
396
54
39
359
453
642
375
635
691
50
483
133
210
701
13
94
218
527
35
611
32
543
123
492
95
380
102
258
395
552
80
79
633
60
427
252
22
173
26
479
285
507
52
409
501
323
216
452
44
609
500
557
717
229
564
302
653
339
690
413
484
325
7
225
275
88
578
624
63
637
317
698
632
615
474
85
532
638
305
526
75
336
139
31
0
199
585
125
646
382
682
651
612
211
705
228
120
457
353
450
106
128
18
687
383
658
722
715
352
235
530
392
539
681
266
476
465
304
597
531
696
354
165
576
246
579
172
322
421
502
245
178
547
276
672
713
389
548
488
53
444
185
588
38
140
491
193
445
16
147
645
164
356
379
520
512
606
519
51
65
473
419
30
119
47
541
98
360
424
399
122
171
56
223
310
417
300
316
110
289
636
96
367
299
204
707
208
236
401
251
279
41
150
438
498
464
546
677
372
156
607
330
278
295
462
20
163
263
101
385
28
230
381
242
243
704
264
688
655
542
603
265
480
397
112
134
649
190
613
2
536
686
132
467
581
711
66
244
565
176
634
592
494
573
447
262
104
59
203
365
168
420
667
212
505
290
115
269
293
482
621
314
27
570
455
357
328
341
683
151
227
706
644
510
461
256
259
6
162
668
268
525
188
318
589
394
373
247
74
669
376
673
664
182
282
458
568
591
529
250
486
90
513
86
312
239
174
377
9
249
508
617
344
238
21
694
142
676
221
233
477
562
393
5
194
321
358
549
439
272
267
504
487
503
36
639
657
647
614
601
412
117
623
463
680
145
159
155
720
309
509
699
306
584
497
411
721
148
69
108
202
442
429
271
517
131
273
313
567
602
441
77
87
523
135
184
206
109
287
384
1
559
583
405
666
213
521
177
337
428
363
24
17
596
451
416
495
407
431
566
82
329
555
660
544
303
350
81
153
19
280
232
710
214
91
608
253
466
286
200
62
113
124
335
346
422
100
478
121
391
338
560
700
551
650
454
70
157
410
170
408
390
4
414
702
610
183
197
406
723
656
598
144
371
703
160
