2283
246
2577
2619
2108
922
1034
1184
2448
1700
729
690
651
1745
2708
1524
2102
1833
35
401
2568
2504
66
1595
2617
2208
2397
1304
410
6
211
64
87
1471
719
827
1374
2175
1684
541
1488
1064
1968
2003
40
2115
781
2338
1166
1708
456
2232
1879
1601
1860
2601
2629
1719
473
2040
1149
1003
2179
2752
1997
1190
2636
90
987
1344
146
1076
1998
480
1619
1068
351
2188
321
790
1117
331
1611
174
220
2428
1600
1017
1535
1094
2180
353
1164
716
1246
1802
73
2539
2370
1669
2339
1675
1740
1233
133
380
270
1604
2262
1582
1386
1447
1990
26
993
1863
1868
340
1970
953
407
2341
1953
2550
776
1441
2559
1568
1592
2667
1363
2067
2117
1292
1786
850
2645
588
1596
1877
952
1736
1540
2177
2130
156
225
291
1598
1792
682
2184
2358
2429
417
1813
2229
1906
1759
2091
2446
2649
816
809
2673
1000
1291
1202
2413
2094
1135
2061
1157
2736
53
1713
149
344
1716
905
2354
583
7
2731
782
2078
2392
899
991
1472
2169
1974
2326
1884
939
658
304
2704
1046
843
1399
1417
1904
657
1915
2638
1920
1456
2434
2604
874
21
786
1478
397
1015
406
269
751
199
2343
545
1054
947
2147
740
1056
1259
112
2420
1778
1146
19
1534
2475
721
2033
1290
2225
1989
2373
1353
1930
157
2250
1950
2418
1187
348
2077
368
1007
1021
1269
2521
972
30
498
543
712
773
1551
515
2468
1919
1268
1357
22
889
709
2598
259
793
1486
1629
704
1349
655
1814
2011
601
1210
2742
1899
1092
422
2329
1571
730
1337
920
2663
1558
1244
2415
354
2603
579
2008
1297
526
1319
2729
2352
118
1536
1208
470
310
1177
1631
2463
392
2244
824
2346
1232
1133
1751
2474
2150
2342
1769
679
760
1126
764
769
1231
795
460
2411
1483
2004
2037
724
1889
902
2647
1204
1788
2719
2470
46
1703
1614
1378
468
41
695
50
1188
910
111
2710
2502
122
1834
565
233
2592
2482
1419
2321
1723
900
1071
1693
669
1118
2287
892
1804
1142
944
1526
1622
1049
1468
521
2702
1828
16
1143
602
683
696
1590
2621
2332
373
94
2153
1881
2200
475
2098
461
622
2624
632
1176
198
2375
1658
1262
1257
2633
2055
2724
1654
160
1649
2162
1407
171
1848
287
615
2491
1552
668
607
2391
1845
1827
1481
1628
1513
2515
1615
1287
1361
2316
128
2419
796
659
1029
240
551
2088
594
2123
2369
1293
416
2280
237
2085
686
300
720
20
2571
1741
1627
385
507
603
811
363
130
839
2035
754
2693
2380
386
1312
1764
853
783
2687
1652
1687
694
1941
2399
1973
34
342
2599
635
369
2579
578
2140
483
327
974
1462
89
1935
1623
2312
992
2195
1103
1532
1714
2196
1097
1016
523
2662
1608
649
2660
177
1695
1469
1212
2207
2359
2063
957
2722
1267
2487
1688
2442
465
1474
1065
755
2083
1825
120
1197
302
1639
1272
1223
2738
2233
1948
1891
1931
471
2173
337
745
2643
478
1702
2340
1980
2240
493
2412
1862
1755
1145
1222
710
915
1174
404
1823
13
2653
772
1179
243
1010
1969
362
1030
2561
643
1991
1709
518
799
1744
2634
644
2607
286
1454
1815
2351
2072
219
2306
1734
1724
1106
1857
1275
2620
930
692
1140
358
2697
1683
1781
1058
235
1198
1410
1583
2498
1285
1712
1999
706
1674
2263
895
1509
2622
1185
2500
2007
137
275
1416
2567
2717
743
172
500
503
2695
1556
2215
1383
1907
432
2674
1963
296
596
563
2613
323
906
2288
660
2144
621
1124
1216
2081
178
1694
399
967
1156
1516
2461
2572
91
800
2274
1659
2318
1050
1473
2110
1643
779
1733
2066
1082
1718
1756
1134
352
1382
2065
2172
115
1883
398
774
768
372
880
1434
833
1811
697
1051
313
2314
1927
878
2010
1225
1412
367
864
1069
1413
1843
1033
2361
901
1321
990
2403
979
261
663
2204
312
143
756
1451
1211
1300
1706
276
2106
1453
11
197
2305
158
2493
2149
698
1329
2164
2152
1506
2331
2334
283
1522
1194
1490
1258
1967
2424
2381
1461
2739
1866
555
872
2154
646
1242
2104
1816
1477
370
27
791
1983
2450
1796
1872
1340
2671
2178
1057
347
1485
301
550
222
2402
1750
2112
2041
645
672
97
988
822
925
1594
1913
492
1962
924
187
103
1073
1423
2266
1422
862
2517
2593
496
1557
1790
641
1570
485
1672
2556
1518
213
566
1638
2379
1402
1618
1985
2255
934
916
1682
958
487
1129
1279
777
2690
1352
1960
1169
81
413
2696
9
1511
1806
677
272
1192
638
1182
1685
2410
165
1964
2002
1121
1241
1698
708
693
255
1720
2721
851
134
1910
1597
1605
2212
2293
2452
1996
1762
2543
1748
1586
1324
985
529
888
1566
424
2595
74
1161
2740
727
463
1165
311
2443
281
1783
2553
1768
1301
628
707
1993
2258
2313
1095
1264
1521
861
1463
292
2581
728
1180
436
2324
2416
69
285
1061
1690
2374
1660
2045
1215
85
1839
1420
1644
2368
2014
1372
1581
1031
586
932
415
949
803
1055
837
2118
163
1183
1855
2644
792
2364
29
929
775
2272
375
1890
155
2139
2490
935
951
486
317
1465
1278
2092
476
93
1680
680
917
1296
1902
1466
180
84
2514
2691
735
2735
1221
1886
810
214
1822
2435
1735
911
2484
820
2426
587
1925
1102
564
1978
82
1493
437
429
1888
2199
1203
138
1470
2401
2006
531
226
964
1001
114
2367
195
559
1897
858
1975
2405
381
536
1928
65
1691
1294
2099
99
1961
1791
535
1869
322
2501
1446
124
1765
2295
2049
1772
1123
1696
2689
1574
1224
61
808
231
887
2430
234
2709
2213
2105
1406
419
2076
1141
1711
667
841
870
346
1147
1172
2219
950
1737
1394
366
431
1274
1937
2125
1578
863
359
2226
1584
927
2437
2532
2438
1567
946
428
314
844
2688
2417
1479
339
631
1555
1496
2307
117
748
2299
1375
1213
1131
2569
2524
700
1035
1880
86
2382
1715
2393
1664
1440
1467
1288
1633
854
1163
1265
1206
2602
2723
1849
797
627
2349
294
2336
102
2052
1119
109
1774
681
2440
55
2527
2133
1442
1701
1283
175
1502
56
1284
488
1306
1958
753
58
617
1977
2462
1240
1955
1909
1343
1705
673
2513
1911
826
1606
297
425
542
2750
2350
1155
1214
426
558
1238
937
101
474
752
1075
400
742
1260
739
821
1045
2683
1358
1924
2051
2022
43
1393
1624
2558
1328
1812
4
544
2315
1821
1428
2038
72
2699
1593
1455
420
2609
290
1152
2277
2311
44
835
25
1243
1933
2525
2471
1105
2606
675
1979
378
1084
1009
1364
1356
245
1196
1742
1760
1653
1381
919
2512
110
2488
1018
309
249
1401
961
10
106
2659
548
67
2535
1995
1167
2148
2047
842
371
1753
1022
169
2221
630
540
678
968
389
388
1249
1992
618
75
2591
408
836
365
142
1798
1894
569
1345
1689
1936
298
153
1138
2353
2132
1630
527
2407
2587
1704
1852
1678
2034
2124
1663
662
1387
2265
1078
1367
1587
77
307
671
1489
2425
1965
2355
2395
2573
737
315
343
2670
2171
1495
508
1396
150
1342
865
1150
202
305
2676
1632
1530
1942
966
921
2383
1421
1074
2551
537
2279
789
2747
2741
1976
1543
207
1835
757
1368
997
430
79
1637
1900
1646
1189
2300
447
1893
1850
1648
1971
1199
1432
722
2639
613
14
2151
788
597
2101
1439
116
814
293
1392
1099
2715
2495
1098
2100
325
32
940
1430
633
1250
1903
221
2217
1107
2476
938
2120
2682
2562
2444
2605
450
264
1263
2472
1548
2278
396
1824
1717
484
1459
1036
1668
98
1088
995
1949
744
2069
2235
1921
1665
2589
1686
451
1365
1136
868
691
2608
2015
2612
2388
1799
2203
2580
948
2378
1794
2651
1351
144
446
1800
832
859
2087
1859
1820
1808
452
2436
2714
482
201
2711
2409
582
848
256
2486
454
1070
2497
912
2209
2700
2330
2224
1339
767
1656
1109
176
148
606
96
1024
2042
2456
1856
1807
845
1072
661
412
377
2534
1573
1987
2479
2103
2048
1757
1710
1501
2447
278
2285
494
2097
634
438
2744
1178
1066
1809
732
1528
1334
1512
1008
393
1492
47
2185
1918
1780
267
1547
1168
257
360
1444
715
2155
1523
335
1640
975
449
1945
666
33
1542
489
1905
1087
989
575
2254
1679
945
2646
326
2167
637
1348
522
479
1234
2086
1391
831
1079
1171
2079
1059
236
308
1533
1956
2362
2541
63
2082
620
846
121
2089
2480
785
448
1322
0
1539
52
741
441
1409
1019
189
1315
2273
664
2291
2073
459
1858
609
1411
1494
2385
2650
2548
1914
1335
2684
2694
2505
427
2222
1042
2528
1994
215
2387
1871
1397
510
1730
2218
996
1111
1898
2652
2546
2547
1308
2309
2423
1504
684
849
2473
2582
166
505
2746
1617
224
1603
361
928
653
1162
1039
2
530
2457
2526
161
1281
770
983
574
517
1553
511
533
1959
1252
1934
2114
2064
2227
2319
1779
1844
2623
2000
1498
1286
647
2145
2408
885
876
2282
2344
1404
931
896
188
2238
1870
2205
1235
2499
994
546
1651
1193
462
1564
2122
131
971
2554
1043
875
132
914
2013
1113
2365
670
8
1673
1436
288
1636
1559
538
725
1549
1338
1795
411
2666
784
2628
763
1458
525
2020
2575
604
2464
568
893
502
1599
1091
349
336
1276
440
2496
1550
263
1545
2703
954
2243
357
1379
1122
1096
1657
626
718
726
1940
1433
2075
1787
232
2053
913
2136
1667
1255
466
1767
623
804
409
1508
1575
1896
1048
1332
1554
2489
328
1248
467
2109
1525
1749
126
1347
1635
2536
2686
2445
1588
1743
1108
1053
1261
387
2552
1746
1282
435
1384
2433
2284
2681
2357
1864
12
520
303
830
2439
2296
1044
1589
614
2614
1841
532
2360
2467
1722
136
2317
1613
2510
879
1885
70
329
1681
1341
186
403
2748
759
2540
1230
2220
2494
2584
2286
1354
807
2518
1388
593
2706
1120
37
2664
2469
986
1023
904
2377
2509
871
1438
2751
223
1642
1460
379
2544
898
1572
2302
1254
812
1946
2056
405
1429
2712
2594
2753
2186
1376
1938
251
2223
1326
959
736
2675
2257
184
1303
78
2159
338
1170
162
2625
2323
2576
750
982
2460
2261
2507
173
605
2642
2190
656
2680
2732
676
1569
2303
242
230
2566
576
883
2707
798
355
2009
828
2726
241
1115
2356
1366
1320
125
539
129
2211
2459
1832
477
185
2181
1277
1004
1217
1114
1591
1641
2668
1431
190
2193
1775
703
2289
1865
890
918
254
2537
1228
2348
2394
2058
2597
1313
123
1331
1752
194
18
2335
356
956
2026
2432
625
2060
1770
1408
2529
203
418
2039
1726
2465
908
976
2396
2129
642
962
592
2542
2655
168
2754
1954
2519
1062
2641
1777
2511
766
1373
212
701
926
439
2016
1405
855
577
2530
2189
2054
1831
1561
2506
801
1836
1
239
589
2679
2062
1191
734
2698
2414
1731
260
1560
723
1761
2259
151
1882
1766
24
1650
1132
1006
600
731
689
1878
1699
1302
1336
1514
107
279
268
2363
1236
1371
580
2156
170
699
299
2669
2182
2095
1676
674
318
2143
2320
1738
650
1415
208
1270
191
2483
1377
2347
1081
1747
68
2333
1986
1819
960
2292
1626
2586
1110
1727
51
204
524
2627
687
1728
504
1457
2135
2228
192
933
2626
936
1175
108
516
2202
2297
817
2677
1403
2090
1797
1445
196
685
1414
2107
2640
1209
271
1697
2281
324
2170
266
2574
1137
179
2201
332
640
1771
2249
2545
280
585
345
2372
1226
2168
903
2183
1499
167
88
969
253
1847
805
282
481
1487
1519
562
445
334
2192
2716
894
2268
705
100
852
238
2214
1517
1546
1427
1005
2384
80
1311
549
1721
1323
1520
38
2276
1159
1330
2138
2239
857
2165
2400
595
1875
2477
1151
1725
1773
758
1280
2578
2563
1908
2216
909
1842
1503
884
2516
320
2059
2458
794
1475
1851
2032
1289
1435
2610
1861
877
421
453
823
1060
36
1840
2068
2560
1218
1385
209
2191
218
83
181
1298
1616
1732
1040
514
1085
1982
265
2555
48
999
382
2549
519
2454
1782
2121
815
434
873
1160
2449
590
1846
2260
1607
1939
965
2431
1966
733
616
1951
629
200
1316
780
506
1912
838
147
1867
469
15
2197
2194
2028
1576
104
2654
2018
2030
2251
1380
1370
2441
1892
1247
1100
1527
1449
1562
973
1610
1754
1729
2337
1080
2389
2325
1758
2734
1093
252
840
1538
2242
1086
1130
497
2720
2503
552
1580
244
1181
1307
1037
2116
1817
2031
771
2141
2583
2269
183
942
2386
1620
2310
330
1776
1853
2248
1273
1634
512
2074
1266
941
217
2404
819
2071
1398
394
319
42
717
2093
2478
2533
2523
1957
1805
2631
2590
886
57
1350
205
1837
229
1565
1585
765
2134
818
738
1784
1510
1579
761
547
159
1173
458
1041
2630
2070
1670
714
1359
2021
193
216
1739
762
2137
140
1346
2298
228
152
624
2237
1395
113
5
76
869
2371
2043
374
1128
2080
528
1873
2538
787
1529
984
1677
1647
963
2406
2044
572
981
1645
1025
1621
1355
1818
135
2632
1305
2126
1437
1369
127
2481
2187
1602
306
1666
2246
2745
1158
1425
1154
2158
1544
2678
277
1491
1314
554
560
1655
2522
350
499
1789
2131
2648
1026
284
2422
2718
2245
2111
2050
1014
1895
262
119
1229
1826
1497
1139
1984
1002
2046
1052
2749
2057
2161
1012
591
1020
2398
2127
464
1952
1876
316
897
1424
1201
2160
1917
490
2163
2730
2672
289
2570
1612
1362
1482
206
2564
402
247
2376
2142
1944
2733
442
943
1426
1484
1803
60
31
1101
978
1972
1011
1541
495
2531
2665
49
1389
1245
636
433
2611
1390
2615
1090
1360
1531
1500
1661
2616
2328
1692
384
1887
702
2656
105
2029
2565
1153
2017
2743
534
2019
95
1916
1028
139
1400
598
553
2466
2176
1874
1450
1923
778
2635
1448
665
2231
1932
1256
581
2234
834
182
747
2728
1251
1220
2247
501
210
2174
443
39
154
654
2128
2657
2421
1563
2119
2390
92
1625
1838
1219
2451
1195
2252
955
2618
1089
1127
2585
248
2166
2005
1047
2658
1112
2520
2236
2427
977
141
2661
1801
45
54
59
570
2345
2012
1148
2508
3
1829
1253
1515
1707
295
2557
584
1027
1901
1947
573
1830
2036
2024
509
825
1926
923
274
2455
980
556
1505
2241
2304
2492
1205
860
1464
455
1299
1785
28
856
2001
2485
2308
611
749
364
2737
2701
273
599
1317
1125
2264
1443
457
2596
23
746
1662
867
17
1186
2270
1239
2027
390
2210
341
2256
1013
2271
648
2023
2327
1237
1480
258
688
1577
813
1793
612
395
2637
145
1988
1476
1200
2113
2453
2294
391
847
71
1144
513
1671
1325
2692
2157
639
1327
608
866
2146
2206
2096
1537
713
882
423
250
1452
164
1067
1854
2366
1309
2713
2727
2685
557
2267
806
1763
891
1810
444
2725
1271
907
2275
802
1104
561
1333
652
571
227
2588
472
1063
1116
881
610
1507
414
619
2290
2301
970
1609
2230
2600
1295
1032
1310
1943
376
2198
2025
2084
567
1083
1922
1929
491
62
829
1207
711
383
2322
1981
2253
333
1318
1077
1038
998
1227
2705
1418
