1869
4481
5052
2282
5316
531
2353
5580
3506
4785
5978
5808
2880
6659
7425
2626
6021
1758
4416
3570
1819
435
4436
3749
764
5474
2103
5177
554
6960
4986
3507
4071
4103
7494
3672
5034
7589
5607
5706
1119
4297
3928
2239
483
1246
3849
5575
6684
3892
2764
2184
4698
2069
4728
7162
6552
1807
4394
2105
7171
251
4246
484
4719
1674
4564
93
2151
3456
3023
4649
2331
2555
6829
1293
7419
4409
3700
818
5335
4198
2325
994
2183
101
1632
5660
3678
7437
4879
5900
6243
3079
7286
7582
5714
502
5183
4491
5932
1210
2938
248
1310
2215
5554
1739
3173
455
2700
6776
4375
1238
1827
5008
2872
5364
6305
1282
7408
158
512
2162
2463
2719
1191
2947
813
6735
3362
2973
736
262
4833
6116
2888
3704
6415
6956
4578
7618
7374
295
7557
56
117
3214
3934
5785
814
3717
5631
3668
6754
2200
1388
2232
3072
1034
2701
6575
6958
563
95
3603
2424
233
2093
5721
1614
7200
282
6262
4063
2332
3460
4039
3599
6399
1334
6935
5455
269
6104
3812
7308
4566
3371
4661
3187
3797
3866
4483
3855
5980
900
5774
3788
29
1258
3978
6330
6838
3162
7207
1307
480
1010
3099
16
830
817
6278
7372
121
4818
6886
5399
5375
1015
7465
3225
3935
6123
5296
3588
208
4507
698
5754
7300
5192
3096
2681
471
1911
1062
3216
2896
678
6788
1675
6623
1155
1395
4258
1867
1323
537
7237
3835
2866
7128
6060
6542
3557
2979
5187
3841
5947
7078
6428
3776
7243
3682
1775
2185
7385
791
6017
3801
2810
304
1899
1880
1641
2549
6973
7350
2362
5203
591
7301
3565
6757
2146
2518
1176
2460
1067
6978
4
378
2532
7232
7282
3897
3661
4400
6851
5824
4208
4490
4393
2997
1279
7246
6606
4154
1159
46
4241
587
6224
1690
1359
2658
702
5737
1509
1309
7031
1925
5273
7016
2587
3219
6539
550
7339
4361
6151
967
6477
1285
5556
2057
2216
7556
5417
1231
2639
6077
3957
1971
3013
1090
6211
2857
318
1565
5144
1287
7387
576
1077
3741
2738
602
5935
1926
3488
3432
5448
1564
7367
6857
1957
5912
4079
5163
1594
4701
4188
2371
6136
3084
2801
715
5336
5885
2241
3188
4962
1296
7247
2819
1484
4312
6425
3413
3736
3972
4865
2492
2234
31
7254
5063
3053
3541
891
6332
3351
1999
6530
4885
536
601
7583
1673
6927
2443
6388
2222
2648
4710
2578
2560
2322
1593
6313
6417
926
2351
1924
5914
3701
4444
2085
2440
5452
2905
1709
2472
4647
6364
4226
6003
1411
7549
2393
953
1523
2122
7388
6588
379
5642
3425
5882
4819
2391
4802
1249
2315
667
2996
4094
2017
6320
4097
2759
3482
4446
7288
942
162
7693
4617
4535
3905
1974
4379
3037
1071
3596
5958
7342
3402
6926
5788
1294
5414
22
765
5398
1298
4166
4378
4921
1235
1430
5000
6700
362
6859
4484
7611
862
909
654
5595
6225
4303
5072
4797
6179
64
2663
5625
7341
1707
2842
449
4652
3671
3455
3311
5042
2608
1343
1365
82
6362
3141
6312
7678
3169
4711
6232
3579
429
2592
5373
5622
7491
256
6099
5131
4347
4906
337
6249
7205
795
5543
2459
3172
1143
3811
4232
1965
5569
5880
2050
4545
5717
4141
3914
5725
2230
7676
4021
4978
4388
4932
1473
5150
5599
129
7337
6395
990
4824
4214
2818
890
7141
1333
6582
456
4136
1234
7034
7296
2963
5498
7562
3920
3633
7706
3772
6084
4313
3561
4958
6009
1202
4401
3937
1458
5346
182
5248
7454
2265
577
6488
3626
5656
2140
1636
7688
2994
3577
6862
3607
2969
5283
7146
6633
2147
4472
1568
526
361
5494
843
851
6885
5849
7417
937
5789
6936
4149
3529
4569
4554
2220
1073
2425
2974
4181
1482
4820
4927
6404
2392
7448
5800
141
267
1547
4536
1435
7050
3688
2926
1762
525
2987
5676
5658
4031
1625
6797
6326
4983
2496
527
6283
4377
1654
5513
5628
3463
4704
884
6934
1445
1753
7553
5525
2317
5017
3280
6538
6971
7172
7310
3080
2402
3146
6566
2310
4722
6175
4177
2280
5238
6374
7472
5807
5753
2335
1932
3592
786
573
7597
3081
6405
2129
7324
5503
6047
5278
7148
2981
849
4916
6200
5738
3128
3532
6363
5362
2514
4798
6988
677
7446
5639
2573
6207
2787
4169
2499
2849
5592
3737
2081
2528
5836
5194
3940
1540
6967
6898
6953
3522
1978
373
2771
6506
1657
3947
4692
5764
982
1805
5511
1877
2597
174
5462
2674
5438
3824
6961
7055
5328
3274
3319
780
6706
3223
1799
965
6066
4804
2894
2548
5139
3497
2273
4435
6335
5763
7287
3974
4757
5802
1821
144
7701
6080
6605
5141
106
7655
5787
5370
2235
3310
5553
4052
1167
1147
3408
6739
53
1596
6665
5175
4561
5669
7682
1123
2634
2517
3625
3885
5086
7222
1190
7304
2247
810
3075
5201
6808
2134
3389
1815
6198
6512
4355
7245
3583
6839
1852
3970
7306
5544
6718
555
3916
6696
4947
5568
4340
5143
6094
661
1417
6256
7699
3840
4579
7411
4892
135
4856
5271
2088
7251
1649
2691
5380
1255
3028
7674
832
1733
1960
1409
5164
2537
1237
1784
4057
5735
4276
6557
7142
1103
6129
3178
2376
2461
1422
6995
5536
2783
431
3370
1465
7707
159
553
4894
178
4139
5092
7493
2581
2798
4765
83
2752
161
4219
7051
4468
2489
5950
6075
7543
5920
1968
7651
147
3949
2296
2358
7429
4751
6870
6177
1986
3911
5762
2813
1663
1056
2807
1384
4671
1696
6372
212
1531
6662
4806
1480
7085
4025
7120
3036
4681
3728
2355
4259
3942
4981
4979
888
2569
1259
6275
3040
1063
5369
7561
422
761
1922
4265
2804
5314
6952
3865
940
4197
6591
3164
1763
2396
7140
3711
1104
7
2370
2928
4713
6164
1536
5757
653
6744
5277
6920
6
6383
1170
5124
6793
895
1627
214
2728
2930
4122
6229
7327
5018
2480
5524
5318
3261
3016
1362
3364
3860
4821
864
3936
372
6775
785
188
1483
5363
7577
1501
6146
1135
1004
1065
6040
2741
4150
6018
124
3984
6504
6683
501
1931
5058
2978
3181
4350
5898
7463
2112
5407
681
3197
3253
4261
6812
6760
4749
5719
3448
6402
4223
3697
1888
7453
992
3619
1124
5476
828
6980
494
2683
2111
7649
5578
1631
127
5973
4086
4317
6991
5798
3731
417
2387
7379
2123
6940
2887
6732
7635
2594
5841
2256
948
6096
6090
1111
1697
7423
5711
1290
7173
734
6746
4047
1579
2918
5851
7139
6634
4030
3511
539
3185
4870
800
6939
1787
3773
1891
3299
1724
2848
2976
1321
5488
4225
1776
5084
1317
41
695
6092
481
1193
2570
4499
5113
4522
2765
447
3586
6349
4321
4939
1057
444
6101
3618
2333
4504
2042
3966
7069
7074
5247
2395
4140
1607
3723
7403
3965
1914
2277
7132
3510
1777
4213
200
7004
784
3064
6827
5215
4088
1574
2024
6086
1947
3092
5590
6400
4996
3101
634
2303
6913
4016
2711
34
6673
7106
4209
4002
6137
1076
1075
1652
2229
7705
579
4203
7686
7312
5330
3416
1704
5570
4358
425
2772
4792
6923
1230
675
5821
2178
7014
3589
94
3645
6719
4814
1457
7531
1492
5535
4537
5862
359
842
1184
4832
606
5366
344
5270
5325
1284
7238
7594
2438
7266
4670
1506
2253
394
5613
1837
7040
7391
363
3502
7236
6135
5850
1624
4911
3653
2320
3046
7381
7194
2703
2319
3145
1350
5350
3213
6416
4092
696
2018
193
4089
2971
996
1618
4858
5679
1373
4228
2495
5004
5413
4868
4271
1055
7565
3198
4035
3640
1337
5678
1508
3005
3452
374
2117
984
6293
3809
6546
3580
120
1399
3387
710
6150
3763
7630
4914
5783
4411
7100
5022
6998
2373
5744
243
1903
1023
915
1093
637
3328
1386
2468
7406
1434
2687
5646
737
4498
2584
4243
4018
608
1719
5174
5541
5135
6281
3762
3082
4511
298
1742
230
2214
1273
7392
3272
934
5562
5013
6267
7560
1737
2271
3142
2318
5300
3307
5016
3552
1027
5077
2445
2231
6039
3597
6957
6004
5665
1069
3210
6544
2739
4948
2893
5148
6916
7097
3955
4659
130
1370
317
5872
5913
4599
768
6553
1449
4714
4917
5934
1160
1683
3304
5847
4665
4860
6210
2851
6727
6503
1946
7313
5003
242
5842
112
7546
5007
2768
3571
1214
988
3884
4221
7249
1988
4193
2929
131
3340
856
3123
4586
2839
91
173
7645
999
3206
6257
2718
4508
3091
2390
157
3297
5442
1046
5037
811
4869
3818
6905
226
1018
5987
2
7023
1604
7510
6241
3008
7126
4745
5279
7125
7075
7359
1963
997
3753
3160
1227
7598
5581
1475
2137
391
1127
5564
287
2698
3578
2799
392
436
3847
412
10
1008
3535
5610
7211
1152
5387
1711
3451
611
5557
3474
2972
4283
6325
2906
4132
6294
6816
2776
6655
5136
6172
4525
7421
1305
1560
3658
3983
5534
2868
6616
4000
6755
48
7149
310
5606
663
5422
4910
6911
5309
1224
3211
1890
3237
5321
4758
6248
6882
6142
5911
5001
7174
1316
3312
6947
1563
7209
6501
2087
2932
4608
596
5292
2613
6976
4538
2715
1175
6471
3097
6130
1266
1814
5811
3950
61
3813
7590
6671
935
2552
6289
7642
4624
2792
1969
630
4788
1577
7602
5830
6296
845
5487
6989
950
4607
5339
6144
6410
5644
7061
469
2775
2313
3540
3686
959
4277
3526
3821
4895
6482
5099
6451
5389
6460
6254
658
2356
1267
4204
5995
6188
4791
7626
7192
1329
7496
3459
1437
5694
1826
1011
3259
1178
5178
5545
3996
1832
4839
4840
1987
6472
3026
5168
7307
5118
7685
441
1847
4442
3102
7277
2257
2550
7098
7334
6798
5870
2682
6412
2238
4542
2470
1179
6692
7095
2803
1017
3868
3685
6509
5119
1405
2660
4767
6072
116
1950
6576
2005
7501
881
2836
1609
4477
1039
492
1304
3975
6409
5596
3122
6008
7230
5054
558
5386
3961
4750
3439
6679
6737
3915
2323
4473
4263
6879
7538
7644
1209
3071
4516
2411
5196
6641
4930
3751
133
6713
6685
2637
3038
3147
340
2007
650
3369
6563
199
4020
1476
6469
6986
5574
7487
7572
2039
7252
583
3189
1590
949
225
1770
253
5368
6781
7343
3542
5237
7344
7694
4408
2735
3383
1427
1087
5966
1299
1548
3500
6422
7278
6941
2621
2873
2760
5927
5228
4399
6311
7053
2590
4322
3194
4402
5515
7456
2942
368
5560
5424
2252
218
5173
1487
5982
1818
1726
1959
5097
4234
2410
6556
3769
5121
5687
6495
2198
3400
2008
1679
278
5137
3727
4288
1220
6486
4707
2521
2447
4040
4574
4789
3207
2837
3226
6702
752
7224
5061
5673
1223
6026
2788
6527
3919
5704
6533
5845
5355
5984
5010
5640
468
5992
7235
6774
2702
4782
315
1474
5661
1995
2446
3793
1825
3470
1717
7046
229
3409
789
1277
3615
2914
2133
6261
3215
140
704
5702
1670
2453
3252
6817
7114
5400
3760
504
7017
1718
5157
3977
987
2876
5843
3260
3587
4629
6466
6328
690
5080
2920
270
3484
3951
2779
7329
6091
2031
5461
4041
741
6235
892
3266
6361
6453
3907
2306
6408
5998
5605
5600
2527
6035
4709
2219
1035
7335
1161
6548
4036
1949
1131
4909
2571
6761
3476
5846
4098
3461
1042
816
1623
6612
3554
3976
4515
2835
5855
595
5635
4863
3530
2535
1165
3806
7060
6491
4524
5202
5989
670
496
5078
3070
777
3087
7368
3221
7052
4105
5968
5447
5801
6059
1666
6714
1586
2426
5101
1280
7294
2226
1943
7068
5794
922
1342
6852
6145
1453
2329
7512
221
4440
2539
3325
1919
4784
4337
7166
7521
324
7227
7365
5450
7349
1992
4017
1503
3276
6443
238
2076
1479
3767
723
3401
1129
321
5190
1589
7007
4135
825
5726
5459
169
3050
5709
5480
3031
6019
1526
66
2158
6429
4319
348
1098
4572
4022
5745
3986
5441
5223
7468
7081
7695
3993
478
6526
6221
6032
2100
713
2079
409
6392
5012
3436
1264
198
1189
2785
2524
6176
3735
3485
5425
6523
6423
2246
3282
5421
4051
4256
3509
5698
6569
6113
3719
4828
5216
1795
3264
1781
5145
6535
2753
2826
4342
1541
4609
4306
204
4903
4509
5274
4068
668
7019
7415
3249
7426
618
2811
5243
6082
2113
1912
4825
3648
977
3997
461
5531
6815
6045
2098
4072
4164
168
5218
4570
3335
5420
4284
6930
3405
6856
3446
3318
961
3572
1525
6892
2968
753
4737
2204
7315
7309
7020
5263
3440
1929
3528
351
2006
1218
5542
7225
6397
2125
3932
944
6618
1895
5020
6625
3515
2756
2794
7067
3827
4620
1516
952
3290
5347
6918
4822
5293
1432
4270
1162
2967
7290
1401
1972
532
6282
4717
2139
2040
5005
5507
7667
356
142
803
7295
3842
4780
1966
3660
2321
1468
3030
528
5902
3590
6894
5509
3254
3240
2218
380
17
6220
4831
5784
2515
7551
2223
6726
7469
3739
3467
320
5948
5892
6593
5884
1096
2465
4151
5161
972
72
673
6070
6044
1930
1272
2635
1997
1148
6846
6001
289
7021
2295
1901
6107
4327
2951
4576
6360
1637
908
4957
6540
5439
482
893
774
865
7397
5555
2207
7054
6969
2727
4747
2583
1664
686
3606
815
6155
7325
604
6787
1505
4291
5928
5204
311
7108
6983
6794
5729
6965
4872
5864
3576
5654
1584
3293
136
7625
6753
1331
1374
975
4919
7578
3077
3127
4479
2751
4696
7135
1270
2458
6517
433
5906
1870
1672
3156
846
1713
6500
5075
81
1778
592
4056
6872
3621
4941
201
3805
6437
6310
2150
2975
6098
2585
986
367
1802
5857
203
4488
2864
442
5977
302
4363
1442
7291
7566
910
4573
4636
5472
2606
4837
5311
459
3807
6411
1021
6062
7072
3088
6743
7691
3844
7697
2531
7190
3182
1491
5351
3118
5089
4899
299
1616
5418
3095
929
1391
4938
6073
3679
7386
3457
4249
7197
1488
5739
2845
3988
5641
3094
6724
3519
6883
973
7103
6677
4952
4070
3372
6236
3693
5337
1510
7620
1801
1668
1024
2773
4653
1715
3420
2199
6695
3002
7153
3231
5391
7623
5682
6442
4200
3009
4862
7090
1735
4004
3108
2998
1198
2092
5957
2882
725
2720
3973
6069
145
731
1048
5970
5722
6418
6502
5616
3733
5926
3604
2960
2950
7049
954
5132
4843
515
1555
5653
2416
2159
1188
4414
749
7059
505
7006
1269
3316
4314
1431
6496
3347
6027
1603
4227
6029
4871
1845
410
2409
4944
4764
545
4971
6658
6571
5377
1313
6849
5019
5803
5997
3825
5246
5903
250
6609
5405
3602
7399
1680
3925
6833
6945
3061
4005
2299
6140
7193
3492
4583
5779
4470
1283
2647
5446
4428
4897
5659
1546
3714
894
5454
2620
5411
1557
5105
3945
223
3534
7043
1800
2080
5096
7234
3754
1262
7322
6929
2366
2736
2268
5761
697
3716
6131
1082
4506
6389
6376
28
1009
7250
5749
6450
4779
6217
70
1464
1092
4597
3151
4989
1146
4458
7529
2423
254
745
2791
4067
1991
1420
2824
3135
1306
6434
3277
7118
4252
6367
1591
6895
2710
1580
1393
3513
3504
969
2977
2051
2793
2564
3694
3183
5250
5272
4326
3193
4026
1022
3202
797
1797
1394
1101
1619
7070
7024
548
45
6239
3600
103
6476
4042
3117
5624
2054
4081
4425
1208
3533
7163
7351
5051
1544
4539
3106
3248
1038
7202
7155
1935
6568
4310
5823
6840
438
153
1650
7619
4512
4741
5736
7107
268
2429
5838
1722
3191
5280
2089
5112
5108
5873
4090
4104
5214
4682
5230
3286
4861
2300
1490
6247
647
938
6317
3278
1928
3623
1311
4165
1552
6371
7328
4034
1732
6602
2251
5752
44
5142
3917
3475
7025
2301
4159
5114
2563
2933
5952
1181
102
2132
5304
5632
7089
5224
1952
4857
3896
7219
6803
2210
6937
7057
2107
5353
6213
2690
6917
6648
5505
4693
3472
1377
7199
3394
5431
6610
6448
5603
6025
7096
234
5748
1037
1112
5894
2354
4774
252
7133
2966
1581
1703
1834
98
7382
6866
6297
6733
2917
2561
6903
5963
7530
3331
3212
3887
5256
6666
2001
5167
4922
5924
1755
853
4495
5686
3137
6013
7260
4152
2919
2990
3895
6770
1382
7027
2939
1330
631
5612
1265
7504
6792
4087
1537
872
7614
2060
3629
1956
5923
3654
5055
1204
443
911
460
2041
2742
5634
5734
3548
4664
2457
6837
6438
2361
3112
2166
5111
7498
5297
416
1064
6668
4192
2082
1727
202
7499
1687
5252
2899
5064
3877
7646
3359
2762
6826
6577
1383
7383
6562
5081
598
3706
7588
5917
7579
5626
2023
2437
2490
1841
6725
7136
50
2116
2201
7563
7571
297
609
6078
3354
1823
2070
5718
2127
1122
3893
4993
4396
2588
6687
4762
6667
6964
4642
341
4923
284
4320
2725
3377
523
1326
7045
7012
3781
1529
497
96
5724
406
8
2603
5907
5382
521
2706
7452
342
1676
6834
152
6012
7633
6843
6543
1820
3512
51
2254
4630
3708
6350
1909
1392
2510
7169
5352
3559
5780
1177
3953
6480
1389
6263
309
3918
347
3994
6619
4540
5067
6489
3032
6435
2984
3755
4133
2704
3958
691
2169
2889
1454
470
2248
3288
7065
2379
5349
5579
1387
4038
5345
5287
3638
6579
2385
5633
5620
4013
5381
4571
1646
2617
4811
6459
6561
2677
3690
3006
5510
4380
1882
4482
1976
6426
6772
3930
4419
7690
4492
6860
3820
3056
5777
4632
4810
7380
7464
2064
7217
240
2529
5127
1097
1247
5327
1443
2923
475
1975
956
2909
854
1874
794
5170
4384
4813
3271
6572
2016
1447
593
3712
2664
2030
859
822
7167
3445
7534
4216
642
1261
3083
3256
3222
6705
544
1522
5728
3774
343
4961
7164
2941
1163
4367
5810
2538
936
1173
4187
5265
4413
5095
1651
3595
6765
3609
2292
1439
6112
3857
2245
5468
2096
3415
2695
2902
2952
6688
1876
428
739
4959
491
1182
7455
4558
2434
4746
5083
2383
6984
3454
4708
6529
3483
3065
3174
3007
104
7677
1743
3338
5529
3673
2575
524
804
4110
7584
4267
5965
6398
7033
3453
7536
3990
1194
6747
970
183
3334
1300
2509
4060
4605
2091
1885
1608
3644
467
809
6304
7518
3964
7632
3794
427
7047
1622
7700
383
4096
4236
4404
2170
4372
5182
2651
6280
1962
1361
3567
477
5149
2553
6615
2145
6034
1964
3479
5308
782
236
860
1729
7269
2879
7515
5261
5742
6133
7585
7587
1884
3388
6474
7180
1205
1681
6583
6731
6287
3683
1779
1276
224
2339
6227
3355
3553
3150
7393
5916
2568
3103
2707
6728
3850
3931
4046
7654
6015
6463
6948
1615
6452
6954
5910
4755
646
5922
211
3443
1511
6519
3582
5688
2363
4215
4043
1998
4427
402
5073
6635
6156
6652
758
7418
931
6065
4565
3642
1108
6465
5666
294
6036
933
5827
2109
3906
644
6158
1419
5015
4985
6163
7346
2610
276
4589
7348
5930
1471
847
6921
411
7175
4771
4012
4349
3161
1054
6118
6819
6455
5394
6051
958
5050
5708
3796
4119
7289
4471
2827
1221
6076
3365
125
2084
4432
2630
1706
5226
89
1243
2196
7030
2227
6925
3617
1241
2428
1192
1019
1154
748
5342
3321
5649
941
172
487
3382
2408
2086
5138
3281
5281
806
1201
2782
1489
6536
1415
2631
5006
790
5496
6778
3352
6219
2020
1752
6621
2957
4720
4976
2481
5790
7371
6900
7672
7077
7292
2430
146
7431
2545
6441
6854
5198
3033
913
7233
5685
6741
3837
2722
5359
4615
4452
518
7317
3131
4648
7281
2126
1485
3628
7443
6604
5457
6470
7218
7259
2284
3419
2056
54
7182
2097
7398
3889
6291
4596
2228
2747
4028
6161
67
724
1730
7662
5840
6554
6881
1873
2530
6271
2501
2074
5023
4913
3952
2270
3747
5260
2035
1450
6565
6354
3378
549
1462
6407
3912
5285
7607
6560
4235
3802
2935
2474
4449
4502
5126
2916
86
424
5651
6056
3309
6421
5026
1811
2678
5747
796
754
4385
6484
7094
3971
3913
2261
7444
6585
2441
6157
6806
4660
4050
2944
7475
3195
6919
3490
4389
6339
300
1233
4619
1720
7015
6878
6109
6682
3379
1507
126
6379
6478
1138
2890
2065
6598
3627
3829
414
1630
1319
4613
4112
4626
628
2874
6295
3019
1538
4997
6166
3792
6549
1345
3641
7591
6950
2852
614
6473
7671
962
376
3543
1989
1768
2936
2033
5697
7485
7092
2522
20
6028
6972
3562
1655
7505
291
6087
6194
2149
1499
693
5185
3848
2644
5853
3675
4638
1470
6143
128
7212
3132
1833
5517
1875
6681
566
2192
2526
5636
2420
6252
3876
3761
1688
6810
6368
621
2850
3981
3190
4290
6699
7442
2176
1857
6985
5983
1301
1858
2696
90
1613
1257
3179
3052
3093
3674
2863
453
6187
6346
1977
4457
4412
5756
274
5946
7629
2388
7231
418
726
3200
2108
5567
6716
6373
181
835
4118
599
4127
281
33
2308
763
328
2066
3345
3745
3612
194
4594
4668
2352
3314
4618
6783
932
6636
1817
7548
1375
5766
1612
6784
148
2576
721
1109
213
4006
3055
779
3720
2433
5720
4987
1219
7011
2163
4972
4929
7242
2875
5925
6093
2672
6467
290
1789
4183
6053
7347
100
574
160
4904
1822
5049
3041
5577
3898
2832
2809
2456
7378
5451
2053
7323
7420
2814
1887
7470
920
6750
6160
1354
4084
2297
6875
4248
6102
708
490
1006
3635
5972
1708
9
1611
1951
1452
921
617
3234
2259
2586
5070
5527
6370
7624
1970
21
1532
980
6896
2624
947
3778
407
2533
7029
5508
4370
7358
2869
2961
7439
699
1897
1731
6343
3385
5619
6270
2679
7157
6074
6342
139
1634
7616
5123
3090
2194
6390
2965
2478
4830
6048
4585
4229
6638
1125
3669
7525
4901
4553
6147
5098
5376
7555
260
5153
5344
393
1368
5326
6309
4556
5887
4474
4677
2806
3250
3786
6041
7066
3368
5473
7189
3322
4178
1107
662
2913
6481
5888
960
313
5235
6440
1207
2171
4330
4716
6279
2500
6764
2777
2649
5696
5896
486
3768
352
3846
7161
4085
7145
7550
6928
3872
671
1031
6915
1385
3828
7670
7332
5315
626
2891
258
1398
882
2744
7523
4466
2045
4650
60
4244
156
5518
3555
2903
2534
1133
6867
5826
6356
7449
6499
4937
163
2397
4336
4451
5526
3126
5244
5959
4373
3337
4864
7462
2374
4117
6413
5241
4145
6574
5406
11
186
7673
4889
6581
7497
1340
1714
164
7605
3186
6848
6170
7357
823
4882
2671
3967
6406
5905
6975
4033
4623
6607
2278
1868
5584
2633
4694
5412
4423
2188
1881
5919
2689
2898
5030
206
6306
6352
3566
5171
7675
14
6888
1667
6887
2740
5528
869
5231
6589
7595
6782
4058
2559
5240
939
13
6159
5835
886
546
6055
5358
5797
80
3464
1749
6381
5760
5469
7687
1150
3759
5877
7544
3550
7298
5684
4240
7466
5036
4101
4155
3518
743
6686
2488
2846
1013
7041
4855
4137
4527
4301
2212
669
4689
3060
2471
5028
7088
2632
5733
7617
7366
4365
3255
2368
917
4616
1571
57
3873
6468
3864
3
2476
6751
2236
462
179
5176
3888
4808
5122
272
271
7248
3342
3744
2958
4486
2283
3458
4530
2886
2717
6338
946
7181
7221
4211
4106
3799
6420
6555
333
1942
3869
1598
1408
3831
7276
5874
1643
3923
132
6184
4386
1983
907
4786
123
3613
5109
5699
966
5432
4224
3871
4351
2714
568
3560
3018
2861
4007
6284
4305
265
2503
6720
2021
257
5597
4807
1355
2381
1078
6756
5290
2654
3725
1759
5587
5867
1187
5489
5128
4500
3740
4733
3614
3417
3326
1225
7592
473
5691
4368
683
7110
3858
110
4403
113
2956
788
5993
3880
7115
7152
2095
5011
3523
1095
7113
375
7599
1948
4679
6884
3421
5416
3447
6646
3366
620
2061
5918
5497
4280
6730
4532
6922
1206
5162
5068
1585
1084
2032
5120
4461
7122
440
1682
4262
867
7216
7622
6779
5403
5523
4233
4463
6382
6931
684
2135
651
7355
1539
165
4318
6042
2165
2189
5385
6218
2699
2670
4100
2755
5537
5652
7258
5152
2466
2915
5227
1761
2743
36
6951
329
2289
6365
2073
709
605
6853
4567
6333
4083
3891
4888
389
2483
2604
6522
1721
3545
3258
3684
5437
6121
1040
5322
529
3384
6645
2015
6276
2348
767
3531
4826
2485
4292
3800
3069
2302
4600
4054
5909
7009
6246
3232
3344
1001
6629
4453
6215
1633
5356
7165
1745
6510
1648
4462
2712
4841
2013
506
1569
1570
4510
2884
5921
1725
6259
1945
6043
597
4577
1600
1079
5967
4376
2281
6120
5371
877
3789
4756
6487
5434
255
655
520
4066
1250
7326
6647
7091
5755
4405
149
7119
4138
4761
3292
7652
2099
27
3524
4795
5333
4974
4343
5868
1203
6624
3766
7013
6052
1044
7514
1700
1556
7001
4129
633
562
3520
4048
1478
388
4695
167
5519
3014
1029
5048
7177
1592
6712
5100
2964
2415
6165
7354
4075
2152
4077
4891
7083
5456
7195
5033
5815
1982
3039
1944
1990
2834
4505
1504
7370
7131
1645
3153
923
3655
3765
516
2334
612
2541
3267
3516
2209
4093
119
4727
3707
775
5512
3514
1747
3924
7038
5672
2153
6288
5705
405
7330
2448
6182
3508
1336
1521
3437
264
6802
2862
4293
2911
5621
2367
6897
3662
7522
4823
7116
6650
3692
3624
3246
5582
4334
957
7647
6676
4562
3089
7507
3503
4415
7022
275
237
3941
4723
5140
4497
3159
7196
235
385
2645
3086
755
2119
4179
3184
4815
1085
1605
6063
5731
3691
766
6214
2895
4156
4794
6811
4126
7389
6022
1599
3616
5707
6307
1289
4796
6353
6573
5520
538
4766
3956
75
5324
1838
7272
5184
4382
5727
991
6933
4325
4628
6528
2418
1116
4738
1099
3631
5059
3667
2599
4803
4447
4131
5713
4769
7187
6771
192
7680
5367
266
6204
3834
3165
3959
5897
3758
4964
5547
878
1291
2774
6596
397
511
3175
664
4657
6868
401
3665
5024
3289
2618
5878
3308
3393
4625
6959
4943
3525
656
6348
1404
7438
998
5079
2004
4995
5782
5310
2167
5071
6766
6190
3301
2821
1606
6789
1601
3243
6550
1118
7305
2781
6869
3059
5832
5723
2114
4699
7204
6231
1886
1412
7268
3902
4121
2094
1578
519
6876
5839
2680
4053
1070
6106
6516
4966
6230
7101
565
1698
4426
5257
820
3287
2822
4925
5942
514
6524
1746
3989
1020
1140
187
6637
7117
4931
2475
450
5014
5876
2285
1428
1421
5275
585
744
5331
632
1045
1760
5583
2766
2770
4160
1824
4992
1848
4460
62
4736
4009
3469
6394
2737
2615
1958
3171
2520
805
5443
6873
1786
1050
3738
6977
6830
3584
2721
3921
143
906
246
2708
3134
5856
1016
5962
4281
3466
7659
1689
6071
873
4274
4210
6603
7495
2970
3757
5650
5065
5937
4348
7144
3136
4116
2346
694
1985
2609
3295
1553
589
2407
4231
1549
6651
1440
5423
4273
3085
386
4316
1844
6316
1582
6632
5938
3585
7026
5608
6943
2436
7596
465
4531
3000
2692
3410
1344
32
5453
5191
3021
5848
6483
3830
1003
3391
799
5458
5865
2934
430
2551
870
5647
4748
3424
4434
3478
6201
134
6250
6298
7508
7434
3810
2421
2937
2330
3192
1074
2003
4873
1448
7255
7552
714
3551
3598
5107
5818
6790
5460
7076
1812
4641
4898
2693
1996
6206
3489
7018
3270
1185
4078
3045
215
7318
7474
3305
5979
1114
175
2763
2046
4332
5817
712
5740
2077
1215
2206
7554
2055
6396
1644
25
4724
4289
3167
3875
4124
4335
6347
2595
6600
138
3787
5220
5361
5664
3057
1068
1859
7422
738
6709
1413
3263
4429
4900
7064
5323
6924
540
7363
4729
5549
1128
457
7213
7564
2342
7519
1906
6537
3265
1642
2479
2580
7503
7533
5956
1691
4655
5428
6515
326
901
1809
2840
4725
5767
2382
2513
2406
1137
6773
4082
4299
6611
880
1200
6861
7520
6785
7610
2244
7481
2907
3062
4503
747
6115
559
5825
722
5312
2452
4114
195
1369
5751
4309
4591
2464
2347
2758
6234
7364
4392
7279
7559
2865
945
682
4621
1126
6461
4999
703
7451
1229
1905
7361
1286
4580
2294
5116
5093
586
3575
2589
5933
448
6899
6183
2577
2596
228
781
5550
7634
1662
3494
5908
4854
4456
249
6323
5623
3816
3487
3856
2312
3139
3300
2130
5931
7547
5663
5354
474
3376
4805
2291
6268
2120
2160
7360
4143
2237
6324
6990
2177
1828
2543
4302
4575
1486
493
4253
1371
2486
7188
5869
88
6749
6690
5799
6359
3933
7432
3622
7482
5746
2106
4148
6580
6564
3852
2221
2769
6464
7263
1528
4878
1346
3729
2823
1790
1416
6729
3228
613
5881
5796
335
485
3718
3979
7362
5313
4691
1896
3611
4675
1014
5521
3201
5104
4153
746
2427
232
6171
6031
1551
2469
2272
2187
399
2627
3283
2128
4549
5444
955
1534
4552
2394
7580
4731
23
2867
63
3238
600
1049
6661
3034
4687
2754
7336
2925
6479
657
5743
415
4220
4816
4383
964
4346
6855
6192
7527
5186
1390
4763
6703
6079
1012
3257
4876
4171
3111
3358
666
1149
4420
6828
7044
6672
4487
6559
2019
7273
5147
1780
1358
5225
6430
3357
7412
3591
4606
7271
1517
5969
1466
928
5103
679
2038
4669
4045
1769
2224
688
244
122
4161
7244
2643
2616
607
5879
3817
5548
2694
4501
327
4180
7450
2442
177
4954
5781
3743
542
5390
6654
4602
4846
3549
4546
5404
3698
1036
7467
3462
5795
1894
5466
660
6818
4555
6154
5329
2444
277
263
7058
4712
2622
570
2197
4534
705
1278
384
4518
1043
2642
7526
6181
1436
4061
6122
4742
5701
4674
7664
3176
2305
6592
6358
6752
74
5087
896
2607
6745
4844
1694
1940
1855
7154
5284
1515
6955
7143
1295
7375
4015
7413
4739
2345
382
58
1794
974
4439
4859
6906
2377
2646
6334
850
5429
5479
7297
3333
1477
1530
191
2304
1091
4217
1939
220
398
757
5401
4123
3732
3320
4011
12
2432
5463
1297
5683
7124
5598
3663
4940
6996
5530
1372
5940
5384
2805
4328
4686
1915
2491
3247
7627
4296
1153
3412
3879
189
3403
5209
2029
7356
2666
3882
5221
5088
7603
5056
6520
3985
6831
5759
3636
875
4877
4059
1542
4222
6595
5889
2732
2838
2477
7593
4936
7008
5904
5991
1472
1381
7005
6457
6492
4945
1456
2802
2542
6763
4627
1879
5614
5791
4194
5700
5859
107
2943
210
5
7084
5655
3399
985
6244
1263
472
3442
3279
4115
7220
7376
6046
6054
3815
6640
1669
5372
170
689
5875
6454
629
6336
5883
7002
1638
5648
3230
1451
4867
7424
2991
5091
3862
2419
1418
7253
6620
2786
6222
3144
6858
205
5467
7178
1740
6049
4331
2010
6693
1378
3649
6697
7600
4646
6801
1338
4560
905
5249
5295
196
5793
1335
3244
1460
4568
1748
2405
6796
5994
6590
6384
216
2729
1736
1115
5501
7433
5236
3695
1407
4838
2544
1712
2841
776
4201
6083
6357
97
1861
3819
3330
1007
5951
1865
1251
838
2734
2161
369
2384
6670
2844
1072
1325
5710
1426
5090
1621
5638
2557
336
1853
2659
3721
7537
4663
4726
2154
1141
151
3163
4688
6240
108
3922
1166
7229
6804
1595
2311
1572
3493
3343
3066
4353
5255
7338
3098
2980
3946
1222
2314
2022
2250
899
5043
2422
6378
489
180
4390
6545
7201
717
6689
6932
6962
408
1535
3395
1028
1839
4407
3742
2761
5396
3845
2336
5436
2948
4282
5506
5082
4255
1514
4147
7150
77
7492
2989
3637
6380
1883
3563
4654
2871
5426
3205
2757
6253
498
5482
1281
4113
4934
1
833
5771
2638
2293
5816
4760
6174
3752
7311
7581
5348
3373
7353
1406
4433
1967
5397
3859
4294
349
4237
659
6864
3998
4581
5844
2414
3239
762
7459
69
2179
6614
3001
4942
6842
569
560
6167
7640
3105
2525
7666
706
4662
4667
773
3770
7223
5730
2360
4250
1588
2350
5427
3109
6497
6193
3233
6185
2912
6807
6949
2657
3218
4595
564
5379
7111
3434
3838
6403
3680
445
792
4990
5338
5716
3647
5302
2733
7683
2986
4973
5133
5637
3392
5981
4186
222
4469
190
6432
2652
4880
7137
3110
1767
4829
4640
4752
6458
6644
5319
1444
883
4003
3346
40
3702
2043
732
322
6162
3323
3558
476
2688
7176
5703
7048
3438
5558
3962
1846
3170
6286
1701
3639
2619
5657
6599
364
4902
2605
4278
1871
1339
3119
4905
3375
5259
2629
4563
3068
3823
4835
283
6386
1519
3677
7698
902
3746
3505
5193
5741
1288
3477
7400
3414
6011
1685
1866
3610
3073
7516
6759
4445
1902
3473
5552
2562
4969
4356
5852
5206
4120
7127
2600
4266
4884
5986
7641
2995
1081
2746
6643
68
4024
3901
3886
5481
2359
3963
1217
3067
2431
5891
84
4541
5233
7568
2820
557
2034
5895
4683
6329
404
3814
6622
5102
4960
1025
968
353
2673
2778
7669
5267
1798
2078
2052
2667
6189
1033
7352
4333
787
1396
6711
7299
85
6627
5630
857
3339
3397
2516
1341
4275
7692
6617
5861
3833
4918
836
7087
7080
2115
6678
3899
87
4391
6303
7545
5266
4673
3251
6845
65
5115
3157
5205
377
7104
5130
4968
6127
3501
6095
2789
4357
1856
2601
3656
4781
3904
4559
2724
6266
4951
2591
4975
1169
1981
5854
4189
517
3782
1813
4603
4202
4703
5268
2240
6547
2136
1236
772
1628
6186
4614
1728
6191
1481
6649
6910
2025
4184
5834
5565
403
522
7037
5264
5305
889
4887
5066
1980
1446
4395
7643
508
7093
7704
5769
4029
645
6663
5786
5009
5667
5502
6444
2365
588
4735
137
1232
3049
1271
5514
6904
1831
798
6462
2193
3361
2859
7210
2211
5593
7574
2940
1113
2565
4680
5585
1461
6111
1260
2400
5943
7267
3724
5954
261
5675
2830
4448
6216
5383
4417
3468
2628
4406
4239
5303
5232
5689
5179
2883
6245
2614
4850
2102
6664
2892
2375
3861
6449
2955
2853
4773
3275
6242
452
4091
2505
1699
6199
2877
5207
793
5837
1693
3779
4352
2266
1410
316
1351
2856
5307
1923
3851
4812
983
4128
3659
5586
918
5213
1545
3332
6813
2287
2487
6393
6436
7121
6777
4441
4430
5069
5792
3143
2669
7650
912
6119
5690
2927
7000
37
4398
4544
6139
4685
42
176
4476
778
6010
3115
3593
1716
3777
1314
1455
3155
296
3908
1239
6103
3764
6431
2730
6134
7663
2338
4424
4994
1910
5974
6369
5715
3291
3381
674
2796
1692
1292
635
2716
575
7509
7601
4672
3676
4344
3024
4478
1836
1754
5282
1583
1058
7331
1684
197
6836
7270
6117
6385
6694
4845
7086
5915
5134
4454
7576
1089
819
1066
4264
4023
5495
3348
5804
5294
2141
3854
2062
4167
7390
6704
3995
3433
2386
2144
6823
6258
3987
3012
4443
5060
4740
7407
1197
4777
7628
2636
3480
0
2009
3569
3471
4744
1145
3317
6005
4793
5251
6974
1117
6475
2954
2982
76
7513
5668
1520
323
6907
7102
2800
6586
2556
6208
2059
5291
7488
1934
1026
4631
4610
4977
1248
6534
6226
1862
5680
6301
114
5483
616
701
7274
7316
3022
227
2540
2815
3573
1916
2705
615
6521
5445
1518
446
4324
6994
6351
3435
976
7679
5160
5169
6038
2790
3699
4170
6987
1955
1566
4311
930
6088
15
6832
839
2598
1771
4032
5563
3748
354
2047
306
5219
6427
2713
6037
672
7275
2274
4770
370
582
4656
6505
6762
6366
2242
4019
4886
834
2676
6272
6314
1554
6675
2988
1171
6880
7373
1908
5470
5532
3430
4529
6318
6355
874
2959
1764
325
4125
3048
1312
5976
978
711
2340
5674
1937
1495
4635
4988
3268
5750
6173
3129
5074
5499
4286
2205
6128
1157
4852
7558
4238
7079
5712
1782
1226
6513
1575
3499
432
509
7604
4323
5692
2124
7502
7345
5200
812
5195
6968
3104
4700
7039
1360
390
3047
4480
6740
2831
2833
3620
2812
4965
3536
6202
3564
636
3726
6498
4783
7314
2327
2083
6594
2656
3883
4269
6680
7542
6847
5964
1366
6800
6532
1933
4588
770
5269
4587
3670
855
3303
3710
6114
6375
7524
6033
1052
5276
1252
578
4676
7036
750
2404
826
2870
4242
1864
71
6212
1303
7264
1904
2180
2860
5254
4245
273
5360
4142
6981
6821
488
5500
437
5475
6558
1106
2286
2014
7214
3798
4339
3605
2138
5831
1984
4205
2498
7540
3004
7668
154
1695
4173
5151
2502
2731
3900
5985
4199
4590
863
7689
4759
5156
2208
1785
6820
981
3539
925
6518
4778
4381
2572
2155
5211
3124
5180
4658
6344
844
7073
1164
2825
1102
1168
919
7608
507
4315
3783
1105
2372
1100
7665
2843
7283
2484
2202
7479
3929
2191
5936
5076
6050
5591
619
7606
7541
2316
3363
3926
4834
7262
728
7099
5419
581
1121
1196
2536
6721
1918
6698
1723
2369
47
6966
4230
3713
4168
7404
1671
7369
4734
4251
2685
19
2655
903
1512
1617
423
6608
3954
1328
1424
2574
6736
5601
1705
7473
5032
5440
2675
6578
1660
2157
2255
3839
6938
6844
3775
4582
4557
3058
4998
1120
6007
641
3302
3909
1567
6963
3011
5464
503
1030
6153
801
4633
1244
3486
330
5945
3199
4896
4190
5146
5615
7480
2067
6340
2048
1322
4950
1640
7333
5671
2142
5522
2748
4548
2174
4345
4984
727
3444
3481
2795
5822
4644
6642
6674
7511
4842
2164
7239
1573
5188
7657
4956
6456
4718
2767
6345
7265
5253
2328
6865
4622
184
3832
6401
2451
4924
3734
7483
3651
3826
3236
400
6531
6424
3356
1892
3078
7010
2000
3374
2309
687
1212
35
1913
2523
5046
5805
6841
5484
4705
1808
7179
5758
454
6999
4307
7384
6315
2026
4949
5393
5106
419
5334
301
5208
1907
4298
6391
4329
6447
6265
916
1136
2983
3632
2213
720
707
2910
4218
7401
3138
5298
308
6567
7490
2156
280
3284
5158
5374
2697
7440
7198
1872
2269
5242
3203
1414
2665
3771
5471
1094
7082
979
2203
4866
3029
1142
2263
1199
2072
6601
3003
685
3568
5776
6105
4212
7208
5588
2148
2829
5409
1597
6657
6169
572
5492
6319
6251
7109
92
1275
3154
2090
6584
4014
2075
479
1274
603
3380
3969
3027
5561
963
346
802
3431
209
4847
118
1151
3547
4908
3634
5618
3042
5960
7191
1318
6769
868
3336
652
7183
3227
7062
339
4065
3140
4074
7130
2623
7660
2504
18
7105
1364
6260
1665
247
866
4371
6228
1751
4272
2389
5809
4418
1005
2473
4547
6613
5378
3785
6274
3209
7489
1806
876
6877
3329
1376
2784
7461
1356
2307
2612
1850
3843
1791
5478
6108
6982
6097
4848
885
5611
5025
5732
2640
3044
4069
3722
808
6738
3196
6299
1961
3074
1423
4851
543
6233
5234
6707
7032
3703
6327
360
3407
7186
5540
5559
7160
4185
3594
4174
1216
6148
640
7293
7396
5057
5996
4853
3450
4027
2243
1513
434
1558
2258
4754
4001
2858
1783
6494
1639
5538
7170
7129
4437
7500
552
5812
5627
1172
5778
26
2949
1804
1348
3313
5949
5408
1324
1550
3705
4044
639
4359
2357
1228
887
6717
824
5533
1139
7112
371
1403
5062
463
4643
6691
676
7586
6237
1678
2924
561
7648
7528
4108
5430
6290
1433
3273
3269
4055
4196
3341
2921
5288
4268
5299
1110
6125
622
4279
2750
4982
6277
1677
2449
2344
6285
7681
4634
993
1994
3546
1803
5629
7428
1268
4285
6085
3867
5449
4438
2462
1635
2931
3943
1180
6628
837
52
7240
6997
3939
4459
3689
3491
2002
7410
6168
5594
6660
5402
3791
1441
2726
2217
4604
7539
314
3148
6068
4489
6780
2413
769
2493
6874
5002
821
3315
858
3035
5239
3927
7478
3581
7638
594
7658
5929
5772
3076
7447
3426
5181
3544
5433
7441
771
6970
1053
345
4191
5395
6203
1086
5829
6490
4601
590
6541
6822
1524
3681
5886
5901
6089
4111
3780
1502
1254
7256
4431
3220
4639
2337
2723
5539
5863
4776
4800
716
2349
3991
150
4790
6180
2186
4753
7302
6758
6209
115
5262
2854
1849
6132
3999
6197
2602
1363
5551
4455
6708
2512
1863
292
4260
6508
2897
4890
396
30
6993
841
3556
5332
2011
5609
4551
1744
5576
3404
2290
3968
610
1917
5197
1851
7471
5768
1088
7573
1788
4195
3262
5866
5899
1256
1494
1130
567
718
5490
7653
6912
1059
4073
1380
2953
665
4010
7063
3349
7639
3296
1878
4955
4421
6871
7637
4076
1840
7257
4799
1493
6799
1765
6341
6067
530
730
5939
2808
5301
3808
2661
111
3874
3298
2036
7612
6656
358
231
898
4206
4836
1889
624
3784
807
7226
1308
4787
2962
2195
5990
4912
5435
7203
2341
556
1051
547
6445
1327
7402
7615
4593
4953
551
499
2288
7261
1979
6946
2999
2249
2435
2027
1686
3107
7696
3836
7703
580
1320
4158
5643
5504
4666
3125
1041
6195
4176
6902
4102
1927
3878
3241
6205
5245
6030
451
2816
4008
4146
5044
5341
1060
5110
3527
1083
2611
827
6626
2168
2847
6669
6149
4496
5571
2173
2454
3133
3423
4980
3350
6138
2904
2946
2276
6006
3574
7430
760
4743
2511
5589
5165
420
2225
4450
2497
288
2797
7241
6514
285
1620
2901
2992
1032
5166
6081
1379
5027
4300
5021
6891
6485
6419
5893
79
6414
3643
5029
4519
4533
7395
4817
4308
4037
7636
1425
4612
3517
4521
1920
6653
7570
1835
6942
3116
4144
995
3242
3168
6768
6223
6269
1900
6715
7476
4467
3100
2749
1629
3324
3537
5210
4387
7285
3235
643
5094
6814
729
7575
439
6124
7409
6639
6439
7151
3980
1756
7159
3120
2058
4920
1367
2233
829
5388
4809
848
1936
332
5340
5765
584
2885
6597
1843
1738
1793
627
3353
312
4528
3750
680
6587
279
305
39
1576
3890
105
6016
7156
2985
3063
4304
6110
6850
2641
4157
381
2993
99
3015
2900
5858
1242
3114
6630
2324
4247
3944
7460
2878
1459
5516
5217
3608
5941
2506
7035
4946
4645
4721
1158
2068
3177
7158
495
831
7280
7003
5289
3411
3208
1352
43
2267
4849
5572
7457
5486
4772
303
6014
6742
1496
7684
357
3204
4768
7123
6292
5286
1898
4362
2507
2378
2494
535
6863
3870
756
4933
5199
7477
2922
5670
5813
700
5040
852
3229
1195
5566
3020
4915
3601
6824
217
3960
3149
2662
5677
5773
2175
6178
1211
5662
3652
6322
1774
7486
5955
4706
6809
241
6909
2028
5860
5047
7134
1213
4893
5961
6387
6767
735
5392
3367
6024
1993
7147
7517
6141
3696
2181
3180
5819
6308
2172
971
4875
3715
2260
4475
897
4354
4881
4543
1002
5971
2945
1757
2049
1854
7138
7414
1438
2326
2037
5038
7185
245
861
4369
239
2745
5975
6273
623
742
6507
3521
7661
4550
4514
2190
1543
5573
2298
5222
1953
638
7056
49
5229
5343
6377
1830
534
1347
6238
1741
1400
3217
1610
6002
6979
413
3538
2881
1245
3441
307
350
426
5602
4109
4520
5953
7416
4967
1860
4970
1315
871
3245
464
7394
1561
2467
1702
2412
7535
2071
4062
6061
3130
7506
458
5944
3054
4928
7445
171
6795
1357
1134
5125
7184
4730
6020
2044
2579
5212
1734
1659
4963
3306
4338
5770
2262
4584
1498
1061
2399
5085
4254
3152
4360
719
2118
2012
1397
2364
4134
4099
2264
5306
3498
3903
1973
4678
1562
3428
4697
7621
3113
4715
2403
3938
1893
5871
7228
24
7631
6889
5988
466
1658
3803
4592
4366
3158
4907
4801
7168
6901
4287
2279
355
5154
914
1656
3285
1626
500
6321
6302
6064
513
1253
6100
5155
365
4926
5493
2908
751
4883
6710
1302
3709
4095
3982
571
7567
6337
5890
3863
6835
783
4374
2780
1796
2482
4991
2143
2343
59
7569
5031
7042
1559
5604
4465
5117
5159
6493
3406
5546
3360
4494
4690
2121
7613
533
3853
6791
2546
5041
3386
4162
4175
3992
4493
6525
421
7532
7071
1132
5365
207
2650
366
5317
5833
989
4049
4517
2567
7284
259
924
2855
5681
3666
1467
2450
5820
2547
3730
78
5806
4526
6126
1186
338
3010
4257
625
6152
6057
3294
2817
2182
1469
692
1332
5035
1500
6786
4651
1766
6748
4598
759
334
5039
6551
1174
5172
879
2455
1080
6264
4827
3429
4341
2063
2709
2508
943
6058
4523
3427
904
6331
3790
648
1661
2380
5775
2686
1497
73
5045
3948
2566
4684
1429
4935
5129
7405
3687
5465
6570
4107
3495
286
6734
3051
331
1533
1710
1353
7320
166
3166
7215
6908
3646
1792
2131
219
6701
4130
6944
5617
7656
5999
6722
6890
4775
1653
4874
1816
387
4080
1829
4485
2625
2101
1941
5477
1750
1047
2439
6992
5053
3894
1240
3017
109
1810
5415
5410
1349
395
3630
2110
6893
2668
1527
3043
927
5491
3804
6825
3422
6805
7436
4422
7377
1921
55
3795
4611
7484
7435
3657
3650
155
2684
4410
4207
4513
7458
2519
6631
2582
4397
2417
7028
840
6300
2104
1587
6914
6511
3756
1772
1842
6023
4064
4702
1156
3881
1938
1602
7206
3910
1402
541
3822
6723
4163
1000
3449
38
2653
1183
3664
5485
5357
7303
5695
3121
4464
6000
2275
4364
5645
2828
4182
293
3224
5320
7340
7427
3398
6255
510
3396
3465
1773
2558
2398
7321
740
319
1954
2554
4295
3327
733
4637
5693
185
6446
3390
2593
5828
2401
5189
4732
5814
6433
3496
951
1463
5258
6196
3418
1647
7609
4172
1144
3025
7702
7319
649
