7248
5220
8457
7772
148
10272
3694
3578
7274
9050
8402
6316
981
9153
9259
8964
3262
349
2153
929
1966
6451
4437
2267
1158
1868
1448
7237
9210
5076
5238
3558
2426
3396
7558
8361
1401
7308
8718
786
4978
5208
8089
1464
7394
4911
10410
8621
7946
6442
8818
2041
1199
7833
2191
3906
10223
9238
9675
9745
5375
260
4038
5353
8791
8864
7694
5079
8647
8219
6712
9611
4120
9411
8286
8777
9340
8278
8214
430
5668
8776
10183
6740
2672
9401
4149
5134
2592
2781
1573
7693
8229
5745
8336
9372
10313
9107
4575
2796
2972
7812
8156
1266
10002
3828
3866
1519
7859
2480
7354
1020
6541
145
4514
1315
4328
3369
4407
9728
4494
4013
7009
772
7758
7050
8914
989
7615
8199
8547
3514
5266
997
822
2353
10288
7209
8833
5798
2172
4091
8557
8346
2177
4014
5518
8329
2778
7945
6262
9278
4444
3723
2060
3474
10239
10300
1671
9748
3048
9230
7831
4871
638
5009
4522
9467
3368
9724
7104
3593
1683
9716
6390
3871
2076
4358
6987
5251
5069
3896
77
3434
3963
2032
10347
6878
8574
7175
1281
2369
5679
439
9399
9526
10289
8555
6654
5236
3386
3070
4766
3795
4564
9436
7582
5196
6089
7975
9832
375
8045
9620
2482
8688
4247
2069
7936
5059
1937
2783
2790
8737
7716
5122
3725
1999
1463
5551
2676
7037
2190
6815
2942
9721
9169
2621
5742
3425
8404
2269
3914
4567
3034
8762
5723
7091
3499
5075
6743
4533
9779
4003
9090
4237
7648
806
10360
4024
6692
6322
4637
889
10398
9460
9189
4773
6364
3235
8860
4936
172
570
1699
6298
941
3441
86
6087
9491
8415
8330
3354
4928
10065
2388
3756
1146
1684
9501
4178
908
1257
9306
4686
7178
2492
3511
3839
8681
6465
6548
5643
9394
3364
49
10088
1541
6773
4826
1023
4408
1304
5892
8551
8975
2587
5646
5175
7486
5020
3862
6837
6473
3577
6719
276
4018
9903
3964
3308
8676
6772
358
1629
8924
8297
8484
9867
5703
479
7112
372
7416
8767
4191
9812
4054
6984
6107
8149
7948
711
1531
6899
10152
8526
1208
4344
6484
9227
3559
6690
7970
6901
9001
250
1924
9031
9806
9934
586
1153
5535
6894
4954
5296
9027
4219
8925
7005
326
9325
4812
7605
4243
8809
5743
2245
4869
544
8359
9926
8766
5975
10273
8569
1643
7735
10206
9719
4926
2724
2777
9865
4372
2293
4007
6824
4540
2775
7941
6263
8537
2434
3613
1588
959
1151
266
34
2126
8535
3038
4785
1550
779
483
2386
2636
1965
8220
2188
7606
4355
9975
3341
2112
3617
7445
1100
3377
6182
1258
9168
1855
100
9953
8589
5401
6927
3226
1378
5651
6714
7176
6649
1822
9307
6631
1552
8720
3290
6173
2365
2824
5385
3989
2969
3430
498
4677
6863
9739
368
64
1149
3490
10222
6757
1164
6578
3585
2437
8418
4963
3538
1969
8901
3387
1764
6822
6828
5729
4636
10103
6736
9951
6183
7187
9684
5351
1870
9796
2428
9179
8559
7229
5188
4455
1198
8353
892
7687
4656
9678
4151
1945
6241
2487
8679
1950
8623
2048
7358
223
182
1772
2416
992
9229
9878
4873
3163
5150
2464
9980
6287
5513
8333
4204
1300
4095
5437
5633
5540
4067
1337
4479
3718
9814
6431
4847
1285
3727
6238
2908
1751
199
4104
3984
5412
4941
6088
7007
9458
9416
3190
4216
1123
5894
9224
7479
5619
4612
2631
2897
5780
10442
4447
10020
8920
4426
6932
7204
2061
2339
84
863
1215
4008
6015
9944
712
3912
3647
2785
2011
3130
4108
8798
2525
10161
2468
2541
1901
3187
4802
10334
278
3635
9778
309
7533
7911
7784
841
4595
8983
7525
8010
6844
7086
1962
1557
8215
3239
2393
9922
7810
9463
2338
6388
5834
4171
4647
6307
4391
8996
7266
4698
8249
346
5206
10245
679
5573
8534
6212
4400
6042
6722
10133
5419
8314
1306
5871
1472
8389
5348
504
8998
2741
8201
6413
9797
2246
7197
4534
951
8130
10350
5874
818
3547
10256
354
3108
8739
5671
9733
3832
7825
9762
4377
4840
2794
178
3254
7398
4880
939
10292
8106
4541
6474
3259
7318
426
6148
6293
7373
7877
1866
1187
343
1691
7469
9815
4272
3237
6859
8055
10418
5657
8746
8571
7390
1424
5373
1204
2960
6852
8865
2630
3022
1738
1103
1269
3738
6909
6988
7405
9289
6501
10282
5143
9597
3324
7599
9898
3139
2798
8825
5281
7923
2620
5598
6374
7353
2271
2740
10205
6361
8099
1857
7301
1593
9829
8615
8706
4949
8815
7191
1887
805
2522
3155
4601
2993
8345
8972
487
523
2284
5430
3683
4888
456
6831
10148
2249
1927
7724
3122
4551
642
7475
4337
29
7569
510
6568
287
1193
7322
816
8498
6675
8771
3959
3652
6811
964
5828
4044
5876
1087
8448
2692
4854
5959
6447
6198
8189
9963
6396
924
4972
7024
2987
8247
1294
4628
3726
6032
4083
1475
7964
3678
572
1252
6014
5167
1183
7824
5952
7663
3470
5528
6565
1133
159
2167
4613
6134
3931
3333
9598
3881
9221
2759
10130
7592
4187
4460
165
9382
3670
1212
371
3268
6872
2994
4384
7285
3253
6392
10349
6907
8564
5361
6759
7436
3039
3724
230
2808
1611
5622
9071
543
4769
665
7607
8513
5410
4607
3545
8396
7123
1233
4929
6355
3061
10104
8556
4532
1710
7637
2671
2414
2494
8479
2826
9702
4221
5979
8261
2517
1275
4944
1876
9595
8939
6314
4512
2477
7324
1236
6520
8645
9080
4052
6253
6422
6347
4697
6046
3917
4246
4718
3901
1068
1529
133
8381
9825
9383
8452
3810
4745
7571
5895
7552
9931
2588
305
9605
4776
669
3922
1829
3843
8432
1203
694
9047
1217
963
7185
9573
4591
1395
9197
656
5912
2071
2769
8274
7315
1459
4696
5632
5572
6944
6496
7728
6164
2551
5583
5701
10127
6306
1406
1669
1719
10242
2929
8533
9282
8991
2642
6640
5268
9613
3640
4673
9770
1942
9144
2200
5858
9342
348
7303
8728
6704
1836
5280
4793
6391
9629
7752
7230
8050
6169
9188
4352
3097
8323
2555
409
7528
1250
1396
7574
5724
10238
1580
5227
3058
8081
8380
6841
5074
8682
8112
10051
7450
1935
3343
2786
5065
899
1039
4258
9971
2944
10279
4349
3049
654
10108
4951
4300
5425
1789
4983
5878
3246
567
6790
51
10388
975
2274
5911
4800
5926
7116
3941
664
1917
6072
5957
2085
146
4467
6780
1291
5468
9437
1884
7924
8168
3932
5287
5733
1009
5123
6925
137
4980
9461
5612
2986
9830
783
6384
923
4688
10351
6825
8532
4975
7221
9800
8424
670
2891
10365
10216
8575
1676
5147
6050
3276
9465
5376
948
4382
83
9474
9608
9321
2800
6099
1129
6656
4762
9884
8905
9088
891
4042
7380
3157
3993
1121
5072
7058
1051
6816
1221
9554
765
1604
3404
7075
6774
4084
7707
499
10170
2334
2529
4291
4448
5867
3868
2573
7983
10128
2948
7575
2655
6765
1919
3942
6043
6703
1155
7681
8605
10384
7956
28
10428
6338
7424
4931
4459
658
9271
6468
3003
4536
3317
2447
5456
6318
9068
7059
6452
2445
2940
4831
9950
4616
509
5949
6101
9468
8108
1055
4909
2834
9866
304
8196
5840
1490
7830
6509
7179
9831
4733
8727
5604
350
381
7225
6165
4350
7190
4654
3517
7966
2925
705
7056
4267
8550
9619
5393
10082
2170
7378
635
872
7361
6383
6476
1290
4292
4850
335
7660
6116
7526
4559
8191
4789
4464
1545
6363
3207
3362
9033
6612
7901
3653
3565
9451
1569
90
3603
2311
10285
6602
5277
1760
1678
2471
9668
817
7332
2877
5569
8951
1742
8637
10157
206
10399
8949
5965
2237
5297
7630
4261
5022
9489
3428
8845
3551
1263
8693
5094
2187
10209
9444
4645
4298
5577
6085
1530
957
4708
3492
7690
10124
6019
402
7853
2677
729
5539
4490
6974
6511
4574
4760
4244
2220
7497
8238
1036
10047
9301
6478
3405
568
8302
7959
9223
4775
2539
5231
9422
2561
9154
1859
2550
4868
6637
1041
2415
6216
600
7813
550
3397
8440
3496
9536
7616
10327
7713
8002
7432
3036
8896
9773
3298
4026
831
6646
7036
3615
6176
6416
7331
4666
4410
187
9041
10073
3051
6069
4960
7744
6052
9583
9244
6443
3245
7495
940
6499
6789
7783
3232
5955
7977
415
9163
512
6528
3717
8038
6785
5340
4450
6550
4895
8803
3554
3962
6018
6854
9868
8019
4586
3006
4212
6199
3882
8863
5794
5934
861
3040
2119
5013
2395
1568
5024
7646
3128
3476
3224
4373
10447
5001
1867
9191
9252
9626
10087
4866
7556
7624
1767
5924
1511
1670
3258
1792
3356
3713
6689
1622
10299
5864
6091
1105
5995
5264
8318
6261
1053
1478
1877
4079
2213
10160
3992
1889
9304
6026
8686
9276
2093
2279
9717
2761
386
10177
7138
9484
792
3600
10075
9672
6172
488
4942
10305
7935
7750
7306
3106
7180
4078
8031
1768
9700
322
6876
4134
1331
4539
5163
2020
10338
10449
3999
10194
469
8946
8456
1526
2534
1097
7692
6108
1601
9395
5097
8103
931
10231
2997
4241
3691
6488
1668
5575
9772
338
6943
1219
4684
9260
7939
9258
4779
9789
7673
1528
1289
2575
1591
2599
8540
10309
1661
2837
7496
4635
9862
4366
9732
2301
3772
441
189
2574
5302
7429
3946
9998
5053
2453
3304
798
5228
10044
1440
10409
8829
3933
4484
3680
10021
2917
6660
8211
2490
6536
235
5218
7205
9731
4770
1939
6076
3178
6424
5033
1744
2161
9374
6981
6154
1054
1136
8900
3637
1515
5548
5084
10413
8921
8950
5397
713
6492
8005
3069
2632
10011
5240
5241
8076
6203
2880
7704
2644
4910
7099
7642
8751
5145
330
3651
7662
2628
8391
6343
245
135
1995
1582
4359
8043
1714
9246
3789
1038
4156
3331
697
866
7551
7381
7011
8494
8063
10456
10122
9005
5914
6734
7350
6669
2646
7114
7700
2051
2446
6795
1483
9548
4646
9085
8929
392
9527
3086
1367
1898
9935
9591
5584
1778
6244
7064
956
2204
5422
8203
5126
2660
2979
9942
5482
1561
9249
307
4602
4717
3601
6161
2017
2601
3423
251
5754
7344
730
1757
5682
4142
2658
5640
1415
1882
6021
3247
1227
3420
10137
10310
2173
1277
2195
3062
10054
440
8253
255
6002
1941
6702
8636
2530
2882
4642
1638
112
8931
4573
6401
6120
3168
7627
1333
1108
5800
6178
2288
1636
3770
10096
108
6038
4030
2718
6054
3642
833
808
2502
2235
6661
8536
2855
2354
3616
3132
5362
7619
4922
5620
6315
4077
1423
9662
222
7330
39
2484
5508
7339
66
715
7938
3925
9427
5787
2507
758
592
6171
4225
9377
1758
3634
3658
2606
1447
5591
764
5660
6713
6800
7467
4028
7809
2129
9891
1323
8298
8999
3859
874
7929
3760
1556
10147
522
1433
2903
2366
2312
3452
1535
1707
5101
4105
2605
9640
2989
424
10056
10265
1008
3472
10367
32
10431
3823
8941
7202
6239
7875
1267
7537
4294
9334
5230
1819
2225
9805
2751
4100
6453
9245
5899
7674
3985
3335
5454
5108
6295
7698
1084
9908
5847
2870
1716
3579
2466
8459
2662
8563
6650
5944
6853
1293
7081
9570
5321
3214
2836
10201
3543
7033
7665
4159
3093
5080
7844
3433
5790
5131
6934
1373
5853
1351
3191
4093
9353
785
2505
8450
3228
9771
4319
6166
3087
8785
7371
9523
644
7636
4131
8363
5370
3778
9400
1173
3056
4728
9203
3293
10027
3791
6783
7583
5481
2440
3793
4680
4182
281
2208
9434
2047
5502
1523
4884
10340
6370
974
3140
8601
7821
5689
2559
6402
184
419
2419
8102
5368
8357
3561
1160
2139
6246
7856
4277
6056
10287
5948
9141
50
5755
8178
23
6406
7774
9292
5748
4761
7128
6430
4096
8770
4572
10144
7165
10457
3043
10322
6668
6549
1932
262
2348
1225
2329
2779
4495
7284
4726
4041
5136
4740
8887
6323
980
7925
7111
3544
3478
3241
5744
3383
9423
5408
422
7340
3109
7828
5969
8731
1647
4900
7745
9409
5178
8961
2965
4111
3090
8695
3202
5516
2867
9054
6399
9546
8233
8408
5119
7232
2698
2309
6407
7553
6053
4206
5856
906
672
4089
1891
6358
3464
3891
9547
6350
4863
4242
8816
5859
4201
7021
1597
1469
9593
2228
4381
5223
5626
1156
8499
5233
9522
6580
1525
239
5258
5681
4580
1537
2756
221
4165
955
8648
331
10030
2563
2763
5305
5185
7940
5030
8268
7026
6680
884
1050
4550
8145
10448
5372
868
131
5378
678
10255
2211
9529
747
399
4958
8894
699
1007
5458
4781
761
5331
1355
2159
1361
8265
1461
3255
1990
5042
6376
8977
1265
8136
4933
1052
6470
4489
10268
8442
3009
8395
8787
5781
7600
4897
7822
6327
9285
6953
19
1711
1958
8277
2251
7986
3924
6833
3988
3300
9079
6344
7776
9845
9823
301
938
4137
6025
9995
10376
8932
6535
629
6629
532
4569
8478
7141
7265
1712
2604
9479
5295
7797
10408
4990
7051
3885
1330
937
5730
3192
466
1374
3735
5961
4969
7483
5711
1026
9808
9681
6724
9615
7906
3844
4249
3753
6440
2381
702
10226
9958
3215
3656
9272
3162
5177
6017
8288
9219
3320
129
1245
4744
2845
9749
7423
7520
8373
447
5977
7115
788
2990
9072
8385
5550
7732
893
7518
4342
1753
7067
1989
7103
5186
119
7913
8902
10134
10120
4401
9387
7516
3281
9921
7993
4422
587
2710
7974
541
9106
6985
3515
2143
849
7060
5416
8662
5021
3529
3136
9159
5933
8121
4520
4497
3966
6709
4877
11
7151
1101
3684
6489
1392
8453
9768
2802
6217
2307
283
3659
4005
2294
8049
7587
180
2154
799
10168
7044
596
518
5325
219
7907
4817
8817
5785
2469
3312
1268
7532
7930
9398
8280
9761
2379
1703
674
5907
9428
1166
9557
8029
7474
1806
1996
5093
6433
800
6910
2810
9569
3373
5994
3487
2392
7008
5538
1702
5511
7311
7947
8062
8006
5338
2263
7771
8554
1096
1107
6919
1003
6559
8960
4655
5846
1343
8264
5588
3536
3619
403
5114
8036
6758
4653
4528
789
9948
901
4993
252
4239
5816
5224
2066
4012
4587
3553
9360
7953
2611
2367
7403
2086
1652
4856
6131
3411
8056
2176
8305
7228
2576
4631
1549
3216
9835
10379
4879
6075
1621
3688
5534
5562
9287
432
8593
1260
7755
7763
2467
2717
291
3463
2528
1929
8519
10005
5825
4436
9663
384
6348
4063
9138
6378
5928
3475
7580
2726
3978
7751
5298
6551
8989
3078
9476
7544
8284
10135
6073
10281
7298
8703
7392
4255
7293
4094
9623
688
6648
7494
7345
2253
7342
7372
2325
1666
9886
6776
4903
7509
9016
10084
3675
4482
952
9094
7254
8024
6092
2852
8477
4425
2278
2075
5951
10236
10277
7256
8254
8952
1018
5987
7609
6204
7666
4907
6417
2298
2404
9218
2486
128
9715
5039
1172
2452
2694
85
5171
7848
10243
5885
9199
9542
4667
7038
6302
8543
5618
4815
3970
7680
2345
3734
8753
2510
9981
3915
1600
5940
9275
4199
7485
4266
666
10357
10191
1658
2645
8841
7671
8837
6642
1943
1623
5578
5822
802
4088
6539
4872
4842
4828
2746
2155
6371
9535
6914
848
9438
6628
8730
9112
8263
4162
6128
578
4397
2422
4685
6090
3785
513
3453
3802
8702
7000
5193
7720
7749
10382
803
9151
3693
82
2579
6067
1489
4333
3787
1687
8599
8640
2016
10354
10304
9247
279
2830
3309
8053
2892
353
8928
7519
8348
9441
1425
5486
9196
5157
1377
4472
4307
7216
489
156
4629
7113
756
1056
5138
10059
448
6706
5068
3902
6537
7272
4759
9410
4130
8624
3445
10158
2935
2622
3345
1218
3185
3154
8606
8454
196
1659
3323
6438
1249
3768
4662
5170
8752
6427
4072
3005
25
4644
4387
9978
2164
3318
4787
6921
5900
1672
3068
7402
2123
524
778
9841
5360
2957
933
7001
8077
1858
8790
9859
4893
5201
7057
4774
4665
2684
7039
813
3252
2459
3676
9820
9296
56
116
6269
5731
337
3060
3861
401
451
1957
3015
5192
1400
7781
9348
7933
6140
3998
1595
9358
2065
6639
2205
659
5460
3806
8638
7508
2013
4398
175
5896
9150
1176
8021
9661
506
6707
7288
6228
120
4202
5672
3012
4481
967
2132
5063
5473
877
4234
4721
1229
2038
1794
2193
57
9787
5749
1850
2706
3073
1928
847
8430
8007
4217
4889
5645
947
5706
9602
9827
1673
2865
3173
1827
1869
8742
6812
414
6039
7242
9610
1002
5164
10111
7004
2964
769
8058
2185
8245
7500
4977
4146
8604
6007
6627
9009
4478
2821
4238
3
6310
6959
2650
3631
5035
534
4025
2823
3117
10085
10419
4200
9113
5478
2059
6937
6061
1076
4439
1883
5817
7921
6879
5083
4098
277
282
5547
6071
3082
1553
5649
174
4542
7375
1414
9665
4851
8657
10262
7017
558
8120
5634
1379
6836
240
10061
7411
3722
2092
3714
5374
8008
10042
8167
5333
8194
7463
3027
2475
2600
163
7881
8969
7536
6579
4463
7313
10153
976
218
2410
3035
9945
6883
9537
1605
3813
2258
3313
5972
3774
7769
8399
6633
3592
3965
8747
5990
2902
7927
8653
6292
9756
7146
7703
9026
4173
4414
1567
623
8260
516
3757
9954
6754
1327
637
3440
724
2224
261
2780
2609
1775
5663
9038
8714
9357
8259
10142
9165
7444
154
9429
8090
3188
9552
2825
1154
743
5741
5617
8405
3209
4862
5963
1450
458
7586
4256
3295
7614
1603
7368
4132
1393
6022
6543
6403
5086
4682
6710
486
5686
10373
125
9585
3997
6210
4311
7336
585
9087
8629
8326
9171
5377
8709
6569
5698
9513
9464
8812
5522
745
9420
6832
10190
1633
3750
927
4161
6847
9330
1665
2001
7851
8644
7588
2627
2581
5819
1382
8590
4920
6676
400
2701
5271
1814
2844
4985
3184
4169
7287
6208
5883
4468
3703
7628
5257
6158
536
2399
8772
1061
4152
2992
1812
5653
525
9824
10114
2318
4713
8493
9481
2374
70
7245
2295
9316
6732
4950
2373
2015
8392
4968
3240
4345
5259
1578
4273
9459
10401
4702
8183
10224
1660
3872
4405
3469
4824
7455
5616
6122
10403
738
8834
9601
10015
8874
5746
9157
9300
3673
2248
8091
815
7446
4915
5843
978
9380
2078
683
9969
4693
1737
1949
9968
8147
4679
1338
2841
344
1617
1797
6693
2843
610
4641
3169
9887
3110
8132
10319
6490
900
3104
2863
1860
10146
1045
3755
3442
2305
5738
7136
7705
7203
3794
138
3065
7348
5607
122
7276
7428
3446
3019
8993
1144
3604
4865
8738
9240
9669
8315
3628
5919
2899
3429
5159
8959
3223
5942
4483
10017
910
9450
7062
2570
5998
73
289
8508
4138
2853
4746
2025
7491
9133
9084
9521
3195
542
3376
5910
7430
79
5210
9415
1872
6615
1040
1313
2504
854
6605
10444
2743
8618
1612
7079
71
771
8067
6029
3283
9070
2265
3205
9059
1135
9455
8963
6084
5356
2509
8685
599
5784
6034
9579
9955
5392
4102
5279
708
106
10067
7595
179
6118
5537
6155
9514
4683
2304
2194
3299
8886
7841
7502
6270
3981
7223
1825
6619
7379
7603
4341
9446
8217
7573
4887
7979
1077
6048
7188
8923
7581
10055
4723
89
3982
8658
1042
3958
10181
8073
8042
3050
3010
3572
8595
310
9596
1690
5509
5857
298
7746
5000
2719
8796
8879
2350
6994
520
9924
4902
4074
2792
8552
7140
9894
4070
2080
7892
1115
2474
10189
443
3498
7928
1196
5476
3143
10091
480
2197
2795
2256
2327
5336
435
3546
6400
9576
2647
5722
8133
10228
8889
5015
2967
2730
4504
7679
5007
6930
9351
5606
4548
5285
9178
9763
7601
3113
9564
8937
4363
6913
2222
9708
6670
1818
8591
3042
5234
9129
653
9764
5158
267
7989
6533
2210
2128
6875
571
2407
6308
7888
4764
4704
1813
9799
8013
2039
10411
4275
1223
9006
3111
8334
8501
7729
4274
3353
5945
10220
5521
1774
5199
10368
4208
3152
9614
2958
213
4080
6273
398
8745
8940
5274
8003
7719
7635
2714
776
8936
5636
8295
9067
5480
1188
2186
968
9906
3264
4614
8114
10053
626
1632
3877
6206
4192
7896
8378
4833
4263
9367
4129
139
7420
3704
9093
8843
5398
5455
1419
791
7982
9964
3172
4544
6856
9842
5403
6382
2289
1972
1317
5399
238
4209
2062
9856
3972
4015
6136
7967
4043
1468
8677
6491
10339
2321
10035
9915
5453
2736
490
2976
4257
6035
8231
6593
9582
3129
8927
10215
8119
3486
1839
2276
9281
4473
9671
6186
1974
7273
1649
3968
9003
18
5771
1177
9237
9986
10045
6387
5659
593
3229
3897
5491
4236
4322
5774
5590
6051
6896
1562
5332
5187
9534
5450
855
7806
7531
1635
6923
9707
5225
4172
6738
9499
3198
4136
4790
3186
8670
8807
6683
2043
4442
5967
3054
1881
3690
9673
2803
5586
65
2485
6623
464
9490
9378
4864
837
650
5418
4431
9384
8054
4115
6375
8285
3243
5555
8675
36
9751
7487
9633
559
6381
10318
10270
1385
3459
474
6272
517
9918
1326
6531
728
2754
10341
1180
1418
9044
6505
9888
8585
8908
8891
5496
454
5694
5807
7811
2835
5587
5383
4694
4220
1897
1627
2057
475
5768
10003
2663
5893
140
7817
1059
8221
4562
10429
1625
3701
8965
10438
1089
7832
4338
8342
388
5792
5527
5956
4289
2961
9388
7271
8481
7438
6572
5877
9205
9097
10173
10036
7770
1408
641
2807
7291
762
6970
9274
2351
3269
6961
9846
8619
8754
7468
2962
97
4885
1539
3721
2705
2430
5070
3314
633
9092
8157
3695
5935
4987
9875
9781
7377
935
3366
6727
9242
1006
10043
3711
8079
7534
3648
5916
3419
6475
8774
3799
7554
9777
7541
6132
3099
5018
5323
472
9350
5417
9900
5128
7963
6483
9488
8505
8224
8810
6394
7903
1088
9284
3350
6330
256
249
9228
9696
9870
3092
573
7870
10098
10123
3146
1596
621
9115
4571
1255
1270
5189
9492
9941
6174
6613
8243
5190
8570
1496
5026
3176
8150
216
5499
4803
5507
1572
6986
6588
4085
290
5799
9801
8603
6733
2603
9677
2664
7621
8592
8962
4036
5100
7132
7451
9456
5674
8242
7292
26
2590
3194
8542
9286
286
9473
10453
4585
4317
6721
3666
7765
9045
3285
7003
9566
5309
7267
434
8755
3328
7978
6247
9121
1641
3938
7297
7802
4881
5055
4126
136
5111
2158
3936
10314
2250
8683
8980
2858
4621
105
4198
4493
2384
1397
9283
890
2548
9385
8410
10179
1585
53
4620
8287
1808
6762
7255
8907
4033
2851
7441
781
5483
8125
9639
5288
7305
336
8337
3510
9222
4566
726
10361
2527
8719
904
9793
7904
362
8982
340
161
9649
1132
8134
6467
1833
5085
1968
6851
4445
3501
8616
4538
8352
4133
5304
9013
1510
4640
1462
10196
9879
8020
1010
4590
9339
4964
7080
7388
1514
7264
3796
2216
5747
5427
9073
4611
9718
68
8080
7414
2612
3950
5664
2610
6672
8188
5191
3305
8872
5207
3403
9775
5758
4543
8783
8602
843
4720
7891
2596
5487
2707
1896
1416
6516
2179
5804
6059
9470
8735
3574
3987
9735
3541
1779
6942
888
8655
10167
5133
10424
10080
9991
8663
1426
7944
3394
5054
6192
8237
8386
7321
5435
5947
7283
2771
4623
5515
5352
2496
395
9323
7649
5135
4268
1512
6299
4513
8801
92
2953
821
9882
4753
5090
10301
3657
7156
7722
3563
2238
6143
6291
6152
9184
1790
10352
4226
4945
8588
3385
1971
4362
4598
4748
639
8507
8047
10395
1752
8140
2889
7730
5457
3807
1685
6411
4262
10095
5683
8631
1297
5358
755
10210
7421
6553
10014
5692
4265
6524
2150
2131
4801
4019
8376
10363
1486
6432
3024
1631
4368
1033
7766
1113
2356
1476
8529
1780
4848
5438
2027
9266
264
3142
9709
5813
9556
356
4582
5113
7461
5533
987
6332
8193
839
1873
902
10324
7360
5118
2831
3512
3274
6900
9666
1436
2266
9803
2299
391
10199
10069
9337
9322
2341
1717
6935
3257
1487
9299
2264
7826
8492
9736
2571
2458
507
9654
10257
8717
1126
3325
1615
6008
7578
3594
8465
5345
5027
470
10369
8699
8186
1577
5658
1034
1004
5812
416
9193
4619
7684
5519
3513
4524
2408
9946
9828
9679
1094
428
95
9214
1247
7182
3332
3217
4389
7317
5407
2343
4509
8209
6349
4989
1940
2906
7106
5697
2058
2776
2064
134
7955
6189
7419
5044
2431
2050
9578
2331
6556
4923
2036
5506
1543
6115
8984
7443
10312
6150
7397
8341
5380
10145
5915
4736
3334
5600
117
9676
6162
6525
8205
2094
977
7195
5757
9738
5073
8449
8610
314
6386
3662
3818
1207
10058
6739
8368
7425
3790
1092
2473
242
204
1913
302
7677
10031
8660
6126
5782
2887
10100
9364
3880
3032
9125
8016
6254
3360
8061
1777
3072
6945
7166
7020
5879
3590
9453
153
9890
5841
7367
10348
1845
4906
360
5563
7697
6456
3170
2287
880
10274
5089
9062
6632
4508
7789
7914
9699
272
2489
7872
8775
8489
8708
7734
9947
2451
9727
1420
1210
4657
1956
7251
7962
3669
3218
3689
1099
7484
2881
6515
528
6276
8669
7412
835
6377
6521
757
3783
5267
5003
7227
5151
1246
1485
829
10258
1213
4335
3698
4553
1930
1947
5096
8365
3159
4443
2364
6694
7864
10380
5891
10131
552
8786
700
9109
7098
2838
9442
147
9562
3008
7089
8853
661
2174
3327
4768
5347
363
6184
8258
6060
9520
1124
446
7126
10057
3389
7482
6604
7664
9785
6486
1109
9134
4546
6967
640
8420
2667
258
2134
4778
5585
10175
339
10374
4210
1282
2675
8374
6205
5010
8267
2649
6839
8041
6232
5739
2055
9655
1251
1116
3550
78
5996
3899
7042
4874
1787
6064
9617
1948
3338
8922
1619
4264
8464
1765
1200
8672
7135
5244
6193
1657
1823
10062
8172
864
9232
5596
5766
5937
4948
88
6594
6445
9524
7980
6112
7865
10407
243
7710
6341
6895
2728
4867
5720
10076
6139
412
698
7775
5424
2991
3854
9960
194
1444
2626
8471
6215
8713
10452
4729
4757
7422
7971
6686
9486
7998
9929
8153
6532
2594
4306
5568
1194
4179
3969
3767
4051
9682
98
1559
7691
7890
7233
5307
2918
2372
7052
4676
284
865
7257
1946
1640
10125
6213
8072
1504
1206
8356
9407
7173
6423
4418
4231
4351
3165
7210
10371
10112
8792
132
983
7762
9840
1745
3011
1106
9836
5705
7815
5120
657
1524
1070
8502
5648
7194
4160
8387
10006
6513
9403
164
7289
1405
2444
1590
1303
4394
6233
1724
1035
1842
9625
1502
8947
5484
6404
7269
1954
4433
4913
3685
5760
4986
6817
4045
4065
4378
9604
1729
7065
3894
1216
9558
6842
2547
9354
7431
2846
3706
7401
1811
8880
8213
5505
359
5194
8997
1849
328
9158
7857
6920
9560
341
3773
4334
3398
911
4365
4330
7610
46
2856
2115
3930
3519
1803
8437
4097
6027
4795
9848
2035
8051
9291
2595
1276
7334
8069
2898
3599
9172
6791
7181
8131
6926
3242
5908
3955
9904
4009
7250
3326
1335
5025
3926
4681
2067
9253
8822
5929
10068
1329
4822
3736
99
7816
3267
3782
1302
5492
8521
3748
6671
5334
4297
2971
5751
2883
4029
2624
9769
6966
44
9940
10317
5717
10414
3292
1853
9687
1741
7351
1421
2523
7804
8979
1479
10406
380
801
6426
72
8673
7759
4599
809
9912
6652
3837
8578
3456
6420
740
10336
3141
3273
7701
793
2142
3359
4106
9609
508
3212
8225
2040
5826
3052
9711
3947
2828
8704
1467
8838
9861
8226
42
9817
8805
3057
9753
4090
5006
5092
8549
7655
4563
5002
9959
1422
5721
347
7638
6080
8198
4691
6103
2952
1492
7066
7887
8476
8347
4610
10182
4588
150
473
6980
5098
10001
5369
2242
7310
9262
8846
6998
3639
2226
200
7459
8814
7207
5710
8083
2118
7958
985
1017
5862
1220
8867
7404
1807
118
2713
3329
7074
186
6835
4894
5556
6752
1674
7596
10126
7885
10141
1214
2465
8573
7263
3532
1226
3649
6138
4727
7041
6252
4660
7148
1058
2101
6867
1376
8111
1167
8135
6696
4295
1390
5923
4332
703
21
7281
4103
8553
5497
5543
4501
2273
9664
7899
81
6334
4689
4861
5982
5299
9504
2732
6938
7942
5311
8139
7796
6362
2947
111
9497
6428
918
2974
8849
1731
2690
9457
942
323
5831
3826
4624
5471
2806
6389
8154
300
2749
275
1655
9790
8162
1686
374
2885
3208
7523
8794
9326
2859
7085
9643
27
3028
8948
9008
4714
2127
6380
4651
7850
4996
4305
4991
1256
4296
4485
1682
4561
5341
2203
709
7902
5824
9622
8017
3147
2850
5329
1179
6286
846
4669
5
502
8750
1112
3013
4650
6190
7355
4659
5869
9606
215
1358
1871
7226
1028
1368
9124
6674
1726
2818
7049
8856
9347
2809
3171
4521
5526
2720
1048
9864
10041
5865
8324
220
1888
3728
7032
4280
8530
8877
5855
7845
9873
2385
3182
5195
9938
4420
1902
1770
1795
5541
1432
10434
2045
6333
1320
7858
1564
540
5056
5209
2429
9979
7164
2436
4820
9198
6340
10139
4180
3743
202
4937
334
7785
3746
5610
7200
3221
6114
7222
10234
8506
8127
8317
4424
6259
6329
4603
6086
9818
69
4750
3306
1885
3846
4810
5802
7860
6583
8518
3700
753
2368
8244
8403
2281
3660
2141
9670
8030
2857
4511
1986
4829
7503
7171
9186
8176
3495
9037
4
7641
819
7199
9117
5850
8701
2922
2152
5229
9650
9855
2199
10252
8509
3951
6105
6965
2562
7960
7214
4947
4323
3023
6460
4081
5936
1602
6117
9933
10034
7852
8400
3840
9987
10109
8014
3016
10202
7876
1906
1309
6928
9782
1328
1566
3256
1308
7452
5964
1016
9902
6658
2586
62
10330
10174
6471
5116
9081
4357
7866
551
5887
5057
6787
2583
4419
6345
5498
7961
7158
814
993
8916
2757
6342
9472
9656
6688
6563
8082
9057
2110
35
3622
3764
8622
5239
1272
1357
584
3919
1131
6157
2709
7489
2767
6950
3587
4189
7999
1802
9201
10193
1653
7846
9635
8092
9015
8698
7002
2192
8883
1574
8527
8935
9366
1369
5249
10443
6242
9977
6365
5156
2708
10359
6036
3481
9559
2232
4496
5806
5614
8271
7656
420
4388
612
1926
6466
393
4953
1895
6544
7309
7869
4325
3014
574
9430
10366
6264
6849
602
3869
3737
2629
4834
4124
8321
2147
2791
1174
3421
4462
10197
9657
4321
7457
3719
3855
3935
3279
4529
4594
1677
8322
8689
9392
4116
10455
5318
7016
6097
9507
10164
973
6850
5441
6922
9880
6498
8517
10435
869
3852
3708
5783
7634
9973
4711
6121
1592
895
3125
9826
373
8429
8649
8994
6514
8046
2773
7849
4213
6379
4278
687
6819
4188
5752
9202
7249
9519
13
5179
7540
8475
10086
7782
5388
3937
5270
3920
7973
6211
3382
7087
3710
1551
1083
8165
6641
3886
6418
2068
484
1630
8463
6834
5861
5756
1441
9631
741
2383
690
8696
2580
1576
6507
3179
3286
5624
3413
2968
9565
9549
1534
701
6750
2387
176
2764
1982
5162
6663
2793
990
1140
6494
9653
10232
4232
3233
5216
5814
710
3638
7034
317
1862
3589
9621
8740
312
6903
3455
2598
8040
7994
4150
8462
867
647
6802
3506
8538
418
7669
3741
4205
8388
4804
7808
5589
4039
840
8756
7708
768
4570
10259
615
8781
6983
2868
7521
6437
107
2782
8446
2982
1348
4855
7894
7186
3119
1798
162
7234
2919
2219
6495
8228
9966
4632
1560
4807
5913
8584
8576
3084
8565
2322
5395
8033
5248
7835
2553
2840
6574
280
7247
3569
7160
231
5823
3103
660
1399
115
6083
4421
8071
3480
7282
1628
9136
6234
7157
9443
1081
777
361
1900
2614
6673
7949
7134
7873
2362
9243
1049
8912
2297
4994
5256
3763
9352
7709
7756
370
7678
9697
8137
5647
5112
2933
5469
10029
3248
545
5693
8197
4849
5115
3739
2829
2233
5132
2750
4899
7304
9839
3392
5386
2370
6393
4661
5451
5837
2871
8349
6862
4695
5382
2479
1283
7819
6301
871
3367
3571
3636
7162
5137
8279
1793
6846
8870
5675
10050
3196
5868
3288
8613
6449
4336
4155
10074
496
4449
3007
4269
6325
8129
5415
1743
2375
2951
2316
5902
5443
1128
2651
2137
7889
7696
3462
2524
5989
9332
478
2171
1211
10012
4470
1491
9658
7217
8369
2063
7206
6248
1704
3466
9055
9804
1516
4859
2753
4466
2801
9685
143
3671
5428
3909
6110
10099
5580
3825
2090
6843
1427
6339
9345
3484
6527
8528
2111
1730
2402
6857
3450
3161
2874
5426
6869
3311
5707
10302
5294
4190
1455
4754
315
203
5464
7611
4276
1692
9445
9765
6634
7981
767
1240
5363
7055
3679
8309
9346
5630
996
10151
4737
8898
736
6716
898
2432
6523
6163
1501
3633
9932
531
7359
10217
15
3075
5215
468
2302
5400
5637
2189
824
9758
9774
2549
4674
10023
101
7211
2999
127
9056
9528
9069
548
7836
6040
2054
3149
4069
3632
9541
9061
609
515
3206
481
4303
4830
6013
3528
4555
1012
7387
7015
5442
3322
3303
4253
6207
3340
8548
7676
9726
8797
10396
3907
6368
3473
6880
1407
7843
10046
9833
4390
1961
1644
5886
7070
8187
3522
4127
6024
1908
9029
7510
5284
3448
4883
6188
9720
5254
4164
9182
5797
8749
3607
9999
9018
1307
6626
7061
5168
5242
4148
5040
9017
969
4995
5173
8434
9462
6077
6645
5051
7602
9034
3337
6504
7236
7617
41
2996
9850
10377
6395
67
7063
5870
8633
1809
6260
2400
1554
4808
5461
7460
7920
4158
6058
733
7733
7090
2495
8789
2247
3183
3064
229
8828
6353
546
9023
6011
1763
4742
2978
5601
994
716
3834
2300
7145
6160
5012
3747
5124
2654
5905
7105
9863
598
7219
2296
6538
3948
6755
9128
7559
6289
10321
4974
2397
6421
9170
8607
2949
6109
10079
1846
6462
5117
2340
2742
2097
2417
9370
6100
5984
9683
856
4725
7721
879
4320
1570
3816
1032
1495
915
9425
8861
622
6929
1762
8169
7092
3505
1832
8301
4346
7407
8000
2872
10143
1411
8987
10412
4692
2572
556
8943
2939
667
5529
2687
1782
1060
8966
10345
6222
1984
4128
830
676
48
3611
6231
7661
8084
5414
9220
9130
3020
10159
433
5462
4107
9811
7757
5282
9710
1614
6405
495
7549
461
3808
5303
10010
2463
4638
3094
7548
8241
6487
3779
9689
3934
5779
7316
8873
8773
93
7659
5440
9433
5960
1918
9362
4451
6969
4432
1698
2180
6230
8164
9984
6667
9712
1163
1776
8300
9192
10293
10427
3797
6274
6711
1147
9816
9883
5379
8890
1429
1360
2377
10439
9667
6890
2503
9
7383
9540
3707
6931
9515
7741
5805
4465
7465
9447
1201
5095
9175
748
7215
2585
4934
5809
6807
5966
8289
6655
4618
2827
9145
4223
8451
1209
3520
2890
7747
1325
3990
1340
2438
8262
9754
7437
10420
2564
1412
5866
9019
4982
1505
7118
6240
10105
2314
1863
2332
988
8086
4195
3089
9397
2531
6638
1973
10092
2026
9216
7760
5524
3800
7868
7522
2916
8328
8903
2122
1761
9355
2398
9020
1662
2602
8722
5875
5615
1435
9659
1205
9053
693
1299
2138
8126
5592
9568
10007
6726
4396
1931
5350
1783
1756
10344
6063
7320
9694
950
320
7985
6415
8820
10186
9333
2904
4560
9235
6717
6587
7386
5324
5306
6041
5103
4498
7539
10101
6147
6070
2923
8840
9137
6599
8171
6309
1700
6357
2198
6020
3201
842
7177
9743
3646
3612
10169
6324
9783
6477
3203
6697
1618
4034
7546
5775
9930
6600
6625
232
9256
80
9704
8240
6749
5716
3079
8115
4891
7006
2678
5472
9176
7807
4415
6687
4756
9487
7917
1586
1607
3903
2532
1381
1679
5999
9213
5477
1375
3976
4547
8472
5082
7803
59
6609
6195
3845
1840
4809
5849
8687
4167
10165
6805
5808
10040
4904
2308
2166
1417
6554
9982
7299
560
6866
1713
3406
3626
8855
8525
2133
6534
3744
6237
6012
5465
10018
5290
2425
8667
4805
3081
6125
6684
9985
538
1243
7738
2689
4423
114
9936
8671
1922
442
8562
6973
429
5788
751
6137
3686
505
4364
8522
6744
8252
6964
4438
7726
1062
675
6771
8511
4290
7645
2462
1150
8831
8431
4596
1371
4471
8725
2688
5925
4487
5665
8594
8871
9432
8729
1169
3682
9257
539
6570
4147
8656
1804
9149
1458
10121
1230
103
5753
5750
1074
3134
7594
1354
4284
2478
3263
4765
1143
7931
3597
8583
3537
8627
535
4056
1651
6181
3573
10163
9250
7406
8101
8496
9577
1759
6201
9647
8473
9909
8200
8572
3030
529
5023
7952
4203
8668
2117
7880
6366
7107
2270
2034
6897
4427
5699
3567
9368
3426
1925
1697
7389
2212
8582
8320
9660
4664
5718
5566
4597
1481
4838
692
1402
4600
9638
1695
9794
9516
4519
6346
1916
916
3277
1914
5503
1709
4293
6956
5172
6425
9036
288
9852
4446
9439
3066
7279
3681
9419
9844
979
731
7072
3251
3363
1190
7466
9309
9550
1460
6741
3115
9320
4999
9896
3888
972
1542
237
1318
5494
7047
3927
896
3663
2765
4392
7524
8460
8497
1696
9052
7996
10008
2915
3822
4670
10033
4071
1708
1800
1979
236
8650
8421
8383
5149
8085
9311
4844
926
6191
5144
9881
3095
4507
826
913
9293
7893
3101
271
3740
7834
4506
9091
10213
421
8654
5848
177
3080
7855
8680
4087
9498
9190
10211
2907
8319
9119
1474
1920
4229
9065
3135
4527
1506
5314
834
7688
1740
462
5384
2848
9674
681
7174
3921
4687
7654
1538
313
7560
9140
6236
8545
4719
1903
9530
2864
9795
198
4523
4605
1095
2665
3435
6590
5046
696
4053
144
1817
7189
7565
2105
770
5062
2946
2217
1069
3668
1985
4500
5778
1994
3776
234
5146
8308
5715
3174
1565
1442
9139
4578
306
2873
7153
2031
3860
7871
5561
6006
2418
7847
3809
8441
6266
5818
2033
1620
10106
4788
4228
3994
2542
4608
408
7653
5532
1715
1499
1465
8250
8819
8881
2924
9644
649
5183
1430
1799
5553
1380
10254
579
8339
8272
1878
1185
8811
2104
7018
417
7814
9905
10192
6485
9553
2456
1970
8544
5433
547
2545
4075
3692
3905
1356
554
4839
6028
2805
3890
7711
614
8953
4315
6796
7376
9268
4299
1137
9082
8192
5404
4046
6858
4617
4627
1675
6225
1500
7031
3067
9077
1648
1181
6960
8641
2394
3870
9937
8784
293
4609
9185
2582
8716
2666
207
10415
1454
10290
6886
2363
8355
8851
1292
8857
4001
10071
6398
9315
3193
369
8180
4404
4557
2405
8504
8208
3418
210
5773
9725
7143
636
9482
1879
9927
3889
1718
3000
2476
961
954
285
4630
6221
5909
905
9341
7159
2727
9917
3977
190
3297
6168
2081
10107
2560
10025
9131
6529
1387
6335
1494
9857
10370
8350
5463
4314
4823
6142
1057
10000
9314
10416
4837
7995
3388
7434
8039
9858
6691
5439
7109
1353
6159
5330
1599
8182
668
7454
5564
2770
3483
2283
2723
5713
3531
5214
6729
9843
9270
7800
4741
999
4353
217
8581
1117
8839
9335
7096
820
74
3131
1637
3026
6001
591
2124
7623
4853
10375
577
1114
3524
3650
3127
7046
2268
297
7369
9483
5034
3819
8206
6603
7363
2862
3145
9043
3566
3923
10402
960
8842
4254
6827
4316
2788
9475
8579
4348
8443
3876
7068
5976
6512
4827
5165
8185
4457
325
3643
1497
9746
5125
1118
9809
10129
4101
4535
2558
2454
2162
2427
2443
1134
4032
6968
7514
1748
7198
3820
5394
2789
1431
4429
8113
7129
5641
616
1964
6826
1890
5011
9160
2433
1043
9110
3167
565
5628
648
6256
4207
6958
2683
2181
2000
1434
10248
2091
8830
259
8417
7867
4771
5958
1031
5213
5448
3974
9923
6031
5269
6908
4852
8778
1689
3160
4000
1854
3384
5570
4197
8210
5833
4814
9007
685
149
8488
2259
9691
787
9784
4059
6845
10049
8933
2342
7393
6870
3788
3766
5638
2349
5815
8988
397
4843
6235
7657
3444
3771
8736
5669
3432
6179
8152
907
7644
3878
717
6397
2292
6591
1951
3502
1915
5488
3352
8109
4749
8428
5845
2290
3278
6644
6542
794
321
2913
6881
6151
7117
1157
6708
6224
7449
6187
9757
4329
6044
1921
10451
4918
1324
9703
9574
4860
3427
3705
1372
9312
6275
7196
10078
4878
4901
6408
6336
9051
355
1046
3641
4170
436
1439
5921
6620
1886
8884
7433
3424
2229
663
8181
1182
8436
8393
3527
3180
9233
627
10207
5531
2920
4672
5436
4139
8174
9503
6915
873
8546
4962
10149
9379
5838
8028
10246
241
2729
1967
4259
9035
467
324
8844
9587
2518
9046
5851
9740
7584
6385
8634
423
850
7699
10117
3556
2439
2568
9280
9116
6911
4227
3088
503
2324
5930
3623
2616
7529
5763
3494
6982
4577
4248
2659
160
1693
7439
7435
2584
5901
6305
3447
7329
1747
3851
7805
1980
7349
4767
921
2910
2679
3371
7447
1175
6781
6304
6728
2021
4354
5152
5920
58
4309
311
6352
5842
5405
1626
3289
4675
7992
9000
782
5593
2144
5769
377
7727
1261
3827
1477
5420
9167
7410
1936
1837
2799
9359
5452
9893
6326
225
6558
227
1923
526
4503
5500
4634
8159
5549
3391
5576
5545
566
1334
3983
2285
4406
8612
31
8190
9477
6367
2813
7356
5536
887
9590
2926
5261
10422
257
7183
10094
8659
5202
749
2695
8913
6354
6990
3175
2005
7239
9952
1362
10295
7934
878
7370
9766
2738
564
8207
5411
4118
7667
6170
7505
4435
7668
8311
9545
4145
1856
6010
1681
1278
7235
7530
3493
1025
5903
8587
2653
8427
3380
2079
3630
3266
6936
9581
858
3001
3624
4308
5726
9471
5821
8097
5512
76
8128
2236
8832
5520
4554
7932
619
7220
9048
1456
5667
9361
2656
8482
8338
2378
9956
1404
2206
7579
6794
1298
6823
2481
7715
9064
6742
7240
932
8608
8444
1522
9014
5953
3580
9206
6582
7567
1321
3784
2151
1130
6180
8057
8981
9099
10188
8859
5811
7799
4302
4037
9164
2380
6540
1072
7335
3236
7477
3234
6614
2406
3539
10356
6745
2711
9851
8888
8419
6280
5795
9822
9101
3270
7464
6372
8004
2565
1346
7325
2009
6141
6202
6662
797
2184
396
10405
9231
3342
8503
7133
4892
3151
7122
4857
183
3598
2160
8411
9336
10195
4792
10308
9095
1834
7620
2500
2024
9049
8375
7212
6185
10083
7918
617
2526
6635
5255
497
8027
124
1786
1359
3275
1262
8758
9212
2693
1546
8541
6284
4375
1992
9928
3811
2928
7702
3618
9098
6479
212
8358
387
7364
7886
3399
1288
6328
6737
3319
1639
8143
2352
427
3307
60
9539
1091
7542
6455
7576
10307
6351
8793
8255
6078
5226
4076
8763
7854
8354
6573
7786
3804
6277
8236
2752
3177
10218
7743
8065
4140
9181
5317
4068
1391
2847
2102
9680
7768
2042
5091
5993
6820
1383
1178
8461
10229
2218
8306
2130
6518
332
8012
10389
555
7084
171
7557
4326
1784
2519
9847
5262
10150
4896
2088
4882
5047
3777
1694
5243
3204
5308
5198
4010
6127
2842
9919
7879
6093
6592
3400
9040
493
4525
5466
5275
3812
5943
1727
6047
4984
3583
1624
9480
746
5485
4002
4092
8955
9634
10450
3645
8652
8310
2306
9962
2106
2963
10303
228
6677
9277
6278
3431
7147
445
8283
3287
8487
9965
6821
6801
5252
2936
4123
244
6971
9701
2227
8123
2725
9022
8852
7787
8151
1513
10081
3231
8560
2260
1242
8204
2514
6313
9417
5525
7365
10077
6279
2313
721
812
4739
2412
9502
4452
3940
5978
1739
8146
9628
4287
2569
87
6079
7028
9111
296
5019
2056
4461
1437
2455
4556
3260
7585
5320
5830
2077
3164
6666
563
5490
4021
5950
8335
1959
9173
5029
8142
7943
4755
3850
10315
9531
704
8412
7069
2156
7919
9177
9241
876
1319
1332
3803
7268
3664
8060
7238
2
9854
4821
7022
4811
1749
1138
367
6300
6933
319
6584
7658
2165
4690
5449
4545
5049
7737
5470
5946
3853
2538
759
718
9021
6624
7110
3133
4652
5581
2136
10387
9143
7647
2201
9853
3410
4870
1085
233
4411
6855
4794
10072
914
2625
3857
611
3667
5582
9648
6647
1014
3077
569
4592
8118
6797
9194
4813
2215
1102
1571
9730
6606
2938
1388
8468
589
8666
10436
2046
1508
4020
780
6283
8293
4211
10264
7515
4735
8312
2330
580
3732
4917
6311
6219
603
7501
9510
7909
6989
9086
2320
8510
6760
7753
1186
1279
1237
8327
3562
2537
5067
6616
737
4825
7725
5931
1864
6761
6312
1316
583
6792
6951
10291
811
5357
922
5680
8409
10172
4281
6566
686
1824
3620
9786
9102
10404
9200
8364
10225
8808
5327
6082
9713
10247
7740
8712
3002
1821
8340
10233
8866
8246
1952
8995
7742
7121
10090
1911
110
9063
8088
5678
2346
2970
6200
5836
9571
1978
4233
6288
4716
9261
5060
1120
6906
8769
5621
5078
6281
1254
8170
2196
1981
1875
9104
8515
3967
5884
8567
3608
7294
4301
8495
438
4816
1750
1581
10198
9135
885
7385
1410
763
3884
7818
3842
1634
3379
477
9122
6419
379
984
5789
7882
1910
3121
9162
9943
9478
3655
9512
6840
2661
8175
6510
1847
1722
7682
8848
4327
5700
2089
9538
7409
6892
247
3437
8782
3939
6978
5041
9187
8893
1078
6898
5421
6861
2577
1498
5204
3858
9551
3893
4625
6576
2591
1518
7149
537
3980
9373
7593
4957
7689
9118
8744
8184
8026
1831
10332
2615
5180
6991
3991
3687
6145
7338
2985
807
6581
1953
9313
3625
680
3272
4710
10251
5017
2512
3181
2149
3250
2029
6434
2959
2099
9632
6519
5970
8064
9225
9533
2114
5222
1521
6889
3821
10283
382
7651
4935
1865
6331
4943
8897
4360
4476
9871
3887
4606
4961
3351
8974
1449
3316
2087
7192
722
378
10275
9217
5066
2973
1366
7258
7382
719
2589
7275
6124
3126
3412
9705
9874
123
4157
3372
5872
6135
2657
195
5725
47
1816
455
9872
6448
168
10184
465
4453
9543
10227
1
3249
2371
832
7643
5510
1608
2272
4858
10048
8023
6095
10155
7731
8524
7231
9148
8332
1664
3762
1894
5873
9435
10097
3085
10297
9791
7343
5197
2816
7490
4777
8299
1828
8015
404
2411
3697
4724
4678
5655
8325
1646
5312
2995
2544
8911
3847
17
8095
10286
2980
5071
5594
7277
7900
1725
8173
2699
6303
8370
2774
6575
7631
4517
5571
7253
2423
3358
3489
1352
1558
8761
2787
9174
8639
6003
209
8232
2937
10
7829
7170
5567
10263
2498
3661
8179
8398
2515
5316
7767
920
7456
5495
4073
3957
2516
3497
7352
5048
6767
6267
8847
3745
6799
16
1905
4174
10306
7951
3390
8022
2014
8910
366
91
3867
9328
5493
6607
3533
10113
5676
9895
9024
9180
1065
10323
6976
2566
7427
5272
595
5313
102
3451
2712
9920
6439
7270
4706
9889
4940
4579
6763
8116
8835
2333
8956
2508
1507
671
6779
7564
5635
3282
9729
6868
8651
9788
1509
8858
6153
6608
2244
8976
875
6037
4537
6146
6412
9412
7915
7954
2640
7795
6848
5319
7625
5557
7493
5973
273
1015
2347
188
7672
6784
4583
986
5544
1142
2391
2457
7498
8580
6068
22
7839
8110
6596
2108
9152
8382
9108
4399
9589
1944
6557
9146
3621
2943
2909
318
5603
8723
5677
1364
766
3801
6829
10208
1370
431
2254
7969
5032
3041
2819
2608
4890
2044
4175
2901
2230
5985
5169
4310
10358
2766
10417
8216
5004
7384
1093
6595
5736
3916
8665
5211
7792
5182
3709
7043
1296
4701
10102
4154
4797
2854
4218
5898
6768
211
2441
8800
9211
634
7739
7095
1533
1579
5166
471
9089
1192
5129
6838
10426
4492
823
5770
1239
6282
5339
4518
9992
3271
3605
5355
5432
8
10203
4214
2876
1119
9567
2648
1788
3570
7120
6472
7736
5740
7512
6972
3227
6804
9142
7513
352
7262
970
7478
5489
3716
1342
63
6111
10269
732
1645
3525
5446
7712
897
3029
1466
2019
1656
9988
5941
2998
3461
4700
1428
2966
10316
7150
7820
7793
2073
2275
4017
3516
9310
7169
5609
7590
3602
9618
3677
590
6033
1680
9114
5690
6194
2540
6294
8954
684
2804
2396
6441
5409
2113
5389
1159
4318
8646
1253
3629
3830
3575
151
10119
9369
9452
2984
246
8377
8691
3627
5980
1274
5142
8600
4531
7480
5479
6748
1598
2552
1363
2145
3443
845
5315
7415
10320
2409
8292
7988
10278
214
8052
1470
10156
5777
7161
723
2084
10028
6522
9127
7965
9319
5217
5666
7167
6912
4282
1642
7458
8802
1544
6586
8684
7326
4428
5712
8009
828
30
7453
1168
643
10004
9418
7777
7862
6770
501
3265
2023
5431
9990
2109
6940
7562
2358
1453
8304
4117
7842
6081
9363
5349
1536
5820
1125
2163
3956
1484
3374
1191
7088
2052
3479
5687
597
3148
4393
5016
2950
6227
10240
8423
2096
9279
662
1284
9264
734
9517
2619
5367
3393
3555
3835
7137
1384
9584
7937
3144
9752
5897
7991
3485
3817
6948
10237
457
1532
7577
6226
3815
9837
7082
9010
6545
3347
6196
6209
9105
3219
2303
167
3576
7395
9155
8144
7622
2169
8161
7517
268
4283
6317
2866
2758
8485
5008
8520
5148
5629
8303
9305
6718
2006
7507
3468
8726
3863
1403
9381
7794
5881
6268
1170
4488
411
9925
5882
6700
3786
9485
7241
7124
9838
8048
6506
2745
2390
3509
1841
8823
6104
3422
3824
6429
4480
4099
9734
519
8202
2135
9792
2116
3107
4454
3438
1104
10022
5986
8397
3530
1139
8093
10280
5366
4279
4370
8694
8270
7827
9949
5602
1575
9624
1127
4786
3523
2735
5359
7714
6074
1063
5685
444
6571
4732
5696
6775
1349
8721
5052
5474
1336
2680
3731
10328
625
9215
844
1013
5099
7778
1933
9892
3761
5650
2578
5232
4057
1667
8734
5058
7163
3346
7910
9714
9236
7754
9807
5045
7723
4031
1024
7213
6678
6941
6243
2686
5127
6229
8401
9390
3831
7968
3953
2095
9166
10385
7154
5971
5221
2911
3775
4818
8390
3449
6685
6458
6993
3365
494
1769
6030
4752
9298
7029
5387
5829
2030
4970
7476
1241
3895
8586
6888
4758
8234
1616
7878
6119
3361
9939
5542
141
185
2691
8486
1993
8514
9744
1892
8806
1791
7013
1720
628
342
7990
3534
7391
7916
5161
3873
2214
5235
8122
3609
6450
1259
3581
4339
2234
527
7706
6094
9627
3943
3584
3961
5475
9913
8094
1785
8632
1755
3702
8705
2488
744
4622
1983
6873
6356
2895
10400
2535
8566
752
10093
4251
1613
7077
7470
4668
7926
376
1843
2360
6149
3046
6651
9058
3874
6177
739
4125
6949
9290
3875
1587
3754
962
3025
460
5335
4441
7399
582
9083
8160
4006
5631
8177
8070
8433
7193
3712
3720
4976
1141
9506
851
3375
6410
6258
6782
6360
6546
4086
5276
1976
3586
459
2483
7083
6297
655
2702
1347
9039
5709
3310
10230
5390
2252
2008
4835
9810
6808
9897
2849
8124
2070
6679
2861
9972
6290
8741
998
5673
9594
8795
5107
1732
4927
4938
1029
329
6681
4331
9645
1975
3436
1310
2010
4734
3105
1171
9747
10136
8869
1445
5765
4058
6493
7718
7633
4841
7413
4304
8628
8804
9303
4153
8711
982
2470
991
903
3225
3211
8294
4113
912
2815
8018
10219
5719
4245
2310
5992
2983
10009
181
2449
2241
1852
96
624
4783
7155
10176
166
706
1152
10116
6751
5605
7244
2739
1548
10390
6962
6016
6223
7030
618
682
8516
1844
3213
3949
6979
4121
1286
5005
6955
7440
10329
10066
5037
10271
4369
8163
1446
4048
7640
1145
6577
5732
9692
4992
7790
10423
1184
3402
9386
827
7764
5200
299
1273
5890
7511
2450
2607
1874
6214
10214
9297
3465
4581
4371
9002
5684
2674
735
6756
7243
2146
825
5293
8068
8316
2231
109
6957
8034
8098
3467
5938
2257
45
4004
945
8384
10037
1413
2003
7788
6814
2074
2317
9592
2734
5597
1398
3644
8700
3321
5801
2875
3500
10397
1079
4772
152
4568
7097
1067
9267
425
9042
9588
9983
9600
10110
8344
294
3045
6589
8138
5889
10364
7597
5608
6251
4230
5854
8764
836
8779
4403
9989
9365
2975
934
4430
5246
6369
5278
3118
8906
5396
3548
9637
9849
1409
1805
5501
3582
966
3715
8343
3348
4898
9630
4743
8945
9239
894
1960
10393
4565
2121
2323
8788
2556
5291
8256
8973
1075
1907
2328
3557
8826
2207
1110
3944
4122
1594
7670
1771
775
1938
5776
3769
2053
1037
514
8037
3549
9603
8360
6996
9183
9819
6464
3841
1815
4340
4731
8227
1503
3439
3355
8620
9329
4235
9426
7396
2722
2460
10038
10185
8577
5627
9511
1848
881
9207
8609
9636
6766
8296
2168
5574
7612
452
7997
1248
1073
5579
390
6723
7884
4604
742
8075
8661
750
3017
10378
10140
5346
7613
9976
6905
6764
6156
8455
10241
6480
2762
8885
4114
8918
5880
4965
1086
6547
4643
10343
796
2981
3610
1021
8626
8768
588
6916
1773
5036
7
2326
1991
9318
2403
9834
9776
2930
9518
7224
5962
9375
1000
1955
9496
3654
4144
9431
4738
24
8273
1386
10052
2912
5968
6257
9688
1389
121
2685
2107
3742
2878
561
1796
7685
10276
9646
1280
5181
1997
5839
6610
4040
1963
7102
7280
7895
3749
720
5917
882
2435
3280
2797
9356
6133
3189
1234
795
2715
9469
10212
7504
75
5174
8035
8458
155
2893
646
4626
1111
695
6065
9899
7362
3904
7481
3535
3197
7905
4047
6665
3900
9722
6874
6720
2282
5852
10138
20
5444
3730
5991
5810
4515
1350
8985
6871
1295
7323
909
9248
3053
2700
10064
8282
2772
10386
3457
7950
2291
2613
7319
6123
1609
2546
7626
7779
3018
1122
10391
9651
6999
5344
5130
2255
3918
9405
3120
7527
4119
2361
5247
7639
5922
9508
6414
2083
10115
5530
2747
7078
4224
2202
2567
8367
7418
405
3244
7073
8362
1610
7327
521
9440
14
7023
3973
6643
2337
620
6806
3814
2637
4181
5459
5260
9234
6005
4615
1471
1064
4050
1517
8724
8909
4791
9393
3883
10187
852
8678
7346
10311
2513
6320
1728
8230
224
4658
8248
3564
7246
8732
4782
3401
5523
944
6992
4526
3508
4475
5560
1235
6296
1547
6469
4062
5104
1977
4386
5888
4222
5546
2643
6657
7561
8597
608
3315
4286
3116
3591
8195
5786
9028
2784
9860
4875
3848
860
8512
7012
4952
10260
9907
8780
10337
6255
4649
5343
5121
8876
1781
4639
357
7608
8899
3759
5031
8643
4313
5245
4845
606
6747
295
1912
6197
8483
10244
3929
1231
205
4176
7472
6271
10089
7632
3037
7417
6621
2703
4163
6618
9996
3986
10383
3975
5110
2157
8748
9970
2125
9555
4914
2934
7119
6321
1022
2617
9741
790
2209
3798
413
265
2638
9505
549
4285
5365
5014
4064
8617
6055
1047
9466
6444
6106
9147
2812
3507
5767
9103
1723
1650
5212
3407
6810
492
3780
7840
7568
4379
8827
3913
8926
4168
3792
613
2597
4971
4502
6220
9454
857
4780
6481
201
2028
5695
5406
6977
4402
7366
10342
3971
10326
8986
2277
8862
7125
9349
10063
5155
530
5793
2511
4876
8269
1030
1345
6705
10118
3098
4347
7014
5997
10070
5559
9961
8915
9421
3699
7400
5759
9869
3540
7131
3995
450
5661
3284
6250
9686
4925
2148
9759
9012
5954
1044
4967
8967
2618
6265
7314
7261
2668
0
4703
6564
1080
2704
4819
4385
6865
6598
8394
2286
6009
3910
9204
8614
2681
4998
9495
6622
6454
7957
10441
6611
9500
7142
5918
6715
197
4060
5939
2652
6830
3150
52
2533
2239
7152
2748
5688
2954
5342
5691
4027
1264
4135
40
2182
1583
2886
3552
9324
3781
2183
1820
6175
936
3296
6062
9561
1766
3414
1090
316
10013
9612
6975
3595
3838
2593
6813
5625
6373
3674
10381
7296
9161
5644
9767
7604
4924
364
4141
7837
5467
5286
1705
4023
1027
4413
8598
10445
7357
1314
5371
6502
7093
1452
10154
8291
8970
10440
2696
9760
9813
4270
8490
9616
4061
7652
8438
4584
6893
8470
4633
3751
995
463
6946
8539
8416
453
4035
1835
292
2884
4919
7874
2359
3349
605
5087
1473
8759
6891
9391
6818
10433
2098
2022
2072
491
7408
2721
3004
4908
7572
7462
7861
9652
1451
4648
10132
1202
9226
9572
1480
8474
6954
9120
9911
8469
5552
6285
3074
9294
7127
5642
2633
1736
8066
5429
8406
1893
5289
3409
2941
3526
1589
5714
3339
1148
385
2977
2382
5250
4486
2554
8958
5728
3124
8710
2103
3504
5927
725
5662
7201
9060
7897
9493
3336
9532
632
9642
4022
476
4799
631
7543
6769
7259
4367
9693
9698
2814
8372
1482
4186
37
8491
2639
1801
12
8447
2240
3158
1222
6461
6997
6057
8692
925
4916
1734
5102
9580
4184
7448
2641
1443
10235
5205
8561
2261
9343
5762
3911
7650
2175
5623
3200
4930
4440
2697
5028
9414
8439
8166
4955
6947
6860
3471
6167
4558
1861
6337
3733
7499
1880
1189
10250
6882
3166
9255
8760
6746
2262
6435
1365
3112
4722
8990
7538
5796
7168
3829
8868
2082
3928
9344
7471
10019
1810
1232
5639
3071
226
6446
10335
10430
4939
8407
1162
6004
9997
6701
7717
7054
9123
862
7184
5514
8078
5038
365
10026
4832
9449
2335
1311
9723
8642
4011
5088
4109
5704
2945
9424
10284
8850
5827
2879
6902
7618
9126
9408
5391
5283
581
5154
6000
4082
5253
1488
3729
4499
7025
594
6653
1654
8379
389
5517
7100
8371
1563
3047
10362
2521
4663
553
3454
2221
9254
4066
9288
8938
8765
4593
4956
8882
1165
3210
6517
2424
4395
7798
4715
3137
9706
1011
3091
8275
5654
6049
8032
2499
4699
5310
4356
575
10249
3503
55
43
5237
8892
8467
6664
4932
943
2004
142
253
5558
9209
9251
9821
3518
4530
4973
3568
8074
5434
6497
8854
2956
6695
8824
113
10016
9957
7629
7545
8821
3222
6877
5140
1019
2900
8690
4458
7550
9389
5381
8155
1754
760
10261
3696
1224
5402
3291
8212
4846
8917
9544
7341
576
3100
38
4112
9156
9032
754
6995
9096
1584
9075
4946
2472
562
54
7780
10425
774
6963
8944
5599
4055
7094
4589
4979
3491
5772
2357
254
1735
9208
2243
9317
1341
5832
9402
7144
533
7748
7300
8276
5322
9376
407
9641
3960
8630
853
2822
8307
2319
8743
511
784
7333
4912
3460
3330
7492
7312
4271
9338
7883
9371
8107
6952
3954
4474
9327
6130
8222
7208
2376
6561
5050
9798
1082
3606
3952
8100
2497
8878
3898
5141
4456
6503
8942
4671
5835
652
804
3153
157
4240
10421
10204
2914
6359
2442
8096
917
949
7563
8697
9993
7801
10253
928
8011
7589
3996
9974
8480
4836
2420
5761
4374
10166
6803
10355
7101
4434
394
8235
3114
8290
3864
7172
2506
9263
485
727
10178
6530
9448
9780
4185
3836
1851
10372
437
6777
4549
4049
1701
5176
8044
2927
5326
6526
3357
7040
7976
8957
859
2002
4510
5565
6459
5219
2932
351
449
6753
5184
6218
6798
5203
8531
930
4194
4183
965
10432
6144
810
4751
5105
5109
2731
5595
8141
7139
7076
5292
1438
7555
3370
7053
8104
7027
270
7218
5301
1301
10162
7290
9750
8992
333
5860
3031
8413
4193
7252
10032
1606
4966
9525
6045
2820
2421
2413
5263
6508
2839
3220
3482
7838
557
193
5863
946
4361
7591
7108
5734
6809
3908
4166
170
3521
4959
5153
10180
2178
7922
4921
308
6
3378
2315
8500
3415
5064
6630
8425
3138
9755
2501
7761
9195
9575
601
8971
208
5727
8148
5447
4712
1540
2448
4110
6786
1493
1339
3596
9413
2100
7071
303
5988
4806
10392
2670
5708
3588
5670
7506
1555
6788
406
8625
9302
1244
3758
3945
6659
6730
10267
8715
5932
953
7791
2634
4552
2955
3752
9074
1838
269
10039
838
9599
158
7972
1066
7337
2894
677
2768
6552
10325
607
2905
4798
9269
8445
8611
8596
7295
2140
8239
6617
2860
10353
2018
1899
8025
714
10294
5139
2716
9406
192
9273
6778
9994
7773
7675
4252
5611
3488
2491
1987
4981
4491
5077
9404
6096
7686
2536
773
3055
6887
3542
4376
1909
8568
6457
2120
9901
5364
2007
4705
3477
1312
6567
8707
2669
10454
9885
886
7130
327
1071
6245
6939
169
2817
7823
274
7912
7302
5160
5791
3381
8313
3416
3865
3805
1238
9494
3059
3238
10394
2355
1663
10346
6098
6463
1457
383
4324
8414
2888
4416
3156
6249
9509
4250
9295
1305
126
958
8266
1688
9563
9011
4763
8087
2280
10437
8257
7426
4383
1733
1197
1322
2832
7598
2493
8422
2811
2389
1195
7987
6113
7488
7328
7019
8836
7260
3102
651
8968
7535
3261
8523
263
1394
9025
8366
5735
5974
1746
8251
3833
5844
2682
8664
8158
7286
6918
2223
1005
3096
3672
7374
5737
9802
5906
8733
8635
6436
8351
3879
10024
8281
1287
3083
5445
9607
61
2733
4730
6904
9396
6482
10333
7347
2921
2673
6500
6682
5554
4417
10266
6409
3033
5061
870
9132
5652
4288
6699
4747
3408
10221
9100
7984
9690
2833
5613
8117
6917
4505
9004
8558
8105
4576
9737
6585
482
8218
5764
2635
4905
3199
9308
1998
1527
6597
2760
5904
2336
7442
5300
4196
9876
9916
2988
1001
4796
3063
5983
9742
3560
9967
173
6731
2461
707
4997
7566
4709
9030
3021
645
8813
3076
6864
4409
10171
8435
2755
9076
604
7278
1271
3302
3417
7010
8978
5265
2557
691
2049
6555
4380
9066
4312
10446
3979
345
1228
9331
1098
9914
1520
94
4886
5081
5803
7307
5337
104
4177
4784
1826
673
2896
5656
8674
8919
6601
2344
4477
3301
6793
7045
8799
6885
3044
410
6129
7898
500
5043
3344
8934
4988
2931
4707
4469
8426
7048
6725
3395
5504
2737
7473
4215
5106
6560
1344
3849
3765
7695
3892
3856
10298
9586
7863
2543
10331
4260
8904
2744
4412
883
3294
5702
8223
9877
2623
9265
1988
6884
3614
33
919
971
5354
1721
2520
3230
6066
1904
8001
689
630
4343
5273
6562
10296
130
2869
4516
3665
4143
6735
6698
7570
6319
8757
8895
5981
8059
7908
7547
9695
9078
2401
10200
191
5423
8930
5328
6023
6102
1934
4016
8466
8875
1161
7035
3458
8331
1706
6924
5413
7683
10060
2037
6636
2012
248
3123
9910
1830
