424
2238
1628
358
1949
2442
669
2180
337
1566
1832
1049
693
1846
427
1050
923
977
1562
64
2251
2150
2264
148
1858
1045
1477
498
935
1918
1951
1391
662
761
1013
2152
389
1837
931
878
1893
1055
1300
997
1333
1707
1950
1415
1036
2402
960
985
216
245
1353
667
2342
2490
1038
2195
862
631
1234
815
1785
1155
984
788
544
806
1207
13
2234
1108
877
2294
1734
2070
543
318
369
1598
1376
1012
1493
2245
1379
548
70
2015
2398
1748
2458
355
2004
1011
591
1861
1339
2300
1726
172
1920
2261
1009
234
449
1072
1679
1129
1742
2457
455
504
1079
21
1883
1159
471
678
426
2325
154
2454
2487
266
1645
254
368
1305
1460
1331
969
1985
520
2326
922
691
237
1192
882
1141
285
2194
2405
294
231
708
1737
622
1905
2202
113
62
1322
371
1411
1972
250
1983
1078
1974
776
2109
1280
1086
2477
1877
2016
1480
2026
2079
436
1838
1180
2414
602
141
1808
916
1029
165
717
275
839
1760
2082
1315
726
822
911
592
2219
1068
1953
1749
1830
753
1482
1873
1263
1820
244
405
2450
883
831
314
1948
1800
1031
768
787
180
2313
1998
2298
937
1768
594
2187
1778
69
1115
1735
1661
1560
1627
1547
1610
75
302
886
169
1319
1622
531
93
140
454
957
2078
47
1112
359
322
2189
209
1623
2244
1188
925
767
1523
2270
2149
388
2083
2426
5
1025
1978
996
530
1237
340
1946
1374
228
1123
2327
988
1178
2433
1219
2235
1205
1211
1456
2268
1134
2118
1368
2239
1691
771
950
1158
1048
694
1831
251
563
1377
1193
1289
2054
2053
616
536
1960
1486
1401
1235
924
101
1865
2027
1678
2379
304
1584
2039
1402
2071
971
1890
2399
1976
2371
630
1615
450
2447
1144
37
2076
1000
2406
1133
139
138
94
1261
14
1169
1283
2250
1251
1432
1559
1076
1015
1295
2204
1565
1572
1818
541
1675
2019
2336
2124
1891
2206
104
650
2437
87
1587
1088
1438
2452
1569
360
238
2449
188
1361
270
748
1464
1330
633
1358
749
713
1355
2164
1022
1291
2192
1039
1245
2017
889
2211
2201
338
1441
86
1258
1967
1713
399
10
170
229
772
215
1626
795
1730
1892
125
1277
168
1208
2024
1206
785
2461
2482
858
2361
1747
773
356
534
533
1222
1880
1535
2163
2382
1966
989
1241
230
2276
2179
981
926
892
1120
2035
307
1557
481
2347
2088
1149
2156
1364
1198
167
432
46
556
2167
414
1260
1750
1475
1329
2157
542
160
1190
1503
1835
677
1082
909
501
328
423
2089
2111
1098
1194
2037
1647
1491
2012
362
1850
323
2289
2258
2173
509
1530
900
2064
1817
2453
1497
130
45
2181
482
1798
1196
2333
232
2208
1790
572
2112
565
419
402
521
1957
2198
487
2038
2072
2104
1436
1625
2114
1103
1467
1757
549
404
2485
2488
1714
1047
120
1337
1137
2107
1053
50
786
1860
480
1517
2343
1710
2366
1959
1945
2115
2370
2148
2486
2009
809
1633
1911
672
115
712
870
1522
1114
287
628
2381
798
1292
142
1410
725
797
1228
610
1881
2328
2259
1819
942
2
1021
1109
970
545
554
965
2305
1878
821
626
1640
1272
2030
2444
1829
502
1558
1813
724
74
2497
1007
396
953
843
1070
446
129
2434
2284
849
668
2309
887
2422
465
516
65
998
1602
2049
1784
132
261
1853
1869
2047
280
1887
2410
364
506
1940
1229
645
2155
2331
874
1071
2346
1457
2302
1451
1065
49
281
2122
391
557
155
1847
1916
1148
1544
515
873
1930
2029
1383
2142
2060
41
1297
651
332
2460
699
186
1461
2368
914
466
2464
2404
1607
635
1578
865
783
2116
2248
255
1389
1597
756
517
948
529
885
1656
55
2427
1166
72
1780
664
674
789
1606
941
721
994
2222
2459
1528
1302
1431
1284
290
1168
375
1781
853
397
780
1608
1024
1746
1507
1984
2496
1004
1791
367
1500
1453
1447
1526
2135
762
1496
2471
552
1308
1870
1332
692
1139
1422
2493
1239
582
351
928
625
528
1654
1616
1118
1203
1767
1612
430
1773
1848
495
497
1516
1236
2391
1706
2221
2446
1889
1788
200
1393
775
2348
2069
1701
1909
293
2384
1689
2365
2335
2136
1340
82
477
995
1001
79
2023
1903
1979
331
259
613
1527
859
1370
690
1685
2352
1445
2232
918
1397
474
1062
1787
1546
1317
343
1213
1793
810
1259
1318
558
615
447
499
986
1677
644
1629
2310
2291
974
991
1807
1430
496
1648
2168
898
1924
532
987
1513
1150
1939
111
1127
124
1639
539
1395
2097
2254
2340
2478
1427
1589
60
1085
1739
1741
1221
1225
1423
274
1083
1093
1248
1509
309
1941
1816
734
2378
891
676
381
993
1474
2387
1715
2161
1621
1505
153
330
904
336
1309
2233
1660
680
2190
2226
751
1216
2133
33
2228
1204
679
81
2005
333
1554
1502
624
1226
2413
1886
296
162
512
157
1182
214
1777
647
48
418
1419
1937
1170
1344
1649
1667
1092
440
1826
479
743
560
838
1091
1529
1552
2265
2407
2153
537
1533
1014
2377
1162
727
2423
1275
1947
2465
2165
2103
1191
1716
2468
108
1954
1725
2087
1964
306
1094
829
569
353
1958
2419
1063
1899
854
2242
1151
511
2121
2199
1276
759
553
386
1825
1433
2463
123
1097
2295
840
1484
612
2099
472
1580
568
1857
2193
580
2396
807
1700
1674
1250
1106
1371
143
2412
1931
382
1107
2339
2196
71
975
1238
461
2249
1721
1635
1581
2046
2213
2275
2154
1080
2480
1687
1075
2119
212
1995
2057
42
1212
856
1901
2100
1479
159
1156
782
2188
1666
1035
2041
585
586
218
2321
2169
295
22
551
2247
507
2394
1722
555
1142
52
357
2263
1161
431
2441
1802
774
374
2145
220
1867
1301
919
921
1938
876
1356
570
562
97
1385
2013
681
145
2040
2220
2337
2306
1016
932
1652
131
2056
2184
1387
2269
524
2260
1390
646
1593
1104
310
1849
745
269
1321
1043
910
1936
2095
260
2230
2479
2086
801
225
1696
1699
114
1563
242
2106
2091
1394
1942
1240
2395
1347
448
1683
366
1576
30
2421
834
1932
704
567
813
1531
442
303
1367
1262
828
1117
1898
1296
564
226
943
383
2355
453
2021
2349
352
510
2319
1362
1247
1659
929
1357
1267
698
1041
1981
2241
1682
1028
191
198
1327
2440
133
363
684
1511
1179
1498
412
513
2252
1008
653
1428
575
1214
1147
2134
2253
1604
27
1868
1797
2323
1928
2043
706
1089
1399
2237
844
1866
1692
2389
2143
2383
2350
1360
697
1056
1657
930
2159
248
863
1090
731
2010
2418
243
872
387
682
1591
1705
792
2209
149
593
152
1081
1366
913
161
1882
347
2451
1473
1543
820
217
2466
370
1299
1590
1412
1200
1334
1520
648
2170
2279
1064
1952
409
1020
2231
460
2301
1201
868
2317
1414
908
146
805
1637
31
1875
1727
2011
2110
1851
1540
312
61
2178
1879
2075
2367
765
2223
1632
1927
1185
68
596
1131
1320
32
236
508
429
719
689
43
85
632
158
291
945
1388
2138
2432
1336
19
1681
1844
777
1795
620
1538
283
103
523
411
1996
197
1708
1459
1378
1354
871
1095
317
1796
686
1782
2481
1695
1772
1271
1230
109
265
393
1458
1779
1752
1693
1609
1468
1183
2008
525
211
1450
2272
2277
1288
2205
660
2274
2092
1902
888
56
1440
177
2360
643
233
855
1987
2283
1069
2409
2006
379
939
1549
267
398
1407
1157
2200
1804
187
1672
18
597
642
637
117
573
2229
106
1910
1342
1040
176
793
1351
2420
2262
354
1380
1908
1487
1568
2474
1842
121
1763
127
1449
17
1281
224
2044
2307
2117
2073
1977
175
1545
1256
1897
63
546
2105
2137
836
992
837
833
605
1202
240
1434
2032
485
2281
1664
652
1348
35
284
1113
107
1372
1268
1167
12
221
881
1619
1724
1304
1384
627
1824
1642
1720
723
590
1863
2282
656
350
36
39
1827
576
1673
1019
2255
1971
2127
1655
421
2036
1138
907
1989
2126
973
372
1561
422
1096
192
1774
51
1381
2048
547
1403
1485
470
1643
589
1398
491
958
847
1815
1426
1594
848
1803
1279
1429
2050
744
1630
1841
1316
754
2191
1099
2062
640
1508
1217
1567
88
845
963
1906
28
1638
182
730
1125
102
2445
1311
1446
54
1060
1550
1352
1249
415
346
1755
621
2316
2435
2401
150
1723
400
1386
407
128
1242
59
1532
2288
239
816
2203
1923
1738
193
2364
1128
879
758
164
443
1855
1061
770
249
1614
1481
1452
100
1135
1087
641
671
1521
732
1955
437
1488
2090
972
2341
1805
1943
451
959
190
1600
456
1023
1164
1997
2290
864
527
66
1067
2257
683
823
812
938
80
2353
1859
44
1174
1244
206
1933
1501
305
800
1712
288
1663
1514
1105
955
1472
1005
1852
361
629
1999
1586
1603
478
252
673
11
468
2376
1556
1132
1914
1758
2462
980
763
1968
936
718
0
1990
2003
1577
1253
1223
96
1970
742
1307
866
818
983
1495
1510
2491
2098
151
696
999
1002
1991
2416
2403
1834
1676
1935
2236
566
1499
195
334
311
902
1231
179
779
2130
1269
1152
1579
1624
1404
949
1573
2375
2147
1743
716
2312
2424
1027
147
1961
2031
262
2324
2216
83
339
223
897
126
2476
808
1912
344
2125
459
2456
264
738
2280
2218
469
166
1907
666
2240
1489
2102
2354
2014
2345
944
315
2243
1669
550
253
1054
860
649
122
769
1359
341
2028
1346
857
654
2085
2174
2144
794
1542
2303
835
1066
199
1285
1775
92
1282
134
603
535
817
598
1010
1195
912
1266
1684
599
2000
1548
1136
1
173
1904
2108
1126
1537
2448
1915
1583
16
1740
1986
2212
2022
282
2063
2059
700
579
784
1839
135
256
750
500
670
136
2171
2408
84
1922
57
917
1653
901
1539
1224
23
492
1571
1375
1210
2256
2438
408
1101
222
2332
325
940
781
2101
2439
659
1073
2431
581
181
2358
1719
657
1506
119
342
300
1264
1759
1058
377
2215
1140
1525
1588
2495
1227
76
1884
2224
490
1439
1776
1293
438
1160
2357
2311
2428
273
1789
2197
2286
714
174
736
2225
1465
1425
384
1711
920
1442
561
406
661
571
2344
2299
791
390
1252
7
1017
1303
1641
2372
9
1761
1181
956
2271
434
966
324
1365
247
895
2151
95
1944
1754
1969
2081
2217
1704
1324
1993
1215
98
467
1187
1037
711
850
1618
1871
2207
2415
1786
2425
1821
1335
851
2400
705
2273
2074
1963
2051
1350
583
961
25
1466
2483
258
1765
2077
2369
2183
1651
58
811
271
1121
2373
4
1555
441
790
1888
861
617
2084
2492
710
1119
1992
378
687
420
483
2430
2067
1644
2472
1163
1731
2363
1326
2494
313
1975
1287
1312
2160
1980
658
458
373
1406
1392
1396
208
1110
760
2320
2356
1273
137
2386
1033
1762
40
77
976
559
1469
2175
757
1956
2489
425
1613
740
634
1046
764
1171
392
1769
1962
452
1059
1405
156
1233
1919
2362
2397
2131
1186
376
2380
1030
2469
2443
2475
457
473
2314
227
2186
824
1338
1232
1435
1921
1246
2498
2141
655
1534
1323
2066
1783
2473
1243
1843
1551
1575
1382
982
349
1564
1694
2246
1416
276
1006
2210
1424
321
890
1400
2128
1751
2417
488
741
1823
967
489
739
826
722
1255
1524
1437
1836
1173
846
899
1605
1595
2080
814
494
235
1084
1298
2470
201
171
417
246
395
319
1026
410
1894
1417
1420
852
2033
203
413
15
365
1286
1476
1718
608
979
1003
1122
1650
1732
804
1492
702
2045
1363
540
1864
1176
1717
316
2411
1617
2002
869
2308
476
1729
623
587
1876
503
2001
326
867
1032
1733
1670
1812
2025
601
53
2061
1257
1409
2385
1051
1634
1057
1686
2214
1345
729
695
2094
2129
1184
1197
2296
202
327
2018
968
1541
1270
1349
2140
2292
1254
1988
2359
1771
933
1444
505
2182
1833
1553
1570
105
462
1278
1463
1611
703
1799
2304
1862
2392
663
830
1306
2096
90
1917
1703
2055
1074
1218
2185
990
2266
1153
2390
578
2227
720
2484
289
1698
927
518
1100
1929
1111
577
1102
1994
1313
1369
1421
1728
2322
1736
348
183
1478
896
685
709
905
978
1636
219
595
946
1856
1809
1668
1443
1753
1189
91
934
279
2132
1973
746
263
1801
522
1343
335
752
29
1631
1756
1806
1665
884
588
204
1662
2166
196
184
110
675
609
308
73
24
1658
320
766
2007
735
755
2093
2278
403
118
2318
778
606
486
915
292
636
1982
1116
1274
1471
205
954
1845
611
1077
20
112
1585
2285
1885
1515
2042
842
841
2158
2052
514
380
1792
1574
475
1042
210
99
1172
185
1745
665
2172
416
1034
893
2455
906
2020
538
297
2065
1822
638
1018
116
1310
802
493
268
619
2374
144
1794
604
67
1874
1418
2146
1770
286
178
329
618
2120
688
2177
8
1413
2334
819
2329
428
1599
875
1690
1504
1518
1314
1145
1052
1290
607
1697
964
2388
1483
272
1265
1840
1671
519
2287
6
2267
2139
1596
439
799
2467
1454
737
1926
257
1965
1199
574
278
1512
880
1494
1646
213
89
707
2436
962
1220
1143
1913
584
194
1810
189
1811
701
2315
1854
1130
1766
1373
2351
2176
1744
947
301
2162
1044
715
2123
345
1814
827
385
1462
1582
394
1124
1490
903
277
1519
2393
951
733
38
401
299
614
600
747
1177
1325
241
2058
2293
1536
484
728
2429
1175
1925
1341
894
1146
1895
1328
952
639
298
1680
1470
163
2330
2338
1896
1154
1408
1900
2297
803
78
444
2113
464
1601
1764
1592
825
1455
1872
796
1709
526
1448
1934
2068
207
435
463
34
1294
832
433
2034
1209
1688
1828
1702
445
1620
26
3
1165
